N1,N2,N3,N4,N5,N6,N7,label
60,60,0,1,0,1,0,1
70,70,0,1,0,1,0,2
70,70,0,1,0,1,0,2
70,70,0,1,0,1,0,2
5682,1565,4117,23,66,13,10,0
1556,769,787,17,134,9,8,0
62,62,0,1,0,1,0,1
60,60,0,1,0,1,0,1
883,126,757,2,30,1,1,0
70,70,0,1,5,1,0,0
1622,1137,485,11,26,7,4,0
66,66,0,1,0,1,0,2
289,134,155,2,30,1,1,0
70,70,0,1,0,1,0,2
66,66,0,1,0,1,0,1
184,94,90,2,29,1,1,0
14705,6415,8290,26,149,12,14,0
66,66,0,1,0,1,0,1
618,432,186,9,17,6,3,0
62,62,0,1,0,1,0,1
62,62,0,1,0,1,0,1
66,66,0,1,0,1,0,2
196,102,94,2,30,1,1,0
70,70,0,1,0,1,0,2
101952,6925,95027,143,333,72,71,0
70,70,0,1,0,1,0,2
66,66,0,1,0,1,0,1
1286,782,504,12,361,7,5,0
168,78,90,2,29,1,1,0
70,70,0,1,0,1,0,2
2933,1237,1696,12,20,7,5,0
177,94,83,2,30,1,1,0
816,102,714,2,30,1,1,0
66,66,0,1,0,1,0,1
94,94,0,1,30,1,0,0
211,110,101,2,30,1,1,0
70,70,0,1,4,1,0,0
156378,5406,150972,165,383,60,105,0
767,102,665,2,29,1,1,0
361,118,243,4,33,2,2,0
70,70,0,1,0,1,0,2
4900,904,3996,16,97,9,7,0
5715,1432,4283,19,15,9,10,0
4962,2551,2411,19,144,10,9,0
5415,1730,3685,20,120,9,11,0
60,60,0,1,0,1,0,1
74784,4781,70003,122,171,55,67,0
260,102,158,2,30,1,1,0
1904818,59945,1844873,1747,162,498,1249,0
66,66,0,1,0,1,0,1
195,102,93,2,31,1,1,0
66,66,0,1,0,1,0,2
62,62,0,1,0,1,0,1
70,70,0,2,7,2,0,0
70,70,0,1,0,1,0,2
2125,1041,1084,11,87,6,5,0
15234,2503,12731,45,135,20,25,0
62,62,0,1,0,1,0,1
22513,15188,7325,69,517,31,38,0
62,62,0,1,0,1,0,1
289,102,187,2,30,1,1,0
70,70,0,1,0,1,0,2
182,93,89,2,31,1,1,0
229,90,139,2,30,1,1,0
136,136,0,3,14,3,0,0
70,70,0,1,5,1,0,0
19693,1957,17736,49,32,23,26,0
17128,1499,15629,24,25,9,15,0
4654,2499,2155,17,31,9,8,0
669,669,0,1,0,1,0,1
70,70,0,1,0,1,0,2
6378,1571,4807,23,315,12,11,0
70,70,0,1,0,1,0,2
129,129,0,1,0,1,0,1
70,70,0,1,0,1,0,2
48320,1685,46635,57,126,22,35,0
70,70,0,1,0,1,0,2
62,62,0,1,0,1,0,1
138065,109491,28574,429,186,230,199,0
2403265,93626,2309639,2795,243,1103,1692,0
70,70,0,1,0,1,0,2
60978,3794,57184,73,137,26,47,0
220,78,142,2,30,1,1,0
1056,682,374,10,15,6,4,0
70,70,0,1,0,1,0,2
216,98,118,2,30,1,1,0
21625,7638,13987,45,48,24,21,0
1466,856,610,13,27,6,7,0
3558,2453,1105,17,15,9,8,0
60,60,0,1,0,1,0,1
378,192,186,7,41,4,3,0
8628,2898,5730,20,144,9,11,0
3155111,84086,3071025,3163,75,1072,2091,0
66,66,0,1,0,1,0,1
10454,4931,5523,21,30,10,11,0
1346,918,428,10,31,6,4,0
66,66,0,1,5,1,0,0
195,102,93,2,30,1,1,0
276,118,158,2,30,1,1,0
194,87,107,2,30,1,1,0
70,70,0,1,0,1,0,2
4043,1781,2262,19,128,11,8,0
5157,917,4240,20,360,10,10,0
66,66,0,1,0,1,0,1
193,102,91,2,30,1,1,0
66,66,0,2,8,2,0,0
135,135,0,1,0,1,0,1
194,102,92,2,30,1,1,0
62,62,0,1,0,1,0,1
199,102,97,2,31,1,1,0
70,70,0,1,4,1,0,0
195,102,93,2,30,1,1,0
2356,1309,1047,16,31,9,7,0
211,102,109,2,30,1,1,0
3063,1813,1250,18,16,8,10,0
742,88,654,2,30,1,1,0
33489,2768,30721,44,121,17,27,0
210,110,100,2,31,1,1,0
825,99,726,2,30,1,1,0
70,70,0,1,0,1,0,2
70,70,0,1,0,1,0,2
66,66,0,1,0,1,0,2
70,70,0,1,0,1,0,2
70,70,0,1,0,1,0,2
70,70,0,1,0,1,0,2
70,70,0,1,0,1,0,2
62,62,0,1,0,1,0,1
761,100,661,2,31,1,1,0
29241,2457,26784,48,171,24,24,0
143,143,0,1,0,1,0,1
6397,2103,4294,17,26,9,8,0
66,66,0,1,0,1,0,2
70,70,0,1,5,1,0,0
66,66,0,1,0,1,0,1
1638,1324,314,10,15,5,5,0
234,93,141,2,30,1,1,0
66,66,0,1,0,1,0,1
66,66,0,1,0,1,0,2
146,146,0,1,0,1,0,1
62,62,0,1,0,1,0,1
97,97,0,1,0,1,0,1
890,126,764,2,31,1,1,0
183,94,89,2,29,1,1,0
873,126,747,3,31,2,1,0
70,70,0,2,7,2,0,0
70,70,0,1,0,1,0,2
62,62,0,1,0,1,0,1
70,70,0,1,0,1,0,2
234,78,156,2,30,1,1,0
66,66,0,1,0,1,0,2
6345,3495,2850,18,120,9,9,0
66,66,0,1,0,1,0,2
136,136,0,3,14,3,0,0
2001,1107,894,13,150,7,6,0
70,70,0,1,0,1,0,2
70,70,0,1,0,1,0,2
66,66,0,1,0,1,0,1
168,86,82,2,30,1,1,0
70,70,0,1,0,1,0,2
77821,4380,73441,82,53,23,59,0
6883,1378,5505,19,131,9,10,0
222,78,144,2,30,1,1,0
4344,2189,2155,15,126,7,8,0
602278,26008,576270,748,396,317,431,0
698,320,378,10,16,6,4,0
8208,2080,6128,24,81,14,10,0
8415,883,7532,23,54,8,15,0
70,70,0,1,0,1,0,2
255,71,184,2,31,1,1,0
66,66,0,1,0,1,0,1
62,62,0,1,0,1,0,1
70,70,0,1,0,1,0,2
167,86,81,2,30,1,1,0
353,98,255,4,32,2,2,0
66,66,0,1,0,1,0,1
150,150,0,1,5,1,0,0
70,70,0,1,0,1,0,2
288,93,195,4,32,2,2,0
3424,1710,1714,16,32,8,8,0
66,66,0,1,0,1,0,1
66,66,0,1,0,1,0,2
11116,4583,6533,39,256,19,20,0
60,60,0,1,0,1,0,1
1912,1213,699,19,169,11,8,0
70,70,0,1,0,1,0,2
70,70,0,1,0,1,0,2
62,62,0,1,0,1,0,1
195,102,93,2,29,1,1,0
2140,1030,1110,22,149,8,14,0
66,66,0,1,0,1,0,1
130,70,60,3,5,2,1,0
66,66,0,1,0,1,0,1
198,101,97,2,31,1,1,0
70,70,0,1,0,1,0,2
224,88,136,2,30,1,1,0
70,70,0,1,0,1,0,2
3155,836,2319,13,135,6,7,0
70,70,0,1,0,1,0,2
480,149,331,2,1200,1,1,0
66,66,0,1,0,1,0,2
295,103,192,4,48,2,2,0
847,110,737,2,30,1,1,0
199,94,105,2,30,1,1,0
1596,511,1085,10,15,5,5,0
320,320,0,1,0,1,0,1
39679,7315,32364,45,24,17,28,0
231,88,143,2,33,1,1,0
66,66,0,1,0,1,0,2
66,66,0,1,0,1,0,2
384,166,218,2,29,1,1,0
70,70,0,1,0,1,0,2
70,70,0,1,0,1,0,2
60,60,0,1,0,1,0,1
70,70,0,1,0,1,0,2
948720,23674,925046,988,26,349,639,0
66,66,0,1,0,1,0,2
70,70,0,1,0,1,0,2
736,490,246,8,17,4,4,0
70,70,0,1,30,1,0,0
66,66,0,1,0,1,0,1
321,102,219,2,30,1,1,0
66,66,0,1,0,1,0,1
156,66,90,2,5,1,1,0
62,62,0,1,0,1,0,1
832,106,726,2,29,1,1,0
146,146,0,1,0,1,0,1
70,70,0,1,4,1,0,0
130,70,60,3,5,2,1,0
5448,989,4459,22,84,10,12,0
62,62,0,1,0,1,0,1
70,70,0,1,0,1,0,2
45482,2178,43304,56,15,22,34,0
2192,1049,1143,24,119,11,13,0
10367,2273,8094,43,730,22,21,0
199,94,105,2,30,1,1,0
177,94,83,2,31,1,1,0
62,62,0,1,0,1,0,1
70,70,0,1,0,1,0,2
60,60,0,1,0,1,0,1
70,70,0,1,0,1,0,2
4599,1692,2907,19,29,11,8,0
184574,24037,160537,209,84,87,122,0
130,70,60,2,5,1,1,0
132,132,0,3,1199,3,0,0
70,70,0,2,8,2,0,0
66,66,0,1,0,1,0,2
6389,1439,4950,22,18,11,11,0
6156,4764,1392,17,231,11,6,0
7066,1129,5937,19,172,9,10,0
80933,20860,60073,121,324,66,55,0
60,60,0,1,0,1,0,1
281,94,187,2,30,1,1,0
3096,1001,2095,12,150,7,5,0
70,70,0,1,0,1,0,2
376,94,282,2,30,1,1,0
62,62,0,1,0,1,0,1
6110,857,5253,17,16,9,8,0
66,66,0,1,0,1,0,1
1461,980,481,11,25,7,4,0
1461,924,537,13,31,7,6,0
66,66,0,1,0,1,0,2
66,66,0,1,0,1,0,1
537031,23421,513610,622,43,258,364,0
170,87,83,2,30,1,1,0
9277,2865,6412,31,200,18,13,0
62,62,0,1,0,1,0,1
1420,888,532,11,49,7,4,0
216,110,106,2,30,1,1,0
886,126,760,2,30,1,1,0
146,146,0,1,0,1,0,1
198,102,96,2,30,1,1,0
7940,1951,5989,20,15,11,9,0
70,70,0,1,0,1,0,2
62,62,0,1,0,1,0,1
168,78,90,2,30,1,1,0
66,66,0,1,0,1,0,2
66,66,0,1,0,1,0,2
62,62,0,1,0,1,0,1
260,86,174,2,30,1,1,0
66,66,0,1,0,1,0,1
62,62,0,1,0,1,0,1
320,320,0,1,0,1,0,1
884,126,758,2,31,1,1,0
81803,3159,78644,93,20,33,60,0
210,140,70,4,14,3,1,0
15525,1642,13883,32,16,16,16,0
62,62,0,1,0,1,0,1
66,66,0,1,0,1,0,2
70,70,0,1,0,1,0,2
70,70,0,1,0,1,0,2
66,66,0,1,0,1,0,2
66,66,0,1,0,1,0,1
66,66,0,1,0,1,0,1
66,66,0,1,0,1,0,2
733,93,640,2,31,1,1,0
70,70,0,1,0,1,0,2
184,94,90,2,30,1,1,0
66,66,0,1,0,1,0,2
5194,3739,1455,18,15,10,8,0
70,70,0,1,0,1,0,2
70,70,0,2,8,2,0,0
5060,3367,1693,21,102,12,9,0
93,93,0,1,31,1,0,0
774,102,672,2,30,1,1,0
198,102,96,2,33,1,1,0
62,62,0,1,0,1,0,1
70,70,0,1,0,1,0,2
70,70,0,1,0,1,0,2
280,96,184,4,36,2,2,0
448,184,264,6,30,3,3,0
66,66,0,1,0,1,0,1
66,66,0,1,0,1,0,1
62,62,0,1,0,1,0,1
227,110,117,2,30,1,1,0
70,70,0,1,0,1,0,2
3910,1805,2105,20,19,12,8,0
1775,169,1606,7,122,3,4,0
5166,700,4466,16,15,7,9,0
6250,1774,4476,27,17,14,13,0
70,70,0,1,0,1,0,2
62,62,0,1,0,1,0,1
70,70,0,1,0,1,0,2
4730,2569,2161,16,135,8,8,0
66,66,0,1,0,1,0,2
70,70,0,1,0,1,0,2
70,70,0,1,0,1,0,2
66,66,0,1,0,1,0,1
70,70,0,1,0,1,0,2
62,62,0,1,0,1,0,1
546,166,380,2,1200,1,1,0
1268772,32833,1235939,1288,81,409,879,0
70,70,0,1,0,1,0,2
312,192,120,6,41,4,2,0
43887,3283,40604,60,398,21,39,0
184,94,90,2,31,1,1,0
193,102,91,2,30,1,1,0
66,66,0,1,0,1,0,1
15982,9199,6783,95,160,40,55,0
60,60,0,1,0,1,0,1
62,62,0,1,0,1,0,1
70,70,0,1,0,1,0,2
70,70,0,1,0,1,0,2
70,70,0,1,0,1,0,2
168,86,82,2,31,1,1,0
66,66,0,1,0,1,0,2
62,62,0,1,0,1,0,1
166,86,80,2,30,1,1,0
429929,11379,418550,456,21,174,282,0
195,102,93,2,30,1,1,0
66,66,0,1,0,1,0,1
280,97,183,4,58,2,2,0
70,70,0,2,8,2,0,0
62,62,0,1,0,1,0,1
3701,1232,2469,13,136,6,7,0
182,94,88,2,30,1,1,0
734,86,648,2,31,1,1,0
2458316,102393,2355923,2942,241,1261,1681,0
66,66,0,1,0,1,0,2
820,152,668,4,1199,2,2,0
3884,1859,2025,20,255,10,10,0
183,94,89,2,30,1,1,0
66,66,0,1,0,1,0,1
66,66,0,1,0,1,0,1
66,66,0,1,0,1,0,1
210,110,100,2,30,1,1,0
210,102,108,2,30,1,1,0
168,78,90,2,30,1,1,0
62,62,0,1,0,1,0,1
173,94,79,2,31,1,1,0
177,94,83,2,30,1,1,0
8471,2343,6128,30,240,15,15,0
70,70,0,1,5,1,0,0
66,66,0,1,0,1,0,1
460,112,348,4,56,2,2,0
212,108,104,2,31,1,1,0
66,66,0,1,0,1,0,1
66,66,0,1,0,1,0,1
62,62,0,1,0,1,0,1
384,166,218,2,29,1,1,0
11647,2439,9208,47,3724,21,26,0
146,146,0,1,0,1,0,1
62,62,0,1,0,1,0,1
193,102,91,2,29,1,1,0
70,70,0,1,5,1,0,0
188,96,92,2,31,1,1,0
62,62,0,1,0,1,0,1
23216,1806,21410,40,28,20,20,0
62,62,0,1,0,1,0,1
728,96,632,2,30,1,1,0
70,70,0,2,8,2,0,0
7162,3201,3961,19,27,11,8,0
145,145,0,1,0,1,0,1
70,70,0,1,0,1,0,2
732,89,643,2,31,1,1,0
210,110,100,2,31,1,1,0
60,60,0,1,0,1,0,1
379,259,120,4,16,2,2,0
304,86,218,2,30,1,1,0
168,78,90,2,30,1,1,0
174,89,85,2,31,1,1,0
3036,818,2218,12,119,6,6,0
1409,735,674,12,17,5,7,0
4181,998,3183,14,26,7,7,0
458,188,270,6,29,3,3,0
7046,3518,3528,66,612,35,31,0
66,66,0,1,0,1,0,2
5939,772,5167,17,27,9,8,0
60,60,0,1,0,1,0,1
66,66,0,1,0,1,0,1
70,70,0,1,0,1,0,2
202,83,119,2,31,1,1,0
90001,3161,86840,91,15,26,65,0
66,66,0,1,0,1,0,2
60,60,0,1,0,1,0,1
60,60,0,1,0,1,0,1
66,66,0,1,0,1,0,1
70,70,0,1,30,1,0,0
66,66,0,1,0,1,0,1
70,70,0,1,0,1,0,2
4472,1666,2806,13,121,6,7,0
711,87,624,2,30,1,1,0
62,62,0,1,0,1,0,1
62,62,0,1,0,1,0,1
62,62,0,1,0,1,0,1
31736,1463,30273,43,32,14,29,0
70,70,0,1,0,1,0,2
70,70,0,1,0,1,0,2
353,94,259,2,30,1,1,0
70,70,0,1,0,1,0,2
66,66,0,1,0,1,0,2
250,86,164,4,31,2,2,0
70,70,0,1,0,1,0,2
66,66,0,1,0,1,0,2
172,88,84,2,30,1,1,0
499,425,74,4,0,3,1,0
66,66,0,1,0,1,0,1
66,66,0,1,0,1,0,1
183,94,89,2,29,1,1,0
62,62,0,1,0,1,0,1
62,62,0,1,0,1,0,1
70,70,0,1,0,1,0,2
8057,2037,6020,20,15,11,9,0
60,60,0,1,0,1,0,1
66,66,0,1,0,1,0,2
70,70,0,1,0,1,0,2
70,70,0,1,0,1,0,2
8363,1573,6790,24,49,14,10,0
66,66,0,1,0,1,0,1
3182,1568,1614,8,120,4,4,0
7393,2050,5343,34,92,16,18,0
62,62,0,1,0,1,0,1
66,66,0,1,0,1,0,2
70,70,0,1,0,1,0,2
8924,872,8052,19,41,9,10,0
183,94,89,2,30,1,1,0
66,66,0,1,0,1,0,2
62,62,0,1,0,1,0,1
1056,569,487,10,38,6,4,0
3947,2796,1151,22,28,12,10,0
193,102,91,2,30,1,1,0
70,70,0,1,0,1,0,2
62,62,0,1,0,1,0,1
318,192,126,6,29,4,2,0
62,62,0,1,0,1,0,1
168,78,90,2,30,1,1,0
70,70,0,1,0,1,0,2
452,280,172,5,30,3,2,0
832,106,726,2,30,1,1,0
223,86,137,2,30,1,1,0
52352,11192,41160,90,476,44,46,0
62,62,0,1,0,1,0,1
152651,4700,147951,174,17,65,109,0
70,70,0,1,0,1,0,2
198,101,97,2,30,1,1,0
66,66,0,1,0,1,0,2
62,62,0,1,0,1,0,1
193,102,91,2,31,1,1,0
70,70,0,1,5,1,0,0
62,62,0,1,0,1,0,1
210,110,100,2,29,1,1,0
502,150,352,2,1200,1,1,0
148,148,0,1,0,1,0,1
166,86,80,2,29,1,1,0
238,78,160,2,30,1,1,0
18311,11567,6744,43,363,21,22,0
194,102,92,2,29,1,1,0
7883,1768,6115,30,36,14,16,0
62,62,0,1,0,1,0,1
179,94,85,2,30,1,1,0
70,70,0,1,0,1,0,2
62,62,0,1,0,1,0,1
66,66,0,1,0,1,0,1
60,60,0,1,0,1,0,1
210,110,100,2,30,1,1,0
70,70,0,1,0,1,0,2
66,66,0,1,0,1,0,1
66,66,0,1,0,1,0,2
4850,2997,1853,20,234,12,8,0
701,88,613,2,30,1,1,0
139,70,69,2,30,1,1,0
398,255,143,3,34,2,1,0
9083,2300,6783,19,56,10,9,0
66,66,0,1,0,1,0,1
1010,252,758,4,33,3,1,0
3776,2372,1404,17,15,9,8,0
6021,1981,4040,21,15,9,12,0
36152,2792,33360,55,19,29,26,0
200,94,106,2,30,1,1,0
70,70,0,1,0,1,0,2
146,146,0,1,0,1,0,1
70,70,0,1,0,1,0,2
60,60,0,1,0,1,0,1
4433,1526,2907,19,27,11,8,0
60,60,0,1,0,1,0,1
3354,1792,1562,46,193,23,23,0
167,86,81,2,31,1,1,0
594,594,0,10,1200,10,0,0
193,102,91,2,30,1,1,0
8059,2039,6020,20,15,11,9,0
421,88,333,4,39,2,2,0
70,70,0,1,0,1,0,2
70,70,0,1,0,1,0,2
108790,4633,104157,192,15,66,126,0
161,161,0,1,0,1,0,1
66,66,0,1,0,1,0,2
70,70,0,1,0,1,0,2
66,66,0,1,0,1,0,2
70,70,0,1,0,1,0,2
320,140,180,6,7,3,3,0
70,70,0,1,0,1,0,2
72,72,0,1,0,1,0,1
198,93,105,2,30,1,1,0
66,66,0,1,0,1,0,1
2227,1018,1209,17,15,8,9,0
66,66,0,1,0,1,0,2
70,70,0,1,0,1,0,2
70,70,0,2,8,2,0,0
1658,1247,411,8,15,5,3,0
2793,1071,1722,14,105,7,7,0
86,86,0,1,30,1,0,0
2572,330,2242,12,135,5,7,0
197,102,95,2,30,1,1,0
70,70,0,1,0,1,0,2
62,62,0,1,0,1,0,1
70,70,0,1,0,1,0,2
2118,858,1260,28,1283,14,14,0
62,62,0,1,0,1,0,1
492,492,0,7,15,7,0,0
194,102,92,2,29,1,1,0
181,94,87,2,30,1,1,0
181,94,87,2,33,1,1,0
70,70,0,1,5,1,0,0
9378,2858,6520,48,196,21,27,0
5176,861,4315,16,26,9,7,0
234,234,0,4,12,4,0,0
62,62,0,1,0,1,0,1
1934086,60476,1873610,1754,162,493,1261,0
70,70,0,1,0,1,0,2
404,259,145,3,32,2,1,0
70,70,0,1,0,1,0,2
66,66,0,1,0,1,0,2
62,62,0,1,0,1,0,1
70,70,0,1,0,1,0,2
9963,2631,7332,37,48,20,17,0
106,106,0,1,60,1,0,0
188,96,92,2,31,1,1,0
3354,1792,1562,46,194,23,23,0
145,145,0,1,0,1,0,1
70,70,0,1,0,1,0,2
5689,501,5188,14,15,7,7,0
5019,1424,3595,15,87,9,6,0
7542,1235,6307,23,15,12,11,0
70,70,0,2,7,2,0,0
9539,3344,6195,36,17,17,19,0
504,382,122,8,15,6,2,0
448,184,264,6,31,3,3,0
70,70,0,1,0,1,0,2
183,94,89,2,29,1,1,0
881,126,755,2,31,1,1,0
66,66,0,1,0,1,0,1
235,102,133,2,29,1,1,0
3060,1569,1491,12,17,7,5,0
66,66,0,1,0,1,0,2
70,70,0,1,0,1,0,2
366,180,186,7,28,4,3,0
62,62,0,1,0,1,0,1
66,66,0,1,0,1,0,2
66,66,0,1,0,1,0,2
70,70,0,1,0,1,0,2
66,66,0,1,0,1,0,2
490914,83866,407048,1048,332,526,522,0
130,70,60,2,5,1,1,0
70,70,0,1,0,1,0,2
62,62,0,1,0,1,0,1
184,94,90,2,30,1,1,0
66,66,0,1,0,1,0,2
66,66,0,1,0,1,0,2
11700,3386,8314,63,362,33,30,0
2997,1906,1091,29,186,17,12,0
216,90,126,2,30,1,1,0
62,62,0,1,0,1,0,1
210,102,108,2,30,1,1,0
70,70,0,1,0,1,0,2
9730,1613,8117,24,170,11,13,0
62,62,0,1,0,1,0,1
488,111,377,4,53,2,2,0
3877,2069,1808,15,26,9,6,0
66,66,0,1,0,1,0,1
70,70,0,1,4,1,0,0
1386,1386,0,22,1610,22,0,0
146,146,0,1,0,1,0,1
168,86,82,2,31,1,1,0
7118,2386,4732,18,133,10,8,0
193,102,91,2,30,1,1,0
8313,3597,4716,16,119,8,8,0
70,70,0,1,0,1,0,2
70,70,0,1,0,1,0,2
66,66,0,1,0,1,0,1
3758,1691,2067,12,135,6,6,0
66,66,0,1,0,1,0,2
62,62,0,1,0,1,0,1
60,60,0,1,0,1,0,1
62,62,0,1,0,1,0,1
6133,1655,4478,12,120,5,7,0
66,66,0,1,5,1,0,0
184725,5028,179697,217,25,75,142,0
62,62,0,1,0,1,0,1
232,172,60,3,5,2,1,0
70,70,0,1,0,1,0,2
223,78,145,2,30,1,1,0
66,66,0,1,0,1,0,2
66,66,0,1,0,1,0,1
60,60,0,1,0,1,0,1
177,94,83,2,30,1,1,0
66,66,0,1,0,1,0,1
196,102,94,2,31,1,1,0
62,62,0,1,0,1,0,1
216,102,114,2,30,1,1,0
25120,1874,23246,39,171,17,22,0
70,70,0,1,0,1,0,2
8964,2125,6839,34,120,18,16,0
62,62,0,1,0,1,0,1
62,62,0,1,0,1,0,1
66,66,0,1,0,1,0,2
66,66,0,1,0,1,0,1
83,83,0,1,0,1,0,1
70,70,0,1,0,1,0,2
234,234,0,4,12,4,0,0
10707,2969,7738,32,47,18,14,0
9096,4245,4851,29,121,14,15,0
70,70,0,1,0,1,0,2
66,66,0,1,0,1,0,2
66,66,0,1,0,1,0,2
164,78,86,2,29,1,1,0
5040,2743,2297,34,185,18,16,0
198,101,97,2,31,1,1,0
70,70,0,1,0,1,0,2
208,94,114,2,30,1,1,0
179,94,85,2,30,1,1,0
70,70,0,1,0,1,0,2
200,102,98,2,30,1,1,0
207,118,89,2,1200,1,1,0
66,66,0,1,0,1,0,1
62,62,0,1,0,1,0,1
258,110,148,2,30,1,1,0
146,146,0,1,0,1,0,1
36457,2308,34149,52,98,23,29,0
66,66,0,1,0,1,0,2
70,70,0,1,0,1,0,2
70,70,0,1,0,1,0,2
3998,1986,2012,20,255,10,10,0
1905,1456,449,10,20,6,4,0
811,94,717,2,30,1,1,0
186,102,84,2,29,1,1,0
2005,1100,905,16,17,9,7,0
4315,928,3387,16,15,10,6,0
1641,483,1158,10,15,5,5,0
377544,10569,366975,414,221,152,262,0
737,462,275,2,29,1,1,0
188,96,92,2,31,1,1,0
66,66,0,1,0,1,0,1
6287,1742,4545,17,19,10,7,0
1798,540,1258,10,15,6,4,0
70,70,0,1,0,1,0,2
66,66,0,1,0,1,0,1
72734,14614,58120,112,44,39,73,0
70,70,0,1,0,1,0,2
6930,1665,5265,18,3601,9,9,0
355939,9284,346655,365,121,125,240,0
66,66,0,1,0,1,0,2
70,70,0,1,0,1,0,2
316,136,180,6,6,3,3,0
197,90,107,2,30,1,1,0
70,70,0,1,0,1,0,2
4302,3722,580,14,15,8,6,0
71073,4403,66670,99,116,41,58,0
62,62,0,1,0,1,0,1
62,62,0,1,0,1,0,1
70,70,0,1,0,1,0,2
38272,2881,35391,54,54,26,28,0
62,62,0,1,0,1,0,1
186,95,91,2,31,1,1,0
213,102,111,2,30,1,1,0
45483074,398771,45084303,36307,333,3386,32921,0
197,90,107,2,30,1,1,0
62,62,0,1,0,1,0,1
3562,1936,1626,48,193,24,24,0
756,94,662,2,29,1,1,0
101707,1824,99883,96,15,26,70,0
66,66,0,1,0,1,0,1
62,62,0,1,0,1,0,1
190,90,100,3,60,2,1,0
78,78,0,1,29,1,0,0
62,62,0,1,0,1,0,1
292,126,166,2,30,1,1,0
194,99,95,2,31,1,1,0
62,62,0,1,0,1,0,1
6124,860,5264,18,361,9,9,0
193,102,91,2,31,1,1,0
70,70,0,1,0,1,0,2
177,94,83,2,29,1,1,0
194,102,92,2,30,1,1,0
70,70,0,1,0,1,0,2
62,62,0,1,0,1,0,1
70,70,0,1,0,1,0,2
356,105,251,4,49,2,2,0
7985,2085,5900,18,121,8,10,0
66,66,0,1,0,1,0,2
70,70,0,1,0,1,0,2
70,70,0,1,0,1,0,1
66,66,0,1,0,1,0,1
66,66,0,1,0,1,0,1
199,102,97,2,29,1,1,0
184,94,90,2,30,1,1,0
62,62,0,1,0,1,0,1
11529,8753,2776,41,120,22,19,0
182,102,80,2,30,1,1,0
1484,805,679,11,25,7,4,0
167,86,81,2,30,1,1,0
499,425,74,4,0,3,1,0
70,70,0,1,0,1,0,2
228,97,131,2,30,1,1,0
66,66,0,1,0,1,0,1
179,94,85,2,31,1,1,0
711,87,624,2,30,1,1,0
145,145,0,1,0,1,0,1
11168,3827,7341,42,16,20,22,0
395,111,284,2,31,1,1,0
66,66,0,1,0,1,0,1
70,70,0,1,0,1,0,2
177,94,83,2,30,1,1,0
3630,2427,1203,21,3601,11,10,0
70,70,0,1,0,1,0,2
66,66,0,1,0,1,0,2
145,145,0,1,0,1,0,1
889,404,485,10,30,5,5,0
70,70,0,1,0,1,0,2
190,97,93,2,31,1,1,0
70,70,0,1,0,1,0,2
66,66,0,1,0,1,0,1
234,234,0,4,12,4,0,0
62,62,0,1,0,1,0,1
66,66,0,1,0,1,0,1
422,164,258,6,30,3,3,0
70,70,0,1,0,1,0,2
70,70,0,1,0,1,0,2
66,66,0,1,0,1,0,2
237,91,146,2,33,1,1,0
4575,2400,2175,20,18,11,9,0
133674,20935,112739,206,350,105,101,0
66,66,0,1,0,1,0,2
182,93,89,2,31,1,1,0
259496,6676,252820,249,28,74,175,0
70,70,0,1,0,1,0,2
8503,1969,6534,24,32,13,11,0
7767,1421,6346,20,15,8,12,0
11626,1206,10420,31,74,13,18,0
193,102,91,2,30,1,1,0
7929,1940,5989,20,16,11,9,0
62,62,0,1,0,1,0,1
1263,640,623,12,45,7,5,0
66,66,0,1,0,1,0,2
146,146,0,1,0,1,0,1
502,150,352,2,1200,1,1,0
62,62,0,1,0,1,0,1
97,97,0,1,0,1,0,1
66,66,0,1,0,1,0,2
66,66,0,1,0,1,0,2
184,94,90,2,30,1,1,0
190,97,93,2,31,1,1,0
66,66,0,1,0,1,0,1
70,70,0,1,0,1,0,2
62,62,0,1,0,1,0,1
66,66,0,1,0,1,0,1
811,94,717,2,30,1,1,0
70,70,0,2,7,2,0,0
8084,2509,5575,36,195,19,17,0
62,62,0,1,0,1,0,1
5982,1890,4092,30,75,15,15,0
5150,853,4297,16,34,9,7,0
60,60,0,1,0,1,0,1
66,66,0,1,0,1,0,1
8022,2002,6020,20,15,11,9,0
5858,2302,3556,22,30,11,11,0
199,102,97,2,30,1,1,0
16336,3219,13117,46,59,21,25,0
70,70,0,1,0,1,0,2
227,89,138,2,31,1,1,0
60,60,0,1,0,1,0,1
1394,733,661,14,81,8,6,0
66,66,0,1,0,1,0,1
3651,2020,1631,16,65,9,7,0
20265,5748,14517,34,23,16,18,0
421435,16499,404936,388,210,95,293,0
234,234,0,4,12,4,0,0
66,66,0,1,0,1,0,1
70,70,0,1,0,1,0,2
60,60,0,1,0,1,0,1
130,70,60,3,5,2,1,0
177,94,83,2,30,1,1,0
199,94,105,2,30,1,1,0
10293,1331,8962,22,255,12,10,0
1450,747,703,16,1200,9,7,0
62,62,0,1,0,1,0,1
66,66,0,1,0,1,0,2
177,94,83,2,29,1,1,0
70,70,0,2,8,2,0,0
70,70,0,1,0,1,0,2
70,70,0,1,0,1,0,2
70,70,0,1,0,1,0,2
4768,1600,3168,19,17,10,9,0
70,70,0,1,0,1,0,2
70,70,0,1,0,1,0,2
177,94,83,2,30,1,1,0
429726,12570,417156,440,16,154,286,0
70,70,0,1,0,1,0,2
6100,777,5323,17,26,9,8,0
199,94,105,2,30,1,1,0
70,70,0,1,0,1,0,2
70,70,0,1,0,1,0,2
480,149,331,2,1200,1,1,0
3291,1714,1577,18,16,11,7,0
62,62,0,1,0,1,0,1
6052,1841,4211,21,82,10,11,0
62,62,0,1,0,1,0,1
322,102,220,2,29,1,1,0
66,66,0,1,0,1,0,2
150,150,0,1,1200,1,0,0
8126,1627,6499,29,165,16,13,0
4524,779,3745,13,52,6,7,0
243,78,165,2,30,1,1,0
66,66,0,1,0,1,0,1
62,62,0,1,0,1,0,1
178,94,84,2,30,1,1,0
70,70,0,1,0,1,0,2
200,102,98,2,31,1,1,0
3638,2027,1611,17,15,9,8,0
5166,700,4466,16,15,7,9,0
70,70,0,1,0,1,0,2
186,95,91,2,31,1,1,0
10877,2925,7952,56,285,23,33,0
3942,1406,2536,18,135,8,10,0
72,72,0,1,0,1,0,1
2687,1593,1094,20,20,11,9,0
62,62,0,1,0,1,0,1
1335,87,1248,4,32,2,2,0
303,98,205,4,40,2,2,0
403,142,261,2,31,1,1,0
213,102,111,2,29,1,1,0
184,94,90,2,31,1,1,0
62,62,0,1,0,1,0,1
66,66,0,1,0,1,0,2
66,66,0,1,0,1,0,1
288,94,194,2,30,1,1,0
60,60,0,1,0,1,0,1
66,66,0,1,0,1,0,1
70,70,0,1,5,1,0,0
486,240,246,9,28,5,4,0
66,66,0,1,0,1,0,2
168,86,82,2,30,1,1,0
554,280,274,9,111,5,4,0
70,70,0,1,0,1,0,2
3976,2652,1324,20,312,11,9,0
66,66,0,1,0,1,0,1
300,168,132,4,6,2,2,0
481,150,331,2,1200,1,1,0
520,211,309,6,39,3,3,0
167,167,0,1,0,1,0,1
195,102,93,2,31,1,1,0
166,85,81,2,30,1,1,0
62,62,0,1,0,1,0,1
197,102,95,2,31,1,1,0
60,60,0,1,0,1,0,1
253,87,166,4,29,2,2,0
62,62,0,1,0,1,0,1
62,62,0,1,0,1,0,1
66,66,0,1,0,1,0,1
11030,4292,6738,32,61,17,15,0
145,145,0,1,0,1,0,1
4446,1298,3148,15,34,8,7,0
216,102,114,2,30,1,1,0
7396,3677,3719,16,120,8,8,0
66,66,0,1,0,1,0,1
66,66,0,1,0,1,0,1
117085,3435,113650,123,87,43,80,0
199,102,97,2,29,1,1,0
823,98,725,2,30,1,1,0
17968,12031,5937,38,63,21,17,0
196,94,102,2,31,1,1,0
66,66,0,1,0,1,0,2
816,102,714,2,29,1,1,0
66,66,0,1,0,1,0,1
199,102,97,2,30,1,1,0
62,62,0,1,0,1,0,1
60,60,0,1,0,1,0,1
62,62,0,1,0,1,0,1
107997,3957,104040,135,80,51,84,0
214,102,112,2,30,1,1,0
3235,555,2680,13,20,6,7,0
193,102,91,2,30,1,1,0
178,94,84,2,30,1,1,0
1950,1231,719,20,15,12,8,0
66,66,0,1,0,1,0,1
7685,1016,6669,29,413,11,18,0
216,72,144,2,30,1,1,0
3743,1654,2089,10,120,5,5,0
177,94,83,2,30,1,1,0
4580,1210,3370,17,28,10,7,0
70,70,0,1,0,1,0,2
62,62,0,1,0,1,0,1
636020,187240,448780,2701,104,1538,1163,0
1396,864,532,9,15,5,4,0
62,62,0,1,0,1,0,1
7557,3602,3955,20,150,12,8,0
66,66,0,1,0,1,0,1
154671,9533,145138,227,38,121,106,0
70,70,0,1,0,1,0,2
1788,1016,772,15,15,8,7,0
211,102,109,2,30,1,1,0
15668921,169545,15499376,12539,161,1284,11255,0
177,94,83,2,30,1,1,0
2149,1277,872,18,829,10,8,0
3779,2809,970,23,47,12,11,0
70,70,0,1,0,1,0,2
1426,865,561,9,15,5,4,0
66,66,0,1,0,1,0,1
66,66,0,1,0,1,0,2
3588,2362,1226,24,87,13,11,0
70,70,0,1,0,1,0,2
202,103,99,2,31,1,1,0
66,66,0,1,0,1,0,2
66,66,0,1,0,1,0,2
70,70,0,1,0,1,0,2
66,66,0,1,0,1,0,2
70,70,0,1,0,1,0,2
2465,1356,1109,18,180,8,10,0
70,70,0,1,0,1,0,2
177,94,83,2,30,1,1,0
178,91,87,2,30,1,1,0
62,62,0,1,0,1,0,1
260,106,154,2,32,1,1,0
145,145,0,1,0,1,0,1
1466,696,770,20,120,10,10,0
66,66,0,1,0,1,0,2
100,100,0,1,0,1,0,1
62,62,0,1,0,1,0,1
70,70,0,1,0,1,0,2
70,70,0,1,0,1,0,2
4575,2400,2175,20,19,11,9,0
66,66,0,1,0,1,0,2
875,126,749,2,31,1,1,0
66,66,0,1,5,1,0,0
146,146,0,1,0,1,0,1
8487,2231,6256,26,350,12,14,0
890,126,764,2,30,1,1,0
66,66,0,1,0,1,0,1
4598,1691,2907,19,30,11,8,0
70,70,0,1,5,1,0,0
376,126,250,2,29,1,1,0
177,94,83,2,30,1,1,0
5553,2844,2709,21,30,11,10,0
70,70,0,1,0,1,0,2
350,91,259,4,41,2,2,0
734,94,640,2,29,1,1,0
62,62,0,1,0,1,0,1
70,70,0,1,0,1,0,2
70,70,0,1,0,1,0,2
884,126,758,2,31,1,1,0
70,70,0,1,0,1,0,2
199,102,97,2,30,1,1,0
177,94,83,2,30,1,1,0
876,126,750,2,31,1,1,0
66,66,0,1,0,1,0,1
66,66,0,1,0,1,0,2
177,94,83,2,29,1,1,0
960,539,421,9,30,5,4,0
66,66,0,1,0,1,0,1
8582,4759,3823,29,135,14,15,0
132,132,0,3,1199,3,0,0
66,66,0,1,0,1,0,1
1658,1247,411,8,15,5,3,0
70,70,0,1,0,1,0,2
91134,7506,83628,132,130,52,80,0
193,102,91,2,30,1,1,0
70,70,0,1,0,1,0,2
66,66,0,1,0,1,0,1
757,98,659,2,0,1,1,0
216,110,106,2,31,1,1,0
264,70,194,4,19,1,3,0
366,240,126,7,32,5,2,0
70,70,0,1,0,1,0,2
2989,813,2176,15,166,8,7,0
248,118,130,2,30,1,1,0
66,66,0,1,0,1,0,2
66,66,0,1,0,1,0,1
66,66,0,1,0,1,0,1
111678,5254,106424,150,240,71,79,0
62,62,0,1,0,1,0,1
70,70,0,2,7,2,0,0
1849,1130,719,17,38,9,8,0
66,66,0,1,0,1,0,1
728,96,632,2,30,1,1,0
66,66,0,1,0,1,0,2
66,66,0,1,0,1,0,1
142674,8057,134617,192,27,94,98,0
70,70,0,1,0,1,0,2
66,66,0,1,0,1,0,2
870,330,540,12,2308,6,6,0
3348,2437,911,12,150,7,5,0
1388,917,471,11,26,6,5,0
145,145,0,1,0,1,0,1
181,94,87,2,31,1,1,0
70,70,0,1,0,1,0,2
7974,3469,4505,57,40,28,29,0
9374,2150,7224,42,255,19,23,0
168,86,82,2,31,1,1,0
766,102,664,2,30,1,1,0
598,598,0,8,40,8,0,0
178,91,87,2,31,1,1,0
177,94,83,2,31,1,1,0
70,70,0,1,0,1,0,2
249145,4184,244961,218,107,40,178,0
6464,1223,5241,25,33,12,13,0
2673671,30446,2643225,2145,125,234,1911,0
754,94,660,2,30,1,1,0
62,62,0,1,0,1,0,1
384,384,0,7,33,7,0,0
8308,3201,5107,36,1401,19,17,0
60,60,0,1,0,1,0,1
70,70,0,1,0,1,0,2
1515,481,1034,11,15,6,5,0
212,102,110,2,29,1,1,0
41941,3388,38553,67,77,26,41,0
70,70,0,1,0,1,0,2
211,102,109,2,30,1,1,0
701,88,613,2,31,1,1,0
60,60,0,1,0,1,0,1
12037,3531,8506,35,271,18,17,0
422,164,258,6,30,3,3,0
70,70,0,1,5,1,0,0
193,102,91,2,30,1,1,0
66,66,0,1,0,1,0,2
340,107,233,4,30,2,2,0
66,66,0,1,0,1,0,2
66,66,0,1,0,1,0,2
70,70,0,1,0,1,0,2
14402,2801,11601,28,205,11,17,0
779,86,693,2,30,1,1,0
66,66,0,1,0,1,0,1
212,102,110,2,30,1,1,0
70,70,0,1,0,1,0,2
62,62,0,1,0,1,0,1
66,66,0,1,5,1,0,0
7877,1949,5928,24,126,12,12,0
70,70,0,1,0,1,0,2
70,70,0,1,5,1,0,0
62,62,0,1,0,1,0,1
252,102,150,2,30,1,1,0
194,102,92,2,30,1,1,0
288702,9850,278852,312,105,123,189,0
66,66,0,1,0,1,0,2
276,94,182,2,30,1,1,0
196,102,94,2,29,1,1,0
323,94,229,2,31,1,1,0
66,66,0,1,0,1,0,2
70,70,0,1,0,1,0,2
62,62,0,1,0,1,0,1
62,62,0,1,0,1,0,1
467,90,377,4,39,2,2,0
8058,2038,6020,20,15,11,9,0
52988,3128,49860,67,48,26,41,0
70,70,0,1,5,1,0,0
1186,390,796,9,16,5,4,0
70,70,0,1,0,1,0,2
70,70,0,1,0,1,0,2
5166,700,4466,16,16,7,9,0
86,86,0,1,30,1,0,0
924,924,0,3,30,3,0,0
13510,5888,7622,65,86,33,32,0
70,70,0,1,0,1,0,2
8025,3048,4977,23,45,13,10,0
70,70,0,2,8,2,0,0
772,100,672,2,31,1,1,0
70,70,0,1,0,1,0,2
70,70,0,1,0,1,0,2
600,126,474,2,31,1,1,0
70,70,0,1,0,1,0,2
5046,2069,2977,20,15,11,9,0
62,62,0,1,0,1,0,1
70,70,0,1,4,1,0,0
887,126,761,2,30,1,1,0
1614,785,829,11,54,6,5,0
1439,878,561,15,17,10,5,0
66,66,0,1,0,1,0,1
5749,3401,2348,29,76,15,14,0
86,86,0,1,30,1,0,0
61954,10029,51925,114,82,50,64,0
78,78,0,1,0,1,0,1
698,320,378,10,16,6,4,0
66,66,0,1,0,1,0,1
1370,704,666,23,105,12,11,0
193,102,91,2,31,1,1,0
60,60,0,1,0,1,0,1
196,102,94,2,30,1,1,0
22815,20019,2796,55,81,31,24,0
62,62,0,1,0,1,0,1
345468,18536,326932,432,22,200,232,0
70,70,0,1,0,1,0,2
70,70,0,1,0,1,0,2
66,66,0,1,0,1,0,2
191454,11241,180213,262,42,128,134,0
66,66,0,1,0,1,0,1
3389452,85022,3304430,3290,159,997,2293,0
62,62,0,1,0,1,0,1
60,60,0,1,0,1,0,1
711,87,624,2,30,1,1,0
302,86,216,2,30,1,1,0
227,102,125,2,30,1,1,0
852970,14195,838775,769,28,207,562,0
66,66,0,1,0,1,0,2
209,110,99,2,30,1,1,0
17067,1439,15628,23,25,8,15,0
70,70,0,1,5,1,0,0
70,70,0,1,0,1,0,2
70,70,0,1,0,1,0,2
62,62,0,1,0,1,0,1
66,66,0,1,0,1,0,2
286,90,196,4,55,2,2,0
1464,757,707,18,121,9,9,0
320,140,180,6,6,3,3,0
60,60,0,1,0,1,0,1
20465,3839,16626,43,229,22,21,0
499,425,74,4,0,3,1,0
70,70,0,1,0,1,0,2
62,62,0,1,0,1,0,1
66,66,0,1,0,1,0,1
3833,1007,2826,27,68,11,16,0
4658,1652,3006,10,121,5,5,0
96850,6037,90813,150,177,55,95,0
70,70,0,1,4,1,0,0
70,70,0,1,0,1,0,2
70,70,0,1,0,1,0,2
565,92,473,4,38,2,2,0
1092,645,447,10,34,6,4,0
66,66,0,1,0,1,0,1
3354,1792,1562,46,192,23,23,0
4305,2521,1784,19,34,10,9,0
249,102,147,2,30,1,1,0
62,62,0,1,0,1,0,1
168,78,90,2,30,1,1,0
146,146,0,1,0,1,0,1
145,145,0,1,0,1,0,1
70,70,0,1,0,1,0,2
66,66,0,1,0,1,0,2
85,85,0,1,0,1,0,1
292,126,166,2,30,1,1,0
216,110,106,2,30,1,1,0
247,78,169,2,30,1,1,0
1253628,61672,1191956,1875,220,939,936,0
195,102,93,2,30,1,1,0
66,66,0,1,0,1,0,1
5309,3110,2199,36,81,18,18,0
66,66,0,1,5,1,0,0
3325,598,2727,12,15,6,6,0
66,66,0,1,0,1,0,2
70,70,0,1,0,1,0,2
318,192,126,6,15,4,2,0
66,66,0,1,0,1,0,1
168,78,90,2,30,1,1,0
66,66,0,1,0,1,0,2
82,82,0,1,30,1,0,0
4185,3462,723,14,16,7,7,0
881,126,755,2,30,1,1,0
177,94,83,2,30,1,1,0
62,62,0,1,0,1,0,1
3498,1872,1626,48,195,24,24,0
62,62,0,1,0,1,0,1
196328,10952,185376,244,31,117,127,0
78,78,0,1,29,1,0,0
430254,12640,417614,442,16,155,287,0
183,94,89,2,30,1,1,0
211,78,133,2,30,1,1,0
60,60,0,1,0,1,0,1
178,82,96,2,30,1,1,0
70,70,0,1,0,1,0,2
5456,1388,4068,17,15,9,8,0
70,70,0,1,0,1,0,2
60196,10141,50055,122,33,62,60,0
7889,1900,5989,20,15,11,9,0
70,70,0,1,0,1,0,2
62,62,0,1,0,1,0,1
4652,1745,2907,19,29,11,8,0
4577,3951,626,11,25,6,5,0
60,60,0,1,0,1,0,1
60,60,0,1,0,1,0,1
70,70,0,1,0,1,0,2
62,62,0,1,0,1,0,1
9090,1914,7176,24,25,13,11,0
62,62,0,1,0,1,0,3
14478,1815,12663,30,170,14,16,0
214,110,104,2,30,1,1,0
177,94,83,2,30,1,1,0
3697,2062,1635,16,61,9,7,0
109,109,0,1,0,1,0,1
1937,885,1052,13,42,7,6,0
70,70,0,1,0,1,0,2
70,70,0,1,0,1,0,2
66,66,0,1,0,1,0,1
66,66,0,1,0,1,0,1
502,256,246,9,25,5,4,0
66,66,0,1,0,1,0,1
212,108,104,2,31,1,1,0
70,70,0,1,0,1,0,2
70,70,0,1,0,1,0,2
83,83,0,1,0,1,0,1
295,101,194,4,31,2,2,0
66,66,0,1,0,1,0,2
70,70,0,1,0,1,0,2
271,78,193,2,31,1,1,0
62,62,0,1,0,1,0,1
62,62,0,1,0,1,0,1
66,66,0,1,0,1,0,1
199,94,105,2,30,1,1,0
70,70,0,1,5,1,0,0
361,94,267,2,30,1,1,0
251,71,180,2,30,1,1,0
70,70,0,1,0,1,0,2
66,66,0,1,91,1,0,0
70,70,0,1,5,1,0,0
66,66,0,1,0,1,0,2
60,60,0,1,0,1,0,1
7521,2117,5404,22,89,12,10,0
8941,1816,7125,27,15,15,12,0
490,149,341,2,1200,1,1,0
145,145,0,1,0,1,0,1
60,60,0,1,0,1,0,1
70,70,0,1,0,1,0,2
170,87,83,2,30,1,1,0
164,84,80,2,31,1,1,0
66,66,0,1,0,1,0,1
184,94,90,2,31,1,1,0
124,64,60,2,0,1,1,0
70,70,0,1,0,1,0,2
226,110,116,2,30,1,1,0
62,62,0,1,0,1,0,1
70,70,0,1,0,1,0,2
70,70,0,2,5,2,0,0
264,87,177,4,37,2,2,0
66,66,0,1,0,1,0,1
66,66,0,1,0,1,0,2
256,87,169,4,37,2,2,0
74569,3173,71396,97,80,36,61,0
62,62,0,1,0,1,0,1
60,60,0,1,0,1,0,1
1448,539,909,17,32,9,8,0
327,87,240,4,50,2,2,0
70,70,0,1,0,1,0,2
70,70,0,1,0,1,0,2
194,87,107,2,31,1,1,0
3840,2265,1575,16,47,10,6,0
130,70,60,2,15,1,1,0
821,102,719,2,29,1,1,0
193,102,91,2,30,1,1,0
60,60,0,1,0,1,0,1
66,66,0,1,0,1,0,1
62,62,0,1,0,1,0,1
78310,9243,69067,109,93,57,52,0
7124,3843,3281,42,126,20,22,0
62,62,0,1,0,1,0,1
210,110,100,2,29,1,1,0
70,70,0,1,0,1,0,2
70,70,0,1,0,1,0,2
62,62,0,1,0,1,0,1
70,70,0,2,7,2,0,0
10737,3664,7073,20,137,10,10,0
1053,566,487,10,48,6,4,0
66,66,0,1,0,1,0,2
9452,1832,7620,20,130,10,10,0
476333,9582,466751,453,225,135,318,0
2227,676,1551,15,14,7,8,0
177,94,83,2,30,1,1,0
70,70,0,1,0,1,0,2
62,62,0,1,0,1,0,1
816,102,714,2,29,1,1,0
193,102,91,2,30,1,1,0
66,66,0,1,0,1,0,2
384,103,281,4,50,2,2,0
70,70,0,1,0,1,0,2
70,70,0,1,0,1,0,2
168,86,82,2,30,1,1,0
862,862,0,1,0,1,0,1
62,62,0,1,0,1,0,1
62,62,0,1,0,1,0,1
66,66,0,2,8,2,0,0
66,66,0,1,0,1,0,2
197,94,103,2,30,1,1,0
66,66,0,1,0,1,0,2
4381,1474,2907,19,27,11,8,0
72,72,0,1,0,1,0,1
66,66,0,1,0,1,0,2
62,62,0,1,0,1,0,1
282,96,186,4,48,2,2,0
127215,3221,123994,137,3685,42,95,0
193520,11019,182501,280,276,140,140,0
70,70,0,1,5,1,0,0
62,62,0,1,0,1,0,1
7855,815,7040,21,15,9,12,0
14244,2907,11337,33,17,17,16,0
70,70,0,1,0,1,0,2
70,70,0,1,0,1,0,2
1502,467,1035,9,180,5,4,0
70,70,0,1,0,1,0,2
66,66,0,1,0,1,0,2
70,70,0,1,0,1,0,2
441,104,337,4,48,2,2,0
75982,15645,60337,88,158,31,57,0
193,102,91,2,30,1,1,0
384,94,290,4,42,2,2,0
66,66,0,1,0,1,0,1
70,70,0,1,0,1,0,2
70,70,0,1,0,1,0,2
66,66,0,1,0,1,0,1
177,94,83,2,30,1,1,0
60,60,0,1,0,1,0,1
94,94,0,1,30,1,0,0
146,146,0,1,0,1,0,1
193,102,91,2,30,1,1,0
70,70,0,1,0,1,0,2
1786,172,1614,7,120,3,4,0
311,94,217,2,30,1,1,0
62,62,0,1,0,1,0,1
168,86,82,2,30,1,1,0
60,60,0,1,0,1,0,1
168,78,90,2,30,1,1,0
174,89,85,2,30,1,1,0
70,70,0,1,0,1,0,2
234,86,148,2,30,1,1,0
60,60,0,1,0,1,0,1
194,102,92,2,31,1,1,0
66,66,0,1,0,1,0,2
70,70,0,1,0,1,0,2
62,62,0,1,0,1,0,1
14649,11393,3256,49,99,22,27,0
70,70,0,1,4,1,0,0
70,70,0,1,0,1,0,2
23613,13099,10514,79,1341,36,43,0
229,94,135,2,30,1,1,0
184,102,82,2,29,1,1,0
66,66,0,1,0,1,0,1
66,66,0,1,0,1,0,2
174,89,85,2,31,1,1,0
70,70,0,1,5,1,0,0
66,66,0,1,0,1,0,2
4644,1737,2907,19,28,11,8,0
8308,3589,4719,25,19,15,10,0
66,66,0,1,0,1,0,1
821,102,719,2,30,1,1,0
199,102,97,2,30,1,1,0
235,90,145,2,32,1,1,0
66,66,0,1,0,1,0,1
66,66,0,1,0,1,0,2
25605,3359,22246,47,82,26,21,0
70,70,0,1,0,1,0,2
240,96,144,2,30,1,1,0
62,62,0,1,0,1,0,1
350,210,140,6,25,4,2,0
177,94,83,2,30,1,1,0
8691,6945,1746,25,80,14,11,0
70,70,0,1,0,1,0,2
141193,10612,130581,165,30,69,96,0
73105,13398,59707,220,374,108,112,0
70,70,0,1,0,1,0,2
64,64,0,1,31,1,0,0
70,70,0,1,0,1,0,2
234,234,0,4,12,4,0,0
146,146,0,1,0,1,0,1
9818,2036,7782,28,31,12,16,0
170,87,83,2,30,1,1,0
316,136,180,6,7,3,3,0
735,88,647,2,31,1,1,0
70,70,0,1,0,1,0,2
143,143,0,1,0,1,0,1
165,86,79,2,30,1,1,0
74,74,0,1,0,1,0,1
66,66,0,1,0,1,0,2
309,118,191,2,30,1,1,0
62,62,0,1,0,1,0,1
70,70,0,1,0,1,0,2
66,66,0,1,5,1,0,0
320,140,180,6,6,3,3,0
70,70,0,1,0,1,0,2
60,60,0,1,0,1,0,1
66,66,0,1,0,1,0,1
66,66,0,1,0,1,0,2
183,94,89,2,29,1,1,0
146,146,0,1,0,1,0,1
62,62,0,1,0,1,0,1
70,70,0,1,0,1,0,2
66,66,0,1,0,1,0,2
11184,6821,4363,27,53,14,13,0
3386,2365,1021,19,39,11,8,0
70,70,0,1,0,1,0,2
193,102,91,2,31,1,1,0
6201,1790,4411,24,330,13,11,0
168,86,82,2,34,1,1,0
66,66,0,1,0,1,0,2
66,66,0,1,0,1,0,2
490,264,226,8,35,5,3,0
3444,1730,1714,16,33,8,8,0
173,94,79,2,30,1,1,0
10015,6047,3968,22,122,12,10,0
6049,1986,4063,23,19,12,11,0
70,70,0,1,0,1,0,2
70,70,0,1,0,1,0,2
70,70,0,1,0,1,0,2
177,94,83,2,29,1,1,0
73341,3336,70005,85,48,27,58,0
66,66,0,1,0,1,0,1
146,146,0,1,0,1,0,1
66,66,0,1,5,1,0,0
55608,48375,7233,140,95,81,59,0
70,70,0,1,0,1,0,2
62,62,0,1,0,1,0,1
62,62,0,1,0,1,0,1
10412,5123,5289,36,236,19,17,0
5743,1339,4404,18,180,8,10,0
70,70,0,1,0,1,0,2
177,94,83,2,29,1,1,0
66,66,0,1,0,1,0,1
314,102,212,2,29,1,1,0
15177,5713,9464,37,120,17,20,0
4903,4061,842,11,26,6,5,0
772,103,669,2,30,1,1,0
12015,3771,8244,41,18,23,18,0
98,98,0,1,0,1,0,1
70,70,0,2,7,2,0,0
3319,2176,1143,21,15,11,10,0
62,62,0,1,0,1,0,1
32829,8718,24111,41,17,18,23,0
70,70,0,1,5,1,0,0
70,70,0,1,0,1,0,2
66,66,0,1,0,1,0,1
8376,2231,6145,25,330,12,13,0
66,66,0,1,0,1,0,2
66,66,0,1,0,1,0,2
6136,1916,4220,28,15,16,12,0
676,367,309,6,1200,3,3,0
66,66,0,1,0,1,0,1
1123758,19319,1104439,1037,133,278,759,0
10274,3806,6468,26,413,14,12,0
66,66,0,1,0,1,0,2
199,94,105,2,30,1,1,0
198,94,104,2,30,1,1,0
60,60,0,1,0,1,0,1
70,70,0,1,0,1,0,2
9115,1269,7846,21,31,12,9,0
66,66,0,1,0,1,0,1
70,70,0,1,0,1,0,2
62,62,0,1,0,1,0,1
143,143,0,1,0,1,0,1
554,258,296,9,13,5,4,0
70,70,0,1,0,1,0,2
165,86,79,2,30,1,1,0
166,166,0,1,1199,1,0,0
2542,1504,1038,16,20,9,7,0
66,66,0,1,0,1,0,2
146,146,0,1,0,1,0,1
70,70,0,2,7,2,0,0
198,102,96,2,30,1,1,0
146,146,0,1,0,1,0,1
214,110,104,2,29,1,1,0
78,78,0,2,8,2,0,0
4327,674,3653,14,25,8,6,0
167,86,81,2,29,1,1,0
66,66,0,1,0,1,0,2
62,62,0,1,0,1,0,1
70,70,0,1,5,1,0,0
1718,1386,332,8,30,4,4,0
70,70,0,1,0,1,0,2
2099,676,1423,13,15,7,6,0
232,172,60,3,5,2,1,0
62,62,0,1,0,1,0,1
66,66,0,1,0,1,0,2
37364,16799,20565,189,53,87,102,0
62,62,0,1,0,1,0,1
10981,2295,8686,32,63,16,16,0
70,70,0,1,4,1,0,0
7118,2618,4500,21,30,12,9,0
62,62,0,1,0,1,0,1
7890,1901,5989,20,15,11,9,0
3127,676,2451,15,19,7,8,0
196,100,96,2,30,1,1,0
312,132,180,6,6,3,3,0
66,66,0,1,0,1,0,2
66,66,0,1,0,1,0,1
86,86,0,1,0,1,0,1
211,78,133,2,30,1,1,0
177,94,83,2,30,1,1,0
424,210,214,7,131,4,3,0
13750,4934,8816,64,167,31,33,0
4418,789,3629,13,54,6,7,0
4064,607,3457,12,45,6,6,0
66,66,0,1,0,1,0,2
70,70,0,1,29,1,0,0
62,62,0,1,0,1,0,1
62,62,0,1,0,1,0,1
92275,4799,87476,107,16,43,64,0
70,70,0,1,5,1,0,0
70,70,0,1,0,1,0,2
219803,9390,210413,222,49,72,150,0
66,66,0,1,0,1,0,2
7461,2841,4620,19,103,11,8,0
200,102,98,2,33,1,1,0
190,97,93,2,31,1,1,0
1868,1229,639,18,177,11,7,0
3811,1538,2273,20,135,10,10,0
70,70,0,1,0,1,0,2
62,62,0,1,0,1,0,1
70,70,0,1,0,1,0,2
130,70,60,2,15,1,1,0
433834,12764,421070,452,32,156,296,0
196,94,102,2,30,1,1,0
442,320,122,7,17,5,2,0
21204,10998,10206,51,392,27,24,0
2535,1177,1358,16,28,7,9,0
216,102,114,2,30,1,1,0
60,60,0,1,0,1,0,1
199,102,97,2,29,1,1,0
183,94,89,2,30,1,1,0
816,102,714,2,30,1,1,0
44955,1023,43932,48,15,15,33,0
256,114,142,2,30,1,1,0
788,108,680,2,31,1,1,0
62,62,0,1,0,1,0,1
235,90,145,2,32,1,1,0
62,62,0,1,0,1,0,1
66,66,0,1,0,1,0,1
70,70,0,1,0,1,0,2
66,66,0,1,0,1,0,1
10872190,337459,10534731,12500,208,5532,6968,0
60,60,0,1,0,1,0,1
225,78,147,2,30,1,1,0
146,146,0,1,0,1,0,1
318,192,126,6,25,4,2,0
173,94,79,2,31,1,1,0
66,66,0,1,0,1,0,2
78,78,0,1,0,1,0,1
70,70,0,1,0,1,0,2
62,62,0,1,0,1,0,1
8318,2850,5468,54,255,27,27,0
62,62,0,1,0,1,0,1
66,66,0,1,0,1,0,1
66,66,0,1,0,1,0,2
9156,2109,7047,27,32,15,12,0
209,102,107,2,30,1,1,0
10483,1021,9462,30,100,11,19,0
221,89,132,2,30,1,1,0
359,86,273,2,30,1,1,0
23509,14666,8843,70,553,38,32,0
114613,6365,108248,134,26,51,83,0
1616,1302,314,10,15,5,5,0
70,70,0,1,0,1,0,2
66,66,0,1,0,1,0,1
552,306,246,9,16,5,4,0
33865,6559,27306,67,67,34,33,0
62,62,0,1,0,1,0,1
70,70,0,1,5,1,0,0
70,70,0,1,0,1,0,2
66,66,0,1,0,1,0,1
197,102,95,2,30,1,1,0
146,146,0,1,0,1,0,1
70,70,0,1,0,1,0,2
3238,2021,1217,16,16,8,8,0
183,94,89,2,31,1,1,0
66,66,0,1,0,1,0,2
6337,1378,4959,19,140,9,10,0
82,82,0,1,31,1,0,0
62,62,0,1,0,1,0,1
5037,1135,3902,16,18,9,7,0
193,102,91,2,31,1,1,0
66,66,0,1,0,1,0,1
62,62,0,1,0,1,0,1
502,150,352,2,1200,1,1,0
70,70,0,1,0,1,0,2
395,99,296,4,57,2,2,0
66,66,0,1,0,1,0,2
193,102,91,2,30,1,1,0
62,62,0,1,0,1,0,1
70,70,0,1,0,1,0,2
62,62,0,1,0,1,0,1
66,66,0,1,0,1,0,1
398,255,143,3,32,2,1,0
70,70,0,1,0,1,0,2
62,62,0,1,0,1,0,1
1666,1130,536,12,16,7,5,0
66,66,0,1,0,1,0,1
70,70,0,1,0,1,0,2
66,66,0,1,0,1,0,1
66,66,0,1,0,1,0,1
292,110,182,2,30,1,1,0
4874459,114404,4760055,4469,188,1112,3357,0
163,163,0,1,1200,1,0,0
66,66,0,1,0,1,0,1
237,91,146,2,33,1,1,0
70,70,0,1,0,1,0,2
66,66,0,1,0,1,0,1
31919,3528,28391,49,323,19,30,0
66,66,0,1,0,1,0,2
28291,3346,24945,46,144,25,21,0
19544,8237,11307,29,121,13,16,0
2983,1667,1316,25,153,12,13,0
62,62,0,1,0,1,0,1
15450,6149,9301,106,177,47,59,0
66,66,0,1,0,1,0,2
70,70,0,1,0,1,0,2
24317,1518,22799,38,218,16,22,0
578,286,292,9,16,5,4,0
66,66,0,1,0,1,0,1
70,70,0,1,0,1,0,2
66,66,0,1,0,1,0,1
4201,2089,2112,11,120,6,5,0
7551,2807,4744,42,26,22,20,0
172,88,84,2,30,1,1,0
62,62,0,1,0,1,0,1
10272889,104948,10167941,8416,121,1525,6891,0
499,425,74,4,0,3,1,0
193,102,91,2,30,1,1,0
33712,928,32784,36,104,11,25,0
443,182,261,6,29,3,3,0
70,70,0,1,5,1,0,0
66,66,0,1,0,1,0,1
19675,10416,9259,53,81,30,23,0
11771,2624,9147,50,20,25,25,0
195,94,101,2,29,1,1,0
295,78,217,2,30,1,1,0
66,66,0,1,0,1,0,2
60,60,0,1,0,1,0,1
229,89,140,2,30,1,1,0
402,342,60,2,15,1,1,0
349,91,258,2,30,1,1,0
199,94,105,2,30,1,1,0
70,70,0,1,0,1,0,2
2118582,46411,2072171,2066,90,617,1449,0
70,70,0,1,0,1,0,2
404,259,145,3,33,2,1,0
2907,1719,1188,17,361,9,8,0
258,94,164,2,30,1,1,0
66,66,0,1,0,1,0,2
46348,20067,26281,75,60,37,38,0
72,72,0,1,0,1,0,1
70,70,0,1,0,1,0,2
4989,1014,3975,16,32,9,7,0
70,70,0,1,5,1,0,0
9262,2792,6470,53,616,28,25,0
185,102,83,2,30,1,1,0
277,94,183,4,60,2,2,0
732,89,643,2,30,1,1,0
177,94,83,2,30,1,1,0
70,70,0,1,0,1,0,2
70,70,0,1,0,1,0,2
70,70,0,1,0,1,0,2
70,70,0,1,0,1,0,2
66,66,0,1,0,1,0,2
260,78,182,2,30,1,1,0
70,70,0,2,8,2,0,0
199,102,97,2,30,1,1,0
6903,3076,3827,20,136,10,10,0
11816,3175,8641,32,46,16,16,0
62,62,0,1,0,1,0,1
216,102,114,2,30,1,1,0
62,62,0,1,0,1,0,1
211,110,101,2,29,1,1,0
70,70,0,1,0,1,0,2
4456,1889,2567,11,39,6,5,0
70,70,0,1,0,1,0,2
62,62,0,1,0,1,0,1
264,102,162,2,30,1,1,0
245,94,151,2,30,1,1,0
23766,10707,13059,80,42,41,39,0
66,66,0,1,0,1,0,2
62,62,0,1,0,1,0,1
6969,2162,4807,20,15,11,9,0
177,94,83,2,30,1,1,0
2319947,69322,2250625,2464,70,870,1594,0
204,118,86,2,30,1,1,0
60,60,0,1,0,1,0,1
70,70,0,1,0,1,0,2
70,70,0,1,0,1,0,2
60,60,0,1,0,1,0,1
66,66,0,1,0,1,0,2
130,70,60,2,5,1,1,0
184,94,90,2,30,1,1,0
360,110,250,2,29,1,1,0
767,102,665,2,29,1,1,0
7307,841,6466,18,126,9,9,0
66,66,0,1,0,1,0,1
8162,1364,6798,22,16,11,11,0
70,70,0,1,0,1,0,2
62,62,0,1,0,1,0,1
902,126,776,2,30,1,1,0
498507,26210,472297,544,207,200,344,0
502,150,352,2,1200,1,1,0
70,70,0,1,0,1,0,2
146,146,0,1,0,1,0,1
183,94,89,2,30,1,1,0
66,66,0,1,0,1,0,2
330,330,0,6,3609,6,0,0
2027060,31188,1995872,1708,77,321,1387,0
9462,2297,7165,23,15,13,10,0
70,70,0,1,0,1,0,1
260,102,158,2,30,1,1,0
27650,12347,15303,47,53,24,23,0
62,62,0,1,0,1,0,1
62,62,0,1,0,1,0,1
124,64,60,2,15,1,1,0
70,70,0,1,0,1,0,2
199,102,97,2,30,1,1,0
3909,369,3540,16,35,5,11,0
156,94,62,2,30,1,1,0
2399,1799,600,15,120,10,5,0
132,132,0,3,1199,3,0,0
70,70,0,1,0,1,0,2
66,66,0,1,0,1,0,1
306,180,126,6,26,4,2,0
2537,1268,1269,23,186,12,11,0
252,102,150,2,30,1,1,0
70,70,0,1,0,1,0,2
300,99,201,4,38,2,2,0
821,102,719,2,30,1,1,0
60,60,0,1,0,1,0,1
202,202,0,3,46,3,0,0
130,70,60,2,15,1,1,0
184,94,90,2,30,1,1,0
196,102,94,2,31,1,1,0
177,94,83,2,30,1,1,0
6392,1025,5367,18,27,9,9,0
24367,4634,19733,52,49,26,26,0
1625,838,787,18,92,10,8,0
4661,1754,2907,19,30,11,8,0
66,66,0,1,0,1,0,1
60,60,0,1,0,1,0,1
254281,66535,187746,336,317,183,153,0
70,70,0,1,0,1,0,2
70,70,0,2,8,2,0,0
72734,3432,69302,83,25,31,52,0
70,70,0,1,0,1,0,2
145,145,0,1,0,1,0,1
4660,3048,1612,31,81,15,16,0
70,70,0,1,0,1,0,2
70,70,0,1,0,1,0,2
70,70,0,1,0,1,0,2
66,66,0,1,0,1,0,2
234,94,140,2,30,1,1,0
5691,503,5188,14,15,7,7,0
60,60,0,1,0,1,0,1
3182,1568,1614,8,120,4,4,0
726,85,641,2,31,1,1,0
70,70,0,1,0,1,0,2
1273,1273,0,1,0,1,0,1
70,70,0,1,0,1,0,2
3781,1917,1864,23,396,7,16,0
66,66,0,1,0,1,0,2
70,70,0,1,0,1,0,2
146,146,0,1,0,1,0,1
177,94,83,2,29,1,1,0
199,94,105,2,30,1,1,0
66,66,0,1,0,1,0,1
66,66,0,1,0,1,0,2
66,66,0,1,0,1,0,1
62,62,0,1,0,1,0,1
402,118,284,2,30,1,1,0
1269,548,721,10,15,6,4,0
66,66,0,1,0,1,0,2
237,91,146,2,33,1,1,0
159,159,0,1,0,1,0,1
316,136,180,6,7,3,3,0
66,66,0,1,0,1,0,1
186,95,91,2,30,1,1,0
62,62,0,1,0,1,0,1
130,70,60,2,29,1,1,0
66,66,0,1,0,1,0,2
62,62,0,1,0,1,0,1
214,97,117,2,30,1,1,0
328599,275779,52820,868,342,483,385,0
66,66,0,1,0,1,0,1
480,149,331,2,1200,1,1,0
335,97,238,4,31,2,2,0
70,70,0,1,0,1,0,2
183,94,89,2,31,1,1,0
4748,1841,2907,19,26,11,8,0
3068,1678,1390,17,242,9,8,0
70,70,0,2,8,2,0,0
525,110,415,2,30,1,1,0
70,70,0,1,0,1,0,2
70,70,0,1,0,1,0,2
70,70,0,1,0,1,0,2
214,110,104,2,30,1,1,0
66,66,0,1,0,1,0,2
70,70,0,1,0,1,0,2
10382,3262,7120,30,142,16,14,0
9012,4718,4294,43,81,21,22,0
70,70,0,1,0,1,0,2
62,62,0,1,0,1,0,1
204,104,100,2,31,1,1,0
70,70,0,1,5,1,0,0
23394,1667,21727,38,18,20,18,0
70,70,0,1,0,1,0,2
66,66,0,1,0,1,0,1
66,66,0,2,9,2,0,0
60,60,0,1,0,1,0,1
66,66,0,2,7,2,0,0
66,66,0,1,0,1,0,2
70,70,0,1,5,1,0,0
70,70,0,1,0,1,0,2
386,134,252,2,30,1,1,0
62,62,0,1,0,1,0,1
60,60,0,1,0,1,0,1
218,77,141,2,30,1,1,0
70,70,0,1,0,1,0,2
136,136,0,3,14,3,0,0
1840,1242,598,11,16,6,5,0
70,70,0,2,7,2,0,0
66,66,0,1,0,1,0,1
148,148,0,1,0,1,0,1
70,70,0,1,0,1,0,2
711,87,624,2,30,1,1,0
62,62,0,1,0,1,0,1
1098,672,426,14,734,8,6,0
320,140,180,6,5,3,3,0
80828,20592,60236,124,180,54,70,0
66,66,0,1,0,1,0,1
12402,3972,8430,46,138,26,20,0
183,94,89,2,30,1,1,0
70,70,0,1,0,1,0,2
209,110,99,2,31,1,1,0
66,66,0,1,0,1,0,1
70,70,0,1,0,1,0,2
66,66,0,1,0,1,0,1
66,66,0,1,0,1,0,1
1130,613,517,11,15,6,5,0
3562,1936,1626,48,193,24,24,0
41321,1491,39830,52,41,15,37,0
312,140,172,4,30,2,2,0
62,62,0,1,0,1,0,1
70,70,0,1,0,1,0,2
62,62,0,1,0,1,0,1
66,66,0,1,0,1,0,1
70,70,0,1,0,1,0,2
62,62,0,1,0,1,0,1
12646,7169,5477,53,198,25,28,0
202622,12371,190251,264,22,132,132,0
70,70,0,1,0,1,0,2
70,70,0,1,0,1,0,2
314,192,122,6,15,4,2,0
70,70,0,2,5,2,0,0
18811,1868,16943,22,142,7,15,0
66,66,0,1,0,1,0,1
8659,3601,5058,34,80,18,16,0
3384,762,2622,15,135,7,8,0
66,66,0,1,0,1,0,2
199,102,97,2,30,1,1,0
7950,2502,5448,38,15,22,16,0
66,66,0,1,0,1,0,2
60,60,0,1,0,1,0,1
70,70,0,1,0,1,0,2
10676,6719,3957,23,141,12,11,0
62,62,0,1,0,1,0,1
143,143,0,1,0,1,0,1
168,86,82,2,31,1,1,0
952,291,661,8,68,4,4,0
62,62,0,1,0,1,0,1
195,102,93,2,29,1,1,0
62,62,0,1,0,1,0,1
10518,3356,7162,24,121,11,13,0
223826,45909,177917,356,44,176,180,0
70,70,0,1,0,1,0,2
70,70,0,1,0,1,0,2
66,66,0,1,0,1,0,2
62,62,0,1,0,1,0,1
203,82,121,2,30,1,1,0
216,110,106,2,30,1,1,0
207,118,89,2,1200,1,1,0
363,92,271,4,31,2,2,0
62,62,0,1,0,1,0,1
70,70,0,2,8,2,0,0
210,110,100,2,30,1,1,0
1260,636,624,9,30,5,4,0
467,96,371,4,44,2,2,0
711,87,624,2,31,1,1,0
207895,10483,197412,229,141,90,139,0
70,70,0,1,0,1,0,2
70,70,0,1,5,1,0,0
66,66,0,1,0,1,0,2
239,94,145,2,31,1,1,0
60,60,0,1,0,1,0,1
60,60,0,1,0,1,0,1
8786,4118,4668,80,200,41,39,0
66,66,0,1,0,1,0,2
424,108,316,4,55,2,2,0
66,66,0,1,90,1,0,0
66,66,0,1,0,1,0,1
66,66,0,1,0,1,0,1
70,70,0,1,0,1,0,2
62,62,0,1,0,1,0,1
3142,1386,1756,8,31,4,4,0
6043,1568,4475,11,120,4,7,0
22646,1660,20986,29,135,10,19,0
3560269,64410,3495859,2930,132,383,2547,0
70,70,0,1,0,1,0,2
70,70,0,1,0,1,0,2
60,60,0,1,0,1,0,1
60,60,0,1,0,1,0,1
70,70,0,1,0,1,0,2
18895,2061,16834,34,18,18,16,0
70,70,0,1,0,1,0,2
1403116,30089,1373027,1321,32,404,917,0
453,251,202,4,1200,2,2,0
70,70,0,1,0,1,0,2
9608,746,8862,19,82,9,10,0
209,110,99,2,30,1,1,0
70,70,0,1,4,1,0,0
66,66,0,1,0,1,0,1
66,66,0,1,0,1,0,2
199,102,97,2,30,1,1,0
146,146,0,1,0,1,0,1
66,66,0,1,0,1,0,1
70,70,0,1,0,1,0,2
70,70,0,1,0,1,0,2
62,62,0,1,0,1,0,1
193,102,91,2,31,1,1,0
145,145,0,1,0,1,0,1
25575,16682,8893,57,21,31,26,0
103968,5475,98493,141,18,63,78,0
66,66,0,1,0,1,0,1
66,66,0,1,0,1,0,1
227,110,117,2,31,1,1,0
66,66,0,1,0,1,0,1
60,60,0,1,0,1,0,1
11575,902,10673,20,46,11,9,0
346,346,0,1,0,1,0,1
214,140,74,4,15,3,1,0
66,66,0,1,0,1,0,1
16709,10372,6337,31,52,16,15,0
66,66,0,1,0,1,0,1
70,70,0,2,8,2,0,0
66,66,0,1,0,1,0,1
480,149,331,2,1200,1,1,0
62,62,0,1,0,1,0,1
130,70,60,2,5,1,1,0
62,62,0,1,0,1,0,1
2484,330,2154,12,135,5,7,0
66,66,0,1,0,1,0,2
994,86,908,2,29,1,1,0
214,110,104,2,30,1,1,0
335,93,242,4,32,2,2,0
62,62,0,1,0,1,0,1
209,110,99,2,30,1,1,0
199,102,97,2,30,1,1,0
70,70,0,1,4,1,0,0
66,66,0,1,0,1,0,2
70,70,0,1,0,1,0,2
402,132,270,6,1209,3,3,0
66,66,0,1,0,1,0,2
62,62,0,1,0,1,0,1
70,70,0,1,0,1,0,2
309,94,215,2,30,1,1,0
319,98,221,4,53,2,2,0
66,66,0,1,0,1,0,2
168,78,90,2,31,1,1,0
93,93,0,1,30,1,0,0
66,66,0,1,0,1,0,1
867,126,741,2,30,1,1,0
66,66,0,1,0,1,0,2
8623,4829,3794,44,195,22,22,0
62,62,0,1,0,1,0,1
62,62,0,1,4,1,0,0
66,66,0,1,0,1,0,2
196,102,94,2,31,1,1,0
97,97,0,1,0,1,0,1
66,66,0,1,0,1,0,2
66,66,0,1,0,1,0,1
3734,1750,1984,24,203,12,12,0
62,62,0,1,0,1,0,1
66,66,0,1,0,1,0,2
216,110,106,2,30,1,1,0
60,60,0,1,0,1,0,1
62,62,0,1,0,1,0,1
62,62,0,1,0,1,0,1
143,143,0,1,0,1,0,1
66,66,0,1,0,1,0,2
8198,2252,5946,29,318,14,15,0
304,86,218,2,29,1,1,0
66,66,0,1,0,1,0,2
66,66,0,1,0,1,0,2
193,102,91,2,30,1,1,0
70,70,0,2,8,2,0,0
168,86,82,2,30,1,1,0
60,60,0,1,0,1,0,1
94,94,0,1,30,1,0,0
66,66,0,1,0,1,0,1
66,66,0,1,0,1,0,2
21219,1329,19890,32,122,13,19,0
711,87,624,2,30,1,1,0
1507,454,1053,10,15,5,5,0
492,306,186,8,15,5,3,0
1288,754,534,13,50,5,8,0
532687,14365,518322,560,20,211,349,0
48877,5205,43672,95,93,32,63,0
62,62,0,1,0,1,0,1
8034,400,7634,14,193,2,12,0
49752,4187,45565,87,100,45,42,0
60,60,0,1,0,1,0,1
66,66,0,1,0,1,0,1
66,66,0,1,0,1,0,2
70,70,0,1,0,1,0,2
13210,3034,10176,47,153,19,28,0
214,110,104,2,30,1,1,0
5168,700,4468,16,15,7,9,0
4378,1471,2907,19,30,11,8,0
146,146,0,1,0,1,0,1
168,78,90,2,30,1,1,0
66,66,0,1,0,1,0,1
308,102,206,2,30,1,1,0
66,66,0,1,0,1,0,1
295,101,194,4,49,2,2,0
177,86,91,2,30,1,1,0
17982,2337,15645,34,127,16,18,0
66,66,0,1,0,1,0,2
70,70,0,1,0,1,0,2
9032,2244,6788,36,255,17,19,0
178,94,84,2,29,1,1,0
70,70,0,2,8,2,0,0
66,66,0,1,0,1,0,2
62,62,0,1,0,1,0,1
508,256,252,9,75,5,4,0
280,140,140,5,130,3,2,0
70,70,0,1,0,1,0,2
4988,2667,2321,15,38,10,5,0
139,70,69,2,30,1,1,0
146,146,0,1,0,1,0,1
211,78,133,2,30,1,1,0
731,85,646,2,31,1,1,0
66,66,0,1,0,1,0,1
60,60,0,1,0,1,0,1
1237,369,868,6,1199,3,3,0
66,66,0,1,0,1,0,1
268,78,190,2,30,1,1,0
82,82,0,1,31,1,0,0
66,66,0,1,0,1,0,2
66,66,0,1,0,1,0,2
70,70,0,1,0,1,0,2
184,94,90,2,29,1,1,0
168,86,82,2,30,1,1,0
70,70,0,1,0,1,0,2
10293,2881,7412,25,45,14,11,0
62,62,0,1,0,1,0,1
66,66,0,1,0,1,0,1
70,70,0,2,8,2,0,0
74,74,0,1,0,1,0,1
240,98,142,2,30,1,1,0
70,70,0,1,0,1,0,2
70,70,0,1,0,1,0,2
198,101,97,2,30,1,1,0
3019,716,2303,12,23,7,5,0
2090,1218,872,15,140,8,7,0
66,66,0,1,0,1,0,1
826,826,0,8,44,8,0,0
701,88,613,2,30,1,1,0
70,70,0,1,0,1,0,2
404,259,145,3,32,2,1,0
66,66,0,1,0,1,0,1
70,70,0,1,0,1,0,2
66,66,0,1,0,1,0,2
62,62,0,1,0,1,0,1
62,62,0,1,0,1,0,1
235,90,145,2,32,1,1,0
5964,3582,2382,17,136,8,9,0
70,70,0,1,0,1,0,2
3734,1750,1984,24,203,12,12,0
193,102,91,2,29,1,1,0
1769338,65258,1704080,1935,1200,735,1200,0
62,62,0,1,0,1,0,1
9003,2598,6405,33,345,15,18,0
66,66,0,1,0,1,0,2
78,78,0,1,0,1,0,1
66,66,0,1,0,1,0,2
491,150,341,2,1199,1,1,0
66,66,0,1,0,1,0,1
70,70,0,1,0,1,0,2
62,62,0,1,0,1,0,1
1087632,32231,1055401,1112,53,334,778,0
70,70,0,1,0,1,0,2
183,94,89,2,30,1,1,0
66,66,0,1,0,1,0,1
671,313,358,7,75,4,3,0
1095399,7129,1088270,832,37,106,726,0
66,66,0,1,5,1,0,0
2119,808,1311,12,16,7,5,0
222,94,128,2,30,1,1,0
68,68,0,1,0,1,0,1
235,90,145,2,33,1,1,0
62,62,0,1,0,1,0,1
74,74,0,1,0,1,0,1
70,70,0,2,8,2,0,0
416,210,206,7,57,4,3,0
216,110,106,2,30,1,1,0
180,180,0,4,11,4,0,0
70,70,0,1,0,1,0,2
30853,2456,28397,48,78,25,23,0
66,66,0,1,0,1,0,2
60,60,0,1,0,1,0,1
70,70,0,1,0,1,0,2
70,70,0,1,0,1,0,2
165,86,79,2,30,1,1,0
70,70,0,1,0,1,0,2
9753,1572,8181,22,362,11,11,0
196,100,96,2,31,1,1,0
70,70,0,1,0,1,0,2
751,95,656,2,30,1,1,0
199,102,97,2,29,1,1,0
509,150,359,2,1200,1,1,0
1514,480,1034,11,16,6,5,0
148,148,0,1,0,1,0,1
146,146,0,1,0,1,0,1
142,142,0,1,4,1,0,0
2386,1423,963,18,169,10,8,0
9732,8170,1562,18,38,10,8,0
887,126,761,2,30,1,1,0
70,70,0,1,0,1,0,2
70,70,0,2,8,2,0,0
8416,1247,7169,21,152,10,11,0
193,102,91,2,30,1,1,0
70,70,0,1,0,1,0,2
66,66,0,1,0,1,0,2
70,70,0,1,0,1,0,2
198,101,97,2,30,1,1,0
62,62,0,1,0,1,0,1
316,136,180,6,6,3,3,0
66,66,0,1,0,1,0,2
256711,14141,242570,367,96,152,215,0
710,89,621,2,0,1,1,0
70,70,0,1,0,1,0,2
66,66,0,1,0,1,0,1
70,70,0,1,5,1,0,0
7448,1347,6101,24,16,13,11,0
70,70,0,1,0,1,0,2
324,150,174,2,1200,1,1,0
1118883,33814,1085069,1206,48,451,755,0
167,86,81,2,30,1,1,0
15686,1227,14459,24,20,11,13,0
66,66,0,1,0,1,0,1
194,102,92,2,30,1,1,0
196,94,102,2,30,1,1,0
13120,8597,4523,34,17,18,16,0
62,62,0,1,0,1,0,1
70,70,0,1,0,1,0,2
305,97,208,4,53,2,2,0
70,70,0,1,0,1,0,2
70,70,0,1,0,1,0,2
6162,925,5237,18,108,10,8,0
66,66,0,1,0,1,0,1
70,70,0,1,0,1,0,2
735,462,273,2,30,1,1,0
145,145,0,1,0,1,0,1
177,94,83,2,29,1,1,0
291,88,203,4,50,2,2,0
5349,1928,3421,17,114,10,7,0
3868,2218,1650,19,39,11,8,0
66,66,0,1,0,1,0,1
70,70,0,2,8,2,0,0
70,70,0,1,0,1,0,2
66,66,0,1,0,1,0,2
78,78,0,2,8,2,0,0
63319,6716,56603,91,19,45,46,0
193,102,91,2,30,1,1,0
62,62,0,1,0,1,0,1
62,62,0,1,0,1,0,1
195,102,93,2,30,1,1,0
70,70,0,1,0,1,0,2
4425,2641,1784,21,33,12,9,0
2270,1303,967,20,102,11,9,0
195,94,101,2,30,1,1,0
103,103,0,1,0,1,0,1
1853,1214,639,18,156,11,7,0
195,102,93,2,30,1,1,0
168,78,90,2,30,1,1,0
70,70,0,1,0,1,0,2
70,70,0,1,0,1,0,2
66,66,0,1,0,1,0,2
1275,1275,0,1,0,1,0,1
194,70,124,3,11,1,2,0
170,75,95,2,29,1,1,0
62,62,0,1,0,1,0,1
402,132,270,6,1208,3,3,0
66,66,0,1,0,1,0,2
183,94,89,2,31,1,1,0
70,70,0,1,0,1,0,2
60,60,0,1,0,1,0,1
62,62,0,1,0,1,0,1
5997,978,5019,19,53,10,9,0
164,84,80,2,30,1,1,0
234,234,0,4,12,4,0,0
126,60,66,3,6,2,1,0
143,143,0,1,0,1,0,1
212,102,110,2,30,1,1,0
66,66,0,1,0,1,0,2
66,66,0,1,0,1,0,1
66,66,0,1,0,1,0,1
78,78,0,1,4,1,0,0
7939,955,6984,22,107,11,11,0
70,70,0,1,0,1,0,2
288,94,194,2,30,1,1,0
143921,6996,136925,152,174,42,110,0
168,78,90,2,30,1,1,0
424,198,226,7,141,4,3,0
27444,3840,23604,58,161,28,30,0
210,110,100,2,30,1,1,0
74,74,0,1,0,1,0,1
70,70,0,1,0,1,0,2
74,74,0,1,0,1,0,1
246,66,180,4,7,2,2,0
86,86,0,1,4,1,0,0
480,149,331,2,1200,1,1,0
389,134,255,2,30,1,1,0
225,110,115,2,30,1,1,0
438,94,344,2,29,1,1,0
70,70,0,1,0,1,0,2
402,118,284,2,30,1,1,0
70,70,0,1,0,1,0,2
42437,8035,34402,79,247,30,49,0
70,70,0,1,0,1,0,2
70,70,0,1,0,1,0,2
2044,1024,1020,17,80,9,8,0
194,102,92,2,30,1,1,0
763,102,661,2,30,1,1,0
130,70,60,3,5,2,1,0
526,197,329,6,49,3,3,0
60,60,0,1,0,1,0,1
60,60,0,1,0,1,0,1
70,70,0,1,0,1,0,2
309313,41646,267667,433,486,113,320,0
4355,2135,2220,15,136,7,8,0
70,70,0,1,0,1,0,2
195,102,93,2,30,1,1,0
194,102,92,2,30,1,1,0
66,66,0,1,0,1,0,1
70,70,0,1,0,1,0,2
584465,23057,561408,694,36,303,391,0
201243,14555,186688,357,158,145,212,0
7565,2187,5378,27,24,15,12,0
86,86,0,1,30,1,0,0
438,180,258,6,30,3,3,0
3775,1791,1984,24,203,12,12,0
70,70,0,1,0,1,0,2
8083,2502,5581,40,16,22,18,0
70,70,0,1,0,1,0,2
70,70,0,1,0,1,0,2
2568507,98538,2469969,2956,65,1228,1728,0
66,66,0,1,0,1,0,2
156,156,0,1,0,1,0,1
66,66,0,1,0,1,0,2
6197,843,5354,21,27,10,11,0
199,102,97,2,30,1,1,0
18814,10011,8803,42,129,21,21,0
260,86,174,2,30,1,1,0
70,70,0,1,0,1,0,2
730,102,628,2,30,1,1,0
177,94,83,2,29,1,1,0
66,66,0,1,0,1,0,1
8616,2683,5933,30,459,15,15,0
416,210,206,7,15,4,3,0
145,145,0,1,0,1,0,1
11513,2842,8671,31,18,15,16,0
70,70,0,2,8,2,0,0
195,102,93,2,30,1,1,0
7875,3100,4775,42,24,22,20,0
7648,3641,4007,29,42,13,16,0
66,66,0,1,0,1,0,1
190,97,93,2,31,1,1,0
62,62,0,1,0,1,0,1
66,66,0,1,0,1,0,2
190,97,93,2,30,1,1,0
179518,128,179390,173,37,3,170,0
6320,1382,4938,24,167,13,11,0
451,124,327,4,45,2,2,0
5734,498,5236,14,15,7,7,0
764,698,66,6,15,5,1,0
150,150,0,1,1200,1,0,0
60,60,0,1,0,1,0,1
62,62,0,1,0,1,0,1
142,142,0,1,5,1,0,0
7925,1878,6047,26,66,12,14,0
62,62,0,1,0,1,0,1
66,66,0,1,0,1,0,1
62,62,0,1,0,1,0,1
66,66,0,1,0,1,0,2
66,66,0,1,0,1,0,1
182,102,80,2,30,1,1,0
70,70,0,1,0,1,0,2
60,60,0,1,0,1,0,1
70,70,0,1,0,1,0,2
41822,2038,39784,56,15,27,29,0
6405463,157088,6248375,6383,90,2146,4237,0
6248,829,5419,17,29,9,8,0
7608,1824,5784,34,171,19,15,0
594,174,420,2,31,1,1,0
146,146,0,1,0,1,0,1
1114,534,580,12,16,7,5,0
74,74,0,1,0,1,0,1
66,66,0,1,0,1,0,2
70,70,0,1,0,1,0,2
289,86,203,2,30,1,1,0
9189,3144,6045,19,28,11,8,0
231,111,120,2,1200,1,1,0
70,70,0,1,0,1,0,2
66,66,0,1,0,1,0,1
66,66,0,1,0,1,0,1
62,62,0,1,0,1,0,1
198,101,97,2,31,1,1,0
62,62,0,1,0,1,0,1
9105,1930,7175,18,16,9,9,0
167,86,81,2,31,1,1,0
199,86,113,2,29,1,1,0
249,102,147,2,29,1,1,0
60,60,0,1,0,1,0,1
62,62,0,1,0,1,0,1
718,94,624,2,30,1,1,0
66,66,0,1,0,1,0,2
66,66,0,1,0,1,0,1
70,70,0,1,1200,1,0,0
66,66,0,1,0,1,0,2
1056,682,374,10,15,6,4,0
12982,7168,5814,50,165,23,27,0
1053,566,487,10,16,6,4,0
66,66,0,1,0,1,0,2
146,146,0,1,0,1,0,1
62,62,0,1,0,1,0,1
146,146,0,1,0,1,0,1
62,62,0,1,0,1,0,1
66,66,0,1,0,1,0,2
6622,2246,4376,21,46,12,9,0
184,94,90,2,30,1,1,0
11375,1770,9605,27,55,15,12,0
62,62,0,1,0,1,0,1
70,70,0,1,0,1,0,2
237,91,146,2,32,1,1,0
62,62,0,1,0,1,0,1
24474,2101,22373,38,48,19,19,0
8536,2068,6468,36,18,16,20,0
70,70,0,2,8,2,0,0
5614,733,4881,16,15,9,7,0
3562,1936,1626,48,194,24,24,0
70,70,0,1,0,1,0,2
62,62,0,1,0,1,0,1
53845,7300,46545,80,31,38,42,0
146,146,0,1,0,1,0,1
78,78,0,1,0,1,0,1
70,70,0,1,0,1,0,2
145,145,0,1,0,1,0,1
66,66,0,1,0,1,0,1
145,145,0,1,0,1,0,1
4353,1227,3126,12,135,6,6,0
70,70,0,1,4,1,0,0
5429,2835,2594,19,140,9,10,0
70,70,0,1,0,1,0,2
8215,3237,4978,30,30,15,15,0
62,62,0,1,0,1,0,1
66,66,0,1,0,1,0,2
94,94,0,1,30,1,0,0
70,70,0,1,0,1,0,2
168,86,82,2,30,1,1,0
70,70,0,1,0,1,0,2
66,66,0,1,0,1,0,2
62,62,0,1,0,1,0,1
167,86,81,2,30,1,1,0
66,66,0,1,0,1,0,1
66,66,0,1,0,1,0,2
213,87,126,2,31,1,1,0
283,98,185,4,51,2,2,0
299,93,206,4,35,2,2,0
8019,4063,3956,33,92,16,17,0
62,62,0,1,0,1,0,1
239,94,145,2,29,1,1,0
164,86,78,2,30,1,1,0
66,66,0,1,0,1,0,2
66,66,0,1,5,1,0,0
66,66,0,1,0,1,0,1
60,60,0,1,0,1,0,1
202,103,99,2,31,1,1,0
161054,3432,157622,140,158,24,116,0
162,162,0,1,0,1,0,1
817,98,719,2,31,1,1,0
70,70,0,1,0,1,0,2
145,145,0,1,0,1,0,1
62,62,0,1,0,1,0,1
70,70,0,1,0,1,0,2
70,70,0,1,4,1,0,0
199,94,105,2,30,1,1,0
197,90,107,2,29,1,1,0
442,250,192,8,30,5,3,0
847,110,737,2,30,1,1,0
200,86,114,2,30,1,1,0
229,98,131,2,30,1,1,0
4933,771,4162,18,28,8,10,0
62,62,0,1,0,1,0,1
66,66,0,1,0,1,0,2
212,108,104,2,31,1,1,0
66,66,0,1,0,1,0,2
4510,2210,2300,14,136,7,7,0
168,86,82,2,31,1,1,0
108155,4527,103628,115,83,30,85,0
168,78,90,2,30,1,1,0
29265,2836,26429,47,16,21,26,0
178,94,84,2,30,1,1,0
12979,2808,10171,46,648,21,25,0
184,94,90,2,30,1,1,0
168,86,82,2,31,1,1,0
173,94,79,2,30,1,1,0
194,102,92,2,29,1,1,0
70,70,0,1,0,1,0,2
62,62,0,1,0,1,0,1
70,70,0,1,0,1,0,2
66,66,0,1,0,1,0,1
62,62,0,1,0,1,0,1
366,240,126,7,29,5,2,0
195,102,93,2,31,1,1,0
168,86,82,2,31,1,1,0
66,66,0,1,0,1,0,2
8865,1819,7046,24,30,14,10,0
66,66,0,1,0,1,0,2
38459,27564,10895,97,189,49,48,0
61464,11538,49926,87,32,41,46,0
164,84,80,2,30,1,1,0
3492,3432,60,12,36,11,1,0
70,70,0,1,0,1,0,2
291,171,120,4,15,2,2,0
5168,700,4468,16,15,7,9,0
70,70,0,1,0,1,0,2
832,106,726,2,30,1,1,0
320,94,226,2,29,1,1,0
70,70,0,1,0,1,0,2
507753,8795,498958,463,195,122,341,0
184,94,90,2,30,1,1,0
215,87,128,2,31,1,1,0
1285,772,513,11,53,6,5,0
66,66,0,1,0,1,0,1
5123,2651,2472,15,123,8,7,0
66,66,0,1,0,1,0,2
11278,2044,9234,32,178,17,15,0
62,62,0,1,0,1,0,1
16577,10269,6308,33,17,20,13,0
70,70,0,1,0,1,0,2
66,66,0,1,0,1,0,1
66,66,0,1,0,1,0,1
145,145,0,1,0,1,0,1
309,309,0,1,5,1,0,0
168,78,90,2,30,1,1,0
16341,3306,13035,42,17,24,18,0
1658,922,736,10,17,6,4,0
66,66,0,1,0,1,0,2
66,66,0,1,0,1,0,2
70,70,0,1,0,1,0,2
504,382,122,8,16,6,2,0
265,91,174,4,37,2,2,0
8058,2722,5336,17,31,10,7,0
6972,1375,5597,20,31,10,10,0
8246,1739,6507,21,17,11,10,0
183,94,89,2,30,1,1,0
66,66,0,1,0,1,0,1
1865,1226,639,18,176,11,7,0
66,66,0,1,0,1,0,1
70,70,0,1,0,1,0,2
5746,1079,4667,17,27,10,7,0
199,102,97,2,30,1,1,0
6083,699,5384,14,46,7,7,0
178,94,84,2,31,1,1,0
177,94,83,2,29,1,1,0
66,66,0,1,0,1,0,2
566,86,480,2,30,1,1,0
70,70,0,1,0,1,0,2
733,94,639,2,29,1,1,0
62,62,0,1,0,1,0,1
177,94,83,2,30,1,1,0
177,94,83,2,30,1,1,0
66,66,0,1,0,1,0,1
157,157,0,1,0,1,0,1
177,94,83,2,30,1,1,0
177,94,83,2,30,1,1,0
650,286,364,8,84,4,4,0
66,66,0,1,0,1,0,1
82,82,0,1,31,1,0,0
475,150,325,2,1200,1,1,0
66,66,0,1,0,1,0,1
62,62,0,1,0,1,0,1
3837,488,3349,15,15,7,8,0
70,70,0,1,0,1,0,2
422,164,258,6,30,3,3,0
62,62,0,1,0,1,0,1
448865,6437,442428,380,151,67,313,0
6160,4121,2039,22,17,11,11,0
3467,1977,1490,29,3742,14,15,0
66,66,0,1,0,1,0,1
70,70,0,1,0,1,0,2
66,66,0,1,0,1,0,1
183,94,89,2,30,1,1,0
78,78,0,1,0,1,0,1
66,66,0,1,0,1,0,2
1462,863,599,15,37,9,6,0
200,102,98,2,31,1,1,0
552,306,246,9,15,5,4,0
66,66,0,1,0,1,0,1
237,91,146,2,33,1,1,0
3090,1796,1294,19,26,10,9,0
70,70,0,1,0,1,0,2
209,110,99,2,30,1,1,0
210,110,100,2,31,1,1,0
70,70,0,1,0,1,0,2
94,94,0,1,0,1,0,1
210,110,100,2,30,1,1,0
62241,4598,57643,82,170,35,47,0
677,198,479,6,68,3,3,0
66,66,0,1,0,1,0,2
70,70,0,2,8,2,0,0
288,83,205,2,31,1,1,0
1515,481,1034,11,15,6,5,0
70,70,0,1,0,1,0,2
164,78,86,2,30,1,1,0
322,110,212,4,30,2,2,0
143,143,0,1,0,1,0,3
70,70,0,1,5,1,0,0
6821,1076,5745,21,38,12,9,0
211,110,101,2,30,1,1,0
66,66,0,1,0,1,0,2
148,86,62,2,30,1,1,0
66,66,0,1,0,1,0,2
62,62,0,1,0,1,0,1
4378,1471,2907,19,30,11,8,0
70,70,0,1,5,1,0,0
62,62,0,1,0,1,0,1
149676,25300,124376,220,110,122,98,0
70,70,0,1,0,1,0,2
70,70,0,1,0,1,0,2
514,246,268,9,76,5,4,0
188,96,92,2,31,1,1,0
35197,3040,32157,40,32,14,26,0
70,70,0,1,0,1,0,2
66,66,0,1,0,1,0,2
168,78,90,2,30,1,1,0
66,66,0,1,0,1,0,2
62,62,0,1,0,1,0,1
8811,3668,5143,26,126,13,13,0
7134,2290,4844,29,80,15,14,0
70,70,0,1,0,1,0,2
235,90,145,2,33,1,1,0
499,425,74,4,1,3,1,0
53959,2683,51276,69,16,30,39,0
4314,3518,796,15,32,8,7,0
66,66,0,1,0,1,0,2
7679,5325,2354,15,29,8,7,0
70,70,0,1,0,1,0,2
66,66,0,1,0,1,0,1
491,150,341,2,1200,1,1,0
9000,2566,6434,29,47,17,12,0
320,320,0,5,0,5,0,0
66,66,0,1,0,1,0,1
70,70,0,1,0,1,0,2
62,62,0,1,0,1,0,1
6244,1104,5140,23,65,12,11,0
79,79,0,2,34,2,0,0
1806,726,1080,24,2426,12,12,0
145,145,0,1,0,1,0,1
70,70,0,1,4,1,0,0
316,136,180,6,6,3,3,0
62,62,0,1,0,1,0,1
255,88,167,4,32,2,2,0
314,192,122,6,15,4,2,0
248,78,170,2,30,1,1,0
66,66,0,1,0,1,0,2
168,78,90,2,31,1,1,0
215,94,121,2,29,1,1,0
70,70,0,1,0,1,0,2
66,66,0,1,0,1,0,2
60,60,0,1,0,1,0,1
66,66,0,1,0,1,0,1
70,70,0,1,0,1,0,2
62,62,0,1,0,1,0,1
66,66,0,1,0,1,0,1
60,60,0,1,0,1,0,1
7316,1933,5383,27,16,15,12,0
908,650,258,11,20,7,4,0
508,186,322,6,51,3,3,0
158,158,0,1,0,1,0,1
62,62,0,1,0,1,0,1
66,66,0,1,0,1,0,1
2058,589,1469,10,45,6,4,0
222,94,128,2,30,1,1,0
74,74,0,1,0,1,0,1
863,363,500,4,1200,2,2,0
66,66,0,1,0,1,0,1
88,88,0,1,0,1,0,1
4575,1668,2907,19,30,11,8,0
181,94,87,2,30,1,1,0
696,378,318,12,35,7,5,0
19393,1504,17889,30,32,12,18,0
204,104,100,2,30,1,1,0
9766,3093,6673,37,270,21,16,0
316,136,180,6,5,3,3,0
198,86,112,2,29,1,1,0
890,126,764,2,30,1,1,0
832,106,726,2,30,1,1,0
66,66,0,1,0,1,0,1
66,66,0,1,0,1,0,2
146,146,0,1,0,1,0,1
3219,2242,977,19,25,9,10,0
70,70,0,1,5,1,0,0
146,146,0,1,0,1,0,1
210,70,140,4,8,2,2,0
231,94,137,2,30,1,1,0
62,62,0,1,0,1,0,1
13796,627,13169,20,30,8,12,0
83795,22317,61478,117,43,52,65,0
11404,1948,9456,30,81,15,15,0
70,70,0,1,0,1,0,2
177,94,83,2,30,1,1,0
178,94,84,2,31,1,1,0
62,62,0,1,0,1,0,1
16675,2296,14379,37,78,17,20,0
178,94,84,2,30,1,1,0
178,118,60,2,15,1,1,0
70,70,0,2,8,2,0,0
66,66,0,1,0,1,0,1
1875,1165,710,13,28,7,6,0
62,62,0,1,0,1,0,1
199,102,97,2,30,1,1,0
183,94,89,2,29,1,1,0
77,77,0,2,31,2,0,0
3579,1914,1665,23,291,8,15,0
119,119,0,1,0,1,0,1
1654,126,1528,4,30,2,2,0
8381,2848,5533,26,572,14,12,0
70,70,0,1,0,1,0,2
60,60,0,1,0,1,0,1
499,425,74,4,0,3,1,0
199,102,97,2,30,1,1,0
560,280,280,9,26,5,4,0
213,82,131,2,30,1,1,0
52800,13228,39572,134,154,64,70,0
528,528,0,9,1199,9,0,0
499,425,74,4,0,3,1,0
70,70,0,1,0,1,0,2
66,66,0,1,0,1,0,2
62,62,0,1,0,1,0,1
146,146,0,1,0,1,0,1
1516,481,1035,11,15,6,5,0
13649,6228,7421,28,30,15,13,0
70,70,0,1,0,1,0,2
183,94,89,2,30,1,1,0
66,66,0,1,0,1,0,1
62,62,0,1,0,1,0,1
70,70,0,1,0,1,0,2
1501,590,911,12,26,6,6,0
9299,1697,7602,21,146,12,9,0
366,180,186,7,29,4,3,0
66,66,0,1,0,1,0,1
3354,1792,1562,46,192,23,23,0
70,70,0,1,0,1,0,2
62,62,0,1,0,1,0,1
165,78,87,2,30,1,1,0
195,102,93,2,30,1,1,0
199,102,97,2,30,1,1,0
70,70,0,1,0,1,0,2
70,70,0,1,0,1,0,2
26414,4349,22065,41,149,17,24,0
209,110,99,2,30,1,1,0
66,66,0,1,0,1,0,1
5947,1579,4368,22,315,12,10,0
172,76,96,2,30,1,1,0
70,70,0,1,0,1,0,2
219,86,133,2,29,1,1,0
66,66,0,1,0,1,0,1
5180,2470,2710,49,339,25,24,0
471102,14016,457086,503,25,191,312,0
1548,847,701,10,16,5,5,0
684,432,252,10,19,6,4,0
66,66,0,1,0,1,0,2
1675,539,1136,8,178,5,3,0
70,70,0,1,0,1,0,2
314,192,122,6,42,4,2,0
70,70,0,1,0,1,0,2
6260,1587,4673,21,191,12,9,0
166,86,80,2,30,1,1,0
66,66,0,1,0,1,0,1
66,66,0,1,0,1,0,2
8903,3095,5808,31,121,16,15,0
62,62,0,1,0,1,0,1
2398,2024,374,12,15,6,6,0
195,102,93,2,31,1,1,0
60,60,0,1,0,1,0,1
70,70,0,1,0,1,0,2
6906,1458,5448,24,16,14,10,0
177,94,83,2,30,1,1,0
266,110,156,2,30,1,1,0
62,62,0,1,0,1,0,1
66,66,0,1,0,1,0,1
66,66,0,1,0,1,0,2
62,62,0,1,0,1,0,1
754,94,660,2,31,1,1,0
70,70,0,1,0,1,0,2
166,86,80,2,31,1,1,0
199,102,97,2,30,1,1,0
70,70,0,1,0,1,0,2
7846,2369,5477,23,385,10,13,0
176670,11287,165383,216,46,96,120,0
62,62,0,1,0,1,0,1
66,66,0,1,5,1,0,0
66,66,0,1,0,1,0,2
330,126,204,2,30,1,1,0
12738,5385,7353,37,67,21,16,0
166,86,80,2,30,1,1,0
62,62,0,1,0,1,0,1
372,246,126,6,30,4,2,0
60,60,0,1,0,1,0,1
193,94,99,2,29,1,1,0
1188751,17817,1170934,1053,16,255,798,0
66,66,0,1,0,1,0,1
199,102,97,2,29,1,1,0
185,102,83,2,30,1,1,0
6144,1810,4334,18,45,11,7,0
66,66,0,1,0,1,0,2
2025,805,1220,12,46,7,5,0
70,70,0,2,8,2,0,0
8309,4385,3924,26,121,12,14,0
216,110,106,2,30,1,1,0
179,94,85,2,30,1,1,0
752,93,659,2,31,1,1,0
5037,1343,3694,18,45,11,7,0
66,66,0,1,0,1,0,2
733,93,640,2,31,1,1,0
70,70,0,1,0,1,0,2
66,66,0,1,0,1,0,1
152,78,74,2,30,1,1,0
215,102,113,2,30,1,1,0
7639,1831,5808,29,76,15,14,0
66,66,0,1,0,1,0,2
70,70,0,1,0,1,0,2
882,527,355,10,255,6,4,0
66,66,0,1,0,1,0,1
898,126,772,2,31,1,1,0
70,70,0,1,0,1,0,2
70,70,0,1,0,1,0,2
9566,2592,6974,29,134,16,13,0
324,102,222,4,42,2,2,0
1614,1300,314,10,15,5,5,0
66,66,0,1,0,1,0,1
62,62,0,1,0,1,0,1
6892,2154,4738,22,89,12,10,0
4425,1518,2907,19,29,11,8,0
70,70,0,1,0,1,0,2
62,62,0,1,0,1,0,1
21063,13499,7564,47,68,25,22,0
70,70,0,1,0,1,0,2
66,66,0,1,0,1,0,1
5583,1390,4193,19,14,9,10,0
187,187,0,1,0,1,0,1
41602,9508,32094,72,476,36,36,0
70,70,0,1,0,1,0,2
70,70,0,2,5,2,0,0
5167,700,4467,16,15,7,9,0
3874,684,3190,11,141,6,5,0
275,110,165,2,30,1,1,0
130,70,60,2,15,1,1,0
240,98,142,2,30,1,1,0
1152,712,440,10,15,5,5,0
6452,2146,4306,30,125,14,16,0
222,87,135,2,31,1,1,0
70,70,0,1,0,1,0,2
7934,1836,6098,23,15,13,10,0
770,101,669,2,31,1,1,0
66,66,0,1,0,1,0,1
70,70,0,1,0,1,0,2
62,62,0,1,0,1,0,1
320,320,0,5,0,5,0,0
4872,771,4101,17,28,8,9,0
892,126,766,2,30,1,1,0
708,384,324,12,195,7,5,0
1989,1365,624,11,151,6,5,0
7922,1933,5989,20,16,11,9,0
198,102,96,2,30,1,1,0
177,94,83,2,30,1,1,0
62,62,0,1,0,1,0,1
499,425,74,4,0,3,1,0
211,102,109,2,31,1,1,0
98,98,0,1,30,1,0,0
62,62,0,1,0,1,0,1
183,94,89,2,30,1,1,0
66,66,0,1,0,1,0,2
70,70,0,1,0,1,0,2
62,62,0,1,0,1,0,1
70,70,0,1,0,1,0,2
78,78,0,1,4,1,0,0
216,102,114,2,29,1,1,0
208,66,142,4,148,2,2,0
62,62,0,1,0,1,0,1
70,70,0,1,0,1,0,2
170,87,83,2,31,1,1,0
72170,4208,67962,102,186,48,54,0
2960,1982,978,15,16,9,6,0
66,66,0,1,0,1,0,2
70,70,0,2,8,2,0,0
5438,1822,3616,17,38,11,6,0
168,78,90,2,30,1,1,0
263,86,177,2,29,1,1,0
9962,3379,6583,26,26,13,13,0
8866,2015,6851,29,4793,14,15,0
62,62,0,1,0,1,0,1
499,425,74,4,0,3,1,0
382,102,280,2,29,1,1,0
70,70,0,1,0,1,0,2
70,70,0,1,0,1,0,2
209,110,99,2,30,1,1,0
8220,1670,6550,26,71,13,13,0
66,66,0,1,0,1,0,1
62,62,0,1,0,1,0,1
170,87,83,2,30,1,1,0
66,66,0,1,0,1,0,2
70,70,0,1,0,1,0,2
70,70,0,1,0,1,0,2
66,66,0,1,0,1,0,1
66,66,0,1,0,1,0,1
281,101,180,4,58,2,2,0
2200,1253,947,23,76,12,11,0
727,86,641,2,30,1,1,0
66,66,0,1,0,1,0,1
195,102,93,2,30,1,1,0
62,62,0,1,0,1,0,1
2895,1646,1249,17,16,8,9,0
66,66,0,1,0,1,0,1
204,70,134,4,25,2,2,0
70,70,0,1,0,1,0,2
235626,4546,231080,232,339,53,179,0
404,259,145,3,32,2,1,0
214,110,104,2,31,1,1,0
3508,2120,1388,20,241,10,10,0
184,94,90,2,30,1,1,0
15358,11148,4210,93,423,51,42,0
3547,955,2592,13,120,6,7,0
66,66,0,1,0,1,0,2
146,146,0,1,0,1,0,1
28450,4547,23903,34,88,13,21,0
70,70,0,1,0,1,0,2
216,110,106,2,31,1,1,0
66,66,0,1,0,1,0,2
146,146,0,1,0,1,0,1
70,70,0,1,0,1,0,2
11503,3691,7812,30,240,14,16,0
295,101,194,4,33,2,2,0
70,70,0,1,0,1,0,2
193,102,91,2,30,1,1,0
60,60,0,1,0,1,0,1
166,85,81,2,31,1,1,0
5166,1278,3888,14,144,8,6,0
199,94,105,2,30,1,1,0
164,70,94,2,5,1,1,0
267319,11446,255873,336,192,117,219,0
70,70,0,1,0,1,0,2
70,70,0,1,0,1,0,2
698,320,378,10,16,6,4,0
70,70,0,1,0,1,0,2
3143,1064,2079,18,82,8,10,0
70,70,0,1,0,1,0,2
7097,4720,2377,89,3163,55,34,0
200,90,110,2,30,1,1,0
70,70,0,1,0,1,0,2
70,70,0,2,8,2,0,0
60,60,0,1,0,1,0,1
447301,17016,430285,539,128,196,343,0
129896,7448,122448,172,32,87,85,0
179,94,85,2,30,1,1,0
70,70,0,2,8,2,0,0
10109,1394,8715,22,75,13,9,0
5115,977,4138,18,18,10,8,0
70,70,0,1,0,1,0,2
66,66,0,2,8,2,0,0
5302,704,4598,14,18,8,6,0
70,70,0,1,0,1,0,2
148,148,0,1,0,1,0,1
70,70,0,2,8,2,0,0
70,70,0,1,0,1,0,2
193,102,91,2,31,1,1,0
70,70,0,1,0,1,0,2
1806,1806,0,22,225,22,0,0
60,60,0,1,0,1,0,1
66,66,0,1,0,1,0,1
177,94,83,2,30,1,1,0
178,94,84,2,30,1,1,0
62,62,0,1,0,1,0,1
209,110,99,2,31,1,1,0
89724,81316,8408,148,404,69,79,0
70,70,0,1,0,1,0,2
62,62,0,1,0,1,0,1
62,62,0,1,0,1,0,1
220,90,130,2,30,1,1,0
70,70,0,1,0,1,0,2
62,62,0,1,0,1,0,1
195,94,101,2,30,1,1,0
70,70,0,1,0,1,0,2
60,60,0,1,0,1,0,1
174,89,85,2,31,1,1,0
70,70,0,1,0,1,0,2
217,94,123,2,29,1,1,0
18499242,314733,18184509,19253,37,4700,14553,0
62,62,0,1,0,1,0,1
62,62,0,1,0,1,0,1
28257,2893,25364,64,138,30,34,0
70,70,0,1,0,1,0,2
88,88,0,1,0,1,0,1
70,70,0,1,0,1,0,2
177,94,83,2,30,1,1,0
70,70,0,1,0,1,0,2
66,66,0,1,0,1,0,1
102,102,0,1,30,1,0,0
62,62,0,1,0,1,0,1
202,70,132,3,11,1,2,0
8332,1024,7308,21,25,11,10,0
232,71,161,2,31,1,1,0
66,66,0,1,0,1,0,1
66,66,0,1,0,1,0,1
183,94,89,2,30,1,1,0
70,70,0,1,0,1,0,2
186,95,91,2,30,1,1,0
164,78,86,2,30,1,1,0
70,70,0,2,7,2,0,0
70,70,0,1,0,1,0,2
234,234,0,4,12,4,0,0
162,162,0,1,0,1,0,1
839,296,543,4,1200,2,2,0
66,66,0,1,0,1,0,2
7727,2172,5555,44,104,23,21,0
7343,2586,4757,23,20,11,12,0
6908,1652,5256,26,225,12,14,0
70,70,0,1,0,1,0,2
6954,1758,5196,29,361,15,14,0
178,94,84,2,30,1,1,0
216,110,106,2,30,1,1,0
70,70,0,1,0,1,0,2
88503,3914,84589,114,80,44,70,0
1056,682,374,10,15,6,4,0
193,102,91,2,29,1,1,0
66,66,0,1,0,1,0,2
8536,2392,6144,29,45,17,12,0
66,66,0,1,0,1,0,2
70,70,0,1,5,1,0,0
62,62,0,1,0,1,0,1
66,66,0,1,0,1,0,1
62,62,0,1,0,1,0,1
66,66,0,1,0,1,0,1
82,82,0,2,40,2,0,0
66,66,0,1,0,1,0,1
70,70,0,1,0,1,0,2
354,102,252,2,30,1,1,0
70,70,0,1,0,1,0,2
7584,1848,5736,19,29,10,9,0
62,62,0,1,4,1,0,0
66,66,0,1,0,1,0,2
66,66,0,1,0,1,0,2
5854,1796,4058,21,142,10,11,0
70,70,0,1,5,1,0,0
183,94,89,2,30,1,1,0
60,60,0,1,0,1,0,1
4543,1636,2907,19,29,11,8,0
193,102,91,2,31,1,1,0
3182,1568,1614,8,120,4,4,0
66,66,0,1,0,1,0,1
754,94,660,2,31,1,1,0
130,70,60,2,5,1,1,0
775,102,673,2,30,1,1,0
168,78,90,2,30,1,1,0
5772,3849,1923,27,270,14,13,0
4670,2814,1856,33,81,15,18,0
146,146,0,1,0,1,0,1
50100,46087,4013,73,121,43,30,0
70,70,0,1,0,1,0,2
66,66,0,1,0,1,0,1
62,62,0,1,0,1,0,1
66,66,0,1,0,1,0,2
177,94,83,2,30,1,1,0
62,62,0,1,0,1,0,1
66,66,0,1,0,1,0,1
196,100,96,2,30,1,1,0
216,102,114,2,30,1,1,0
166,166,0,1,1199,1,0,0
3354,1792,1562,46,194,23,23,0
1220,403,817,15,414,4,11,0
66,66,0,1,0,1,0,1
196,88,108,2,30,1,1,0
62,62,0,1,0,1,0,1
70,70,0,1,0,1,0,2
482,300,182,9,26,6,3,0
118,118,0,1,120,1,0,0
62,62,0,1,0,1,0,1
66,66,0,1,0,1,0,2
62,62,0,1,0,1,0,1
66,66,0,1,0,1,0,1
66,66,0,1,0,1,0,2
199,102,97,2,29,1,1,0
62,62,0,1,0,1,0,1
60,60,0,1,61,1,0,0
545,136,409,4,56,2,2,0
66,66,0,1,0,1,0,2
70,70,0,1,0,1,0,2
62,62,0,1,0,1,0,1
318,192,126,6,26,4,2,0
70,70,0,1,0,1,0,2
6136,1404,4732,20,979,10,10,0
66,66,0,1,0,1,0,2
228,90,138,2,33,1,1,0
62,62,0,1,0,1,0,1
70,70,0,1,0,1,0,2
6945,1551,5394,25,200,12,13,0
167,86,81,2,31,1,1,0
66,66,0,1,0,1,0,2
66,66,0,1,0,1,0,2
6353,1075,5278,18,33,10,8,0
185,102,83,2,30,1,1,0
70,70,0,1,0,1,0,2
70,70,0,1,0,1,0,2
62,62,0,1,0,1,0,1
200,102,98,2,31,1,1,0
146,146,0,1,0,1,0,1
62,62,0,1,0,1,0,1
209,102,107,2,30,1,1,0
1873,713,1160,10,15,5,5,0
460,150,310,2,1200,1,1,0
66,66,0,1,0,1,0,2
70,70,0,2,8,2,0,0
70,70,0,1,0,1,0,2
70,70,0,1,0,1,0,2
228,94,134,2,30,1,1,0
316,136,180,6,6,3,3,0
2683108,71922,2611186,2467,150,623,1844,0
1385,868,517,12,30,6,6,0
193,102,91,2,29,1,1,0
70,70,0,1,0,1,0,2
7914,1925,5989,20,15,11,9,0
168,86,82,2,30,1,1,0
184,94,90,2,31,1,1,0
60,60,0,1,0,1,0,1
890,420,470,14,27,7,7,0
279,94,185,2,30,1,1,0
489,185,304,6,73,3,3,0
138,69,69,2,30,1,1,0
66,66,0,1,0,1,0,2
172,94,78,2,29,1,1,0
70,70,0,1,0,1,0,2
62,62,0,1,0,1,0,1
66,66,0,1,0,1,0,2
177,94,83,2,29,1,1,0
8591,2275,6316,37,137,21,16,0
74,74,0,1,0,1,0,1
332,98,234,3,58,2,1,0
29513,23962,5551,40,121,24,16,0
70,70,0,1,0,1,0,2
17595,8241,9354,80,106,43,37,0
237,91,146,2,33,1,1,0
66,66,0,1,0,1,0,1
490,149,341,2,1200,1,1,0
70,70,0,2,8,2,0,0
60,60,0,1,0,1,0,1
70,70,0,1,0,1,0,2
66,66,0,1,0,1,0,2
146,146,0,1,0,1,0,1
199,102,97,2,31,1,1,0
20897,11903,8994,52,49,30,22,0
66,66,0,1,0,1,0,2
306,306,0,4,47,4,0,0
70,70,0,1,0,1,0,2
66,66,0,1,0,1,0,1
197,102,95,2,31,1,1,0
134,64,70,2,0,1,1,0
70,70,0,1,0,1,0,2
146,146,0,1,0,1,0,1
1494,898,596,12,142,6,6,0
66,66,0,1,0,1,0,1
9028,5092,3936,36,257,12,24,0
210,110,100,2,30,1,1,0
62,62,0,1,0,1,0,1
46215,1615,44600,57,18,24,33,0
70,70,0,2,8,2,0,0
66,66,0,1,0,1,0,2
3347,1458,1889,15,17,8,7,0
66,66,0,1,0,1,0,1
66,66,0,1,0,1,0,1
60,60,0,1,0,1,0,1
70,70,0,1,0,1,0,2
145,145,0,1,0,1,0,1
192,98,94,2,31,1,1,0
219,102,117,2,30,1,1,0
4622,926,3696,18,255,10,8,0
209,110,99,2,29,1,1,0
70,70,0,1,0,1,0,2
70,70,0,1,0,1,0,2
66,66,0,1,5,1,0,0
404,261,143,3,30,2,1,0
177,94,83,2,30,1,1,0
62,62,0,1,0,1,0,1
62,62,0,1,0,1,0,1
8485,1804,6681,30,316,14,16,0
227,110,117,2,30,1,1,0
177,94,83,2,29,1,1,0
258,107,151,2,30,1,1,0
309,118,191,2,30,1,1,0
145,145,0,1,0,1,0,1
66,66,0,1,3600,1,0,0
167,86,81,2,29,1,1,0
66,66,0,1,0,1,0,1
1575,771,804,16,47,9,7,0
146,146,0,1,0,1,0,1
145,145,0,1,0,1,0,1
70,70,0,1,0,1,0,2
256,93,163,2,31,1,1,0
357,106,251,4,36,2,2,0
283,101,182,4,38,2,2,0
576971,8128,568843,497,38,114,383,0
2045,1025,1020,17,80,9,8,0
62,62,0,1,0,1,0,1
366,240,126,7,32,5,2,0
48525,4928,43597,111,660,55,56,0
70,70,0,1,0,1,0,2
66,66,0,1,0,1,0,2
4349,647,3702,16,22,7,9,0
66,66,0,1,0,1,0,1
11983,2674,9309,51,17,29,22,0
108786,4563,104223,192,16,65,127,0
272,94,178,2,30,1,1,0
209,86,123,2,30,1,1,0
8034,2014,6020,20,15,11,9,0
66,66,0,1,0,1,0,2
168,78,90,2,29,1,1,0
3990,2586,1404,17,16,9,8,0
2351,1546,805,20,54,11,9,0
70,70,0,1,0,1,0,2
62,62,0,1,0,1,0,1
70,70,0,1,0,1,0,2
772,100,672,2,31,1,1,0
160,160,0,1,0,1,0,1
177,94,83,2,30,1,1,0
70,70,0,1,5,1,0,0
183,94,89,2,30,1,1,0
177,94,83,2,30,1,1,0
60,60,0,1,0,1,0,1
66,66,0,1,0,1,0,2
501,150,351,2,1200,1,1,0
199,102,97,2,30,1,1,0
70,70,0,1,5,1,0,0
70,70,0,1,0,1,0,2
62,62,0,1,0,1,0,1
44048,4441,39607,97,317,43,54,0
70,70,0,1,0,1,0,2
474,200,274,6,43,3,3,0
70,70,0,1,0,1,0,2
608,199,409,6,69,3,3,0
27784,13980,13804,44,35,22,22,0
60,60,0,1,0,1,0,1
62,62,0,1,0,1,0,1
214,110,104,2,30,1,1,0
66,66,0,1,0,1,0,1
102,102,0,1,30,1,0,0
6770,2047,4723,26,16,14,12,0
199,94,105,2,30,1,1,0
924,924,0,3,30,3,0,0
1296713,27754,1268959,1253,118,366,887,0
382,164,218,2,31,1,1,0
25881,12394,13487,221,579,105,116,0
70,70,0,1,0,1,0,2
680618,28384,652234,828,84,356,472,0
70,70,0,1,0,1,0,2
66,66,0,1,0,1,0,2
889,126,763,2,31,1,1,0
458,188,270,6,30,3,3,0
5168,700,4468,16,14,7,9,0
782,105,677,2,31,1,1,0
66,66,0,1,0,1,0,1
62,62,0,1,0,1,0,1
66,66,0,1,0,1,0,2
178,94,84,2,30,1,1,0
179,94,85,2,31,1,1,0
55975,2553,53422,72,105,29,43,0
62,62,0,1,0,1,0,1
70,70,0,1,0,1,0,2
78,78,0,1,29,1,0,0
66,66,0,1,0,1,0,2
734,86,648,2,30,1,1,0
62,62,0,1,0,1,0,1
66,66,0,1,0,1,0,2
70,70,0,2,8,2,0,0
200,94,106,2,29,1,1,0
298,114,184,2,30,1,1,0
62,62,0,1,0,1,0,1
422,164,258,6,30,3,3,0
197,102,95,2,30,1,1,0
1967,1133,834,12,45,7,5,0
970804,44459,926345,1113,200,446,667,0
66,66,0,1,0,1,0,1
1415,689,726,3,31,2,1,0
66,66,0,1,0,1,0,1
66,66,0,1,0,1,0,2
16358,3103,13255,39,19,19,20,0
60,60,0,1,0,1,0,1
70,70,0,1,0,1,0,2
70,70,0,1,5,1,0,0
913,126,787,2,30,1,1,0
70,70,0,1,0,1,0,2
62,62,0,1,0,1,0,1
10691,3704,6987,25,181,13,12,0
5699,505,5194,14,15,7,7,0
184,94,90,2,30,1,1,0
62,62,0,1,0,1,0,1
62,62,0,1,0,1,0,1
70,70,0,1,0,1,0,2
66,66,0,1,5,1,0,0
569,164,405,2,31,1,1,0
62,62,0,1,0,1,0,1
23571,4700,18871,60,48,30,30,0
70,70,0,1,0,1,0,2
183,94,89,2,30,1,1,0
16483,8545,7938,40,281,21,19,0
164,78,86,2,30,1,1,0
62,62,0,1,0,1,0,1
66,66,0,1,0,1,0,2
62,62,0,1,0,1,0,1
66,66,0,1,0,1,0,2
172,172,0,2,5,2,0,0
144115,19017,125098,229,400,112,117,0
62,62,0,1,0,1,0,1
14877069,179445,14697624,12450,135,2531,9919,0
876072,26350,849722,935,27,335,600,0
481,150,331,2,1199,1,1,0
3282,1018,2264,10,121,5,5,0
70,70,0,1,0,1,0,2
60,60,0,1,0,1,0,1
5635,1599,4036,19,125,11,8,0
66,66,0,1,0,1,0,2
70,70,0,1,0,1,0,2
5167,700,4467,16,15,7,9,0
300,180,120,4,15,2,2,0
70,70,0,1,0,1,0,2
2227,1018,1209,17,15,8,9,0
66,66,0,1,0,1,0,1
66,66,0,1,0,1,0,1
66,66,0,1,0,1,0,1
66,66,0,1,0,1,0,2
150,150,0,1,5,1,0,0
70,70,0,1,0,1,0,2
70,70,0,1,0,1,0,2
2962,796,2166,10,120,5,5,0
70,70,0,1,0,1,0,2
184,94,90,2,31,1,1,0
62,62,0,1,0,1,0,1
70,70,0,1,5,1,0,0
66,66,0,1,0,1,0,1
5173,860,4313,16,15,9,7,0
263,110,153,2,30,1,1,0
184,94,90,2,30,1,1,0
66,66,0,1,0,1,0,2
145,145,0,1,0,1,0,1
66,66,0,1,0,1,0,1
66,66,0,1,5,1,0,0
939,678,261,2,30,1,1,0
62,62,0,1,0,1,0,1
429,93,336,4,44,2,2,0
70,70,0,1,0,1,0,2
184,94,90,2,30,1,1,0
16532,2229,14303,26,133,11,15,0
70,70,0,1,0,1,0,2
234,234,0,4,12,4,0,0
70,70,0,1,0,1,0,2
60,60,0,1,0,1,0,1
66,66,0,1,0,1,0,1
66,66,0,1,0,1,0,1
66,66,0,1,0,1,0,1
66,66,0,1,0,1,0,2
66,66,0,1,0,1,0,2
66,66,0,1,0,1,0,1
70,70,0,1,0,1,0,2
70,70,0,1,5,1,0,0
688,185,503,6,45,3,3,0
173,94,79,2,29,1,1,0
239,102,137,2,30,1,1,0
9950,4684,5266,26,306,12,14,0
193,102,91,2,31,1,1,0
710,89,621,2,30,1,1,0
70,70,0,1,0,1,0,2
1827,989,838,13,78,7,6,0
168,94,74,2,30,1,1,0
211,78,133,2,30,1,1,0
4242,3615,627,15,32,8,7,0
166,86,80,2,31,1,1,0
70,70,0,1,0,1,0,2
66,66,0,1,0,1,0,2
70,70,0,1,0,1,0,2
70,70,0,1,5,1,0,0
166,166,0,1,1199,1,0,0
5582,1388,4194,19,15,9,10,0
70,70,0,2,8,2,0,0
272,94,178,2,31,1,1,0
62,62,0,1,0,1,0,1
711,87,624,2,30,1,1,0
70,70,0,1,0,1,0,2
60,60,0,1,0,1,0,1
12752,5123,7629,39,90,18,21,0
192,98,94,2,31,1,1,0
66,66,0,1,0,1,0,1
66,66,0,1,0,1,0,2
6453,1742,4711,20,17,10,10,0
62,62,0,1,0,1,0,1
183,94,89,2,30,1,1,0
7298,2661,4637,21,17,11,10,0
66,66,0,1,5,1,0,0
86,86,0,1,30,1,0,0
70,70,0,1,0,1,0,2
70,70,0,1,0,1,0,2
254,110,144,2,30,1,1,0
701,88,613,2,30,1,1,0
70,70,0,1,0,1,0,2
1052,612,440,10,15,5,5,0
4198,2450,1748,20,148,15,5,0
199,102,97,2,29,1,1,0
70,70,0,1,5,1,0,0
70,70,0,1,5,1,0,0
193,102,91,2,30,1,1,0
128802,48896,79906,237,24,121,116,0
168,78,90,2,30,1,1,0
816,102,714,2,30,1,1,0
4579,580,3999,13,22,5,8,0
66,66,0,1,0,1,0,1
70,70,0,1,4,1,0,0
66,66,0,1,0,1,0,2
175050,8089,166961,167,48,48,119,0
60,60,0,1,0,1,0,1
70,70,0,1,0,1,0,2
195,102,93,2,30,1,1,0
212,102,110,2,30,1,1,0
70,70,0,2,8,2,0,0
1691,446,1245,10,15,7,3,0
66,66,0,1,0,1,0,1
66,66,0,1,0,1,0,1
66,66,0,1,0,1,0,1
62,62,0,1,0,1,0,1
70,70,0,1,0,1,0,2
1356,300,1056,6,1200,3,3,0
145,145,0,1,0,1,0,1
486,300,186,9,31,6,3,0
70,70,0,1,0,1,0,2
11086707,166045,10920662,9176,172,1285,7891,0
62,62,0,1,0,1,0,1
878,126,752,2,30,1,1,0
1861,1219,642,10,15,5,5,0
316,136,180,6,6,3,3,0
70,70,0,1,0,1,0,2
132,132,0,3,1199,3,0,0
66,66,0,1,0,1,0,1
70,70,0,1,5,1,0,0
15329,7087,8242,108,310,61,47,0
60,60,0,1,0,1,0,1
184,94,90,2,30,1,1,0
195,102,93,2,31,1,1,0
230,91,139,3,47,2,1,0
62,62,0,1,0,1,0,1
70,70,0,1,0,1,0,2
146,146,0,1,0,1,0,1
74,74,0,1,0,1,0,1
156357,6403,149954,155,81,44,111,0
66,66,0,1,0,1,0,1
326,88,238,4,52,2,2,0
18754,5240,13514,31,16,15,16,0
578,286,292,9,16,5,4,0
66,66,0,1,0,1,0,1
62,62,0,1,0,1,0,1
198,102,96,2,30,1,1,0
66,66,0,1,0,1,0,2
6202,1212,4990,27,1197,8,19,0
4453,1546,2907,21,86,11,10,0
7946,2731,5215,27,18,15,12,0
2378,1126,1252,14,982,7,7,0
66,66,0,2,7,2,0,0
66,66,0,1,90,1,0,0
66,66,0,1,0,1,0,2
70,70,0,1,5,1,0,0
177,94,83,2,30,1,1,0
70,70,0,1,0,1,0,2
7970,4154,3816,39,102,23,16,0
200,82,118,2,30,1,1,0
146,146,0,1,0,1,0,1
70,70,0,2,7,2,0,0
480,149,331,2,1200,1,1,0
197,94,103,2,31,1,1,0
751,94,657,2,29,1,1,0
66,66,0,1,0,1,0,2
70,70,0,1,0,1,0,2
8034,2014,6020,20,15,11,9,0
12677,3097,9580,37,26,19,18,0
70,70,0,1,0,1,0,2
66,66,0,1,0,1,0,1
79,79,0,2,33,2,0,0
573,425,148,5,0,3,2,0
70,70,0,1,0,1,0,2
62,62,0,1,0,1,0,1
62,62,0,1,0,1,0,1
200,102,98,2,30,1,1,0
70,70,0,1,0,1,0,2
66,66,0,1,0,1,0,2
209,110,99,2,31,1,1,0
70,70,0,1,0,1,0,2
24810,10597,14213,51,123,22,29,0
264,102,162,2,30,1,1,0
254,128,126,5,16,3,2,0
68,68,0,1,0,1,0,1
70,70,0,1,0,1,0,2
66,66,0,1,0,1,0,2
60,60,0,1,0,1,0,1
62,62,0,1,0,1,0,1
8296,3123,5173,40,132,14,26,0
70,70,0,1,0,1,0,2
66,66,0,1,0,1,0,1
167,86,81,2,30,1,1,0
66,66,0,1,5,1,0,0
66,66,0,1,5,1,0,0
194,102,92,2,31,1,1,0
70,70,0,1,0,1,0,2
70,70,0,1,0,1,0,2
318,192,126,6,21,4,2,0
62,62,0,1,0,1,0,1
6356,1857,4499,48,229,20,28,0
70,70,0,2,8,2,0,0
711,87,624,2,30,1,1,0
66,66,0,1,0,1,0,2
70,70,0,1,0,1,0,2
199,94,105,2,30,1,1,0
70,70,0,1,0,1,0,2
184,94,90,2,29,1,1,0
215,88,127,2,30,1,1,0
66,66,0,1,0,1,0,1
10844,5117,5727,42,17,25,17,0
60,60,0,1,0,1,0,1
136,136,0,3,14,3,0,0
214,140,74,4,35,3,1,0
70,70,0,1,0,1,0,2
12764,7749,5015,28,84,14,14,0
209,110,99,2,30,1,1,0
60,60,0,1,0,1,0,1
4186,3559,627,15,31,8,7,0
70,70,0,1,0,1,0,2
398,255,143,3,33,2,1,0
3192,633,2559,17,135,7,10,0
754,94,660,2,31,1,1,0
70,70,0,1,0,1,0,2
62,62,0,1,0,1,0,1
230,102,128,2,30,1,1,0
624,318,306,10,15,5,5,0
70,70,0,1,0,1,0,2
66,66,0,1,0,1,0,1
166170,5611,160559,189,16,78,111,0
86,86,0,1,30,1,0,0
66,66,0,1,0,1,0,1
148,86,62,2,30,1,1,0
62,62,0,1,0,1,0,1
70,70,0,2,8,2,0,0
70,70,0,2,8,2,0,0
2132,997,1135,14,20,8,6,0
612,306,306,10,14,5,5,0
194,102,92,2,30,1,1,0
209,102,107,2,30,1,1,0
62,62,0,1,0,1,0,1
66,66,0,1,0,1,0,1
70,70,0,1,0,1,0,2
70,70,0,1,0,1,0,2
62,62,0,1,0,1,0,1
64382,9305,55077,101,123,41,60,0
60,60,0,1,0,1,0,1
70,70,0,1,0,1,0,2
66,66,0,1,0,1,0,2
1356,300,1056,6,1200,3,3,0
70,70,0,1,0,1,0,2
66,66,0,1,0,1,0,2
197,102,95,2,31,1,1,0
62,62,0,1,0,1,0,1
12836,2016,10820,48,361,20,28,0
209,110,99,2,30,1,1,0
66,66,0,1,0,1,0,2
66,66,0,1,0,1,0,2
258,110,148,2,31,1,1,0
228,110,118,2,29,1,1,0
66,66,0,1,0,1,0,2
60,60,0,1,0,1,0,1
70,70,0,1,0,1,0,2
5107,700,4407,15,15,7,8,0
10127,1872,8255,26,27,13,13,0
3439647,103607,3336040,3670,452,1291,2379,0
887,542,345,11,15,6,5,0
19232,1830,17402,35,49,19,16,0
66,66,0,1,0,1,0,1
891,126,765,2,30,1,1,0
707158,36853,670305,902,148,310,592,0
146,146,0,1,0,1,0,1
70,70,0,1,0,1,0,2
74171,1888,72283,72,126,18,54,0
70,70,0,1,0,1,0,2
1389,868,521,12,25,6,6,0
245,182,63,2,30,1,1,0
70,70,0,1,0,1,0,2
146,146,0,1,0,1,0,1
504,110,394,2,30,1,1,0
66,66,0,1,0,1,0,2
100,100,0,1,0,1,0,1
70,70,0,1,0,1,0,2
160,70,90,2,5,1,1,0
62,62,0,1,0,1,0,1
70,70,0,1,0,1,0,2
66,66,0,1,0,1,0,1
66,66,0,1,0,1,0,2
1346,842,504,13,123,8,5,0
2438,565,1873,10,75,6,4,0
4113,1213,2900,22,713,12,10,0
184,94,90,2,30,1,1,0
70,70,0,1,0,1,0,2
812,110,702,2,29,1,1,0
1783,841,942,10,20,6,4,0
70,70,0,1,0,1,0,2
66,66,0,1,91,1,0,0
66,66,0,1,0,1,0,2
66,66,0,1,0,1,0,1
70,70,0,1,0,1,0,2
876,390,486,12,39,4,8,0
70,70,0,1,0,1,0,2
10366,4530,5836,21,135,10,11,0
70,70,0,1,0,1,0,1
66,66,0,1,0,1,0,1
62,62,0,1,0,1,0,1
66,66,0,1,0,1,0,1
193,102,91,2,30,1,1,0
66,66,0,1,0,1,0,1
62,62,0,1,0,1,0,1
14878,4225,10653,83,330,41,42,0
66,66,0,1,0,1,0,1
199,102,97,2,30,1,1,0
6187,933,5254,18,147,10,8,0
23572,2063,21509,46,114,20,26,0
70,70,0,1,0,1,0,2
70,70,0,1,0,1,0,2
70,70,0,2,8,2,0,0
70,70,0,1,0,1,0,2
66,66,0,1,0,1,0,1
62,62,0,1,0,1,0,1
499,425,74,4,0,3,1,0
66,66,0,1,0,1,0,2
213,79,134,2,32,1,1,0
62,62,0,1,0,1,0,1
146,146,0,1,0,1,0,1
66,66,0,1,0,1,0,1
70,70,0,1,5,1,0,0
70,70,0,1,5,1,0,0
70,70,0,1,0,1,0,2
78,78,0,1,0,1,0,1
70,70,0,1,0,1,0,2
70,70,0,1,0,1,0,2
4108,1272,2836,11,121,5,6,0
259,87,172,4,56,2,2,0
70,70,0,1,0,1,0,2
70,70,0,1,0,1,0,2
62,62,0,1,0,1,0,1
243,86,157,2,30,1,1,0
70,70,0,1,0,1,0,2
62,62,0,1,0,1,0,1
184,94,90,2,30,1,1,0
486,240,246,9,34,5,4,0
66,66,0,1,0,1,0,1
70,70,0,1,0,1,0,2
66,66,0,1,0,1,0,1
572966,109738,463228,1277,624,639,638,0
323,150,173,2,1200,1,1,0
5993,974,5019,19,59,10,9,0
66,66,0,1,0,1,0,1
146,146,0,1,0,1,0,1
424,210,214,7,131,4,3,0
70,70,0,1,0,1,0,2
70,70,0,2,8,2,0,0
194,102,92,2,30,1,1,0
168,86,82,2,30,1,1,0
66,66,0,1,0,1,0,1
184,94,90,2,30,1,1,0
66,66,0,1,0,1,0,1
66,66,0,1,0,1,0,1
62,62,0,1,0,1,0,1
70,70,0,1,0,1,0,2
186,95,91,2,31,1,1,0
5692,2502,3190,24,131,12,12,0
170,87,83,2,30,1,1,0
66,66,0,1,0,1,0,1
12301,1642,10659,20,20,9,11,0
70,70,0,1,0,1,0,2
60,60,0,1,0,1,0,1
70,70,0,1,0,1,0,2
62,62,0,1,0,1,0,1
3114,1659,1455,17,15,9,8,0
70,70,0,1,0,1,0,2
70,70,0,1,0,1,0,2
94,94,0,1,30,1,0,0
718,94,624,2,30,1,1,0
199,102,97,2,31,1,1,0
6094,771,5323,17,26,9,8,0
74,74,0,1,0,1,0,1
212,102,110,2,30,1,1,0
268,114,154,2,30,1,1,0
209,110,99,2,30,1,1,0
66,66,0,1,0,1,0,2
66,66,0,1,0,1,0,2
66,66,0,1,0,1,0,2
146,146,0,1,0,1,0,1
70,70,0,1,5,1,0,0
66,66,0,1,0,1,0,2
10048,2128,7920,44,118,24,20,0
70,70,0,1,0,1,0,2
70,70,0,1,0,1,0,2
6819,1586,5233,18,3603,9,9,0
258,70,188,4,8,2,2,0
66,66,0,1,0,1,0,2
819,102,717,2,29,1,1,0
130,70,60,2,5,1,1,0
6440,1965,4475,22,36,12,10,0
6163,925,5238,18,109,10,8,0
66,66,0,1,0,1,0,2
70,70,0,2,5,2,0,0
146,146,0,1,0,1,0,1
62,62,0,1,0,1,0,1
10642,1102,9540,25,27,11,14,0
60,60,0,1,0,1,0,1
66,66,0,1,0,1,0,2
66,66,0,1,0,1,0,2
161,161,0,2,1200,2,0,0
62,62,0,1,0,1,0,1
66,66,0,1,0,1,0,1
2862,1587,1275,15,95,9,6,0
70,70,0,1,0,1,0,2
70,70,0,1,0,1,0,2
789,102,687,2,30,1,1,0
70,70,0,1,0,1,0,2
209,77,132,2,33,1,1,0
90,90,0,1,0,1,0,1
156,156,0,3,8,3,0,0
62,62,0,1,0,1,0,1
70,70,0,1,0,1,0,2
9921,2236,7685,35,32,17,18,0
93,93,0,1,30,1,0,0
70,70,0,1,0,1,0,2
216,110,106,2,30,1,1,0
8648,2111,6537,40,7038,21,19,0
146,146,0,1,0,1,0,1
485,158,327,2,1200,1,1,0
7089,1290,5799,24,16,12,12,0
62,62,0,1,0,1,0,1
66,66,0,1,0,1,0,2
145,145,0,1,0,1,0,1
66,66,0,1,0,1,0,2
168,78,90,2,31,1,1,0
208,106,102,2,31,1,1,0
450,246,204,8,24,5,3,0
66,66,0,1,0,1,0,2
369759,9557,360202,388,22,137,251,0
199,102,97,2,30,1,1,0
183,102,81,2,30,1,1,0
8930,1529,7401,21,19,9,12,0
646,200,446,6,62,3,3,0
90,90,0,1,0,1,0,1
320,140,180,6,5,3,3,0
66,66,0,1,0,1,0,1
174,89,85,2,30,1,1,0
148,86,62,2,30,1,1,0
209,79,130,2,30,1,1,0
70,70,0,1,0,1,0,2
211,110,101,2,30,1,1,0
234,234,0,1,0,1,0,1
74,74,0,1,0,1,0,1
184,94,90,2,31,1,1,0
209,110,99,2,30,1,1,0
4128,1929,2199,38,48,21,17,0
5220,1973,3247,22,38,13,9,0
70,70,0,1,0,1,0,2
193,102,91,2,29,1,1,0
66,66,0,1,0,1,0,1
70,70,0,1,0,1,0,2
70,70,0,1,0,1,0,2
62,62,0,1,0,1,0,1
356,118,238,2,30,1,1,0
943,513,430,9,14,6,3,0
170,87,83,2,31,1,1,0
405489,12010,393479,416,16,146,270,0
66,66,0,1,0,1,0,1
36811,5190,31621,60,150,24,36,0
182,93,89,2,31,1,1,0
62,62,0,1,0,1,0,1
70,70,0,1,0,1,0,2
66,66,0,2,7,2,0,0
177,94,83,2,30,1,1,0
66,66,0,1,0,1,0,1
66,66,0,1,0,1,0,1
70,70,0,1,0,1,0,2
66,66,0,1,0,1,0,1
70,70,0,1,0,1,0,2
70,70,0,1,0,1,0,2
177,94,83,2,30,1,1,0
70,70,0,2,7,2,0,0
177,94,83,2,29,1,1,0
284,94,190,2,29,1,1,0
148467,8298,140169,192,17,93,99,0
60,60,0,1,0,1,0,1
4750,1843,2907,19,26,11,8,0
7426,1877,5549,22,81,13,9,0
1766,975,791,15,71,9,6,0
366,240,126,7,32,5,2,0
60,60,0,1,0,1,0,1
7655,2377,5278,20,135,11,9,0
66,66,0,1,0,1,0,1
821,102,719,2,30,1,1,0
62,62,0,1,0,1,0,1
62,62,0,1,0,1,0,1
62,62,0,1,0,1,0,1
70,70,0,1,0,1,0,2
298,87,211,4,34,2,2,0
194,102,92,2,30,1,1,0
70,70,0,1,0,1,0,2
70,70,0,1,0,1,0,2
366,240,126,7,24,5,2,0
66,66,0,1,0,1,0,2
90273,3481,86792,96,15,31,65,0
194,102,92,2,31,1,1,0
66,66,0,1,0,1,0,2
220,90,130,2,30,1,1,0
13773,6668,7105,31,105,19,12,0
301,94,207,2,31,1,1,0
6670,1576,5094,23,200,13,10,0
66,66,0,1,0,1,0,1
193,102,91,2,31,1,1,0
70,70,0,1,0,1,0,2
228,110,118,2,30,1,1,0
774,101,673,2,31,1,1,0
8328,2592,5736,35,34,18,17,0
30701,1538,29163,40,16,14,26,0
145,145,0,1,0,1,0,1
62,62,0,1,0,1,0,1
92247,4799,87448,107,15,43,64,0
55886,2728,53158,68,148,25,43,0
8175,3047,5128,26,165,12,14,0
8021,2001,6020,20,15,11,9,0
146,146,0,1,0,1,0,1
66,66,0,2,8,2,0,0
15901,7016,8885,37,49,22,15,0
66,66,0,1,0,1,0,1
70,70,0,1,0,1,0,2
22200,11865,10335,38,86,24,14,0
370,94,276,2,30,1,1,0
70,70,0,1,0,1,0,2
158084,6138,151946,173,95,64,109,0
66,66,0,1,0,1,0,1
62,62,0,1,0,1,0,1
213,87,126,2,31,1,1,0
70,70,0,1,0,1,0,2
66,66,0,1,0,1,0,1
182,93,89,2,31,1,1,0
9006,2048,6958,36,121,18,18,0
70,70,0,1,0,1,0,2
70,70,0,1,0,1,0,2
483,189,294,6,85,3,3,0
5916,1144,4772,20,17,11,9,0
777,87,690,2,0,1,1,0
195,102,93,2,30,1,1,0
70,70,0,1,0,1,0,2
70,70,0,1,0,1,0,2
3310,2291,1019,17,16,10,7,0
217,91,126,2,30,1,1,0
194,94,100,2,30,1,1,0
8399,1901,6498,39,1562,16,23,0
234,234,0,4,12,4,0,0
4359,924,3435,15,59,9,6,0
66,66,0,1,0,1,0,2
311104,8270,302834,336,18,99,237,0
66,66,0,1,0,1,0,1
82,82,0,1,30,1,0,0
184,94,90,2,30,1,1,0
84,84,0,1,31,1,0,0
2695,601,2094,14,17,7,7,0
15475,7059,8416,33,97,18,15,0
874,126,748,2,30,1,1,0
60,60,0,1,0,1,0,1
62,62,0,1,0,1,0,1
172,88,84,2,31,1,1,0
279,161,118,3,1200,2,1,0
70,70,0,1,5,1,0,0
199,102,97,2,29,1,1,0
66,66,0,1,0,1,0,2
8140,5384,2756,15,122,8,7,0
832,106,726,2,30,1,1,0
60,60,0,1,0,1,0,1
8678,2974,5704,50,123,27,23,0
70,70,0,1,0,1,0,2
211,94,117,2,30,1,1,0
66,66,0,1,0,1,0,2
199,102,97,2,29,1,1,0
70,70,0,1,0,1,0,2
210,110,100,2,31,1,1,0
66,66,0,1,0,1,0,2
184,94,90,2,30,1,1,0
62,62,0,1,0,1,0,1
177,94,83,2,30,1,1,0
62,62,0,1,0,1,0,1
62,62,0,1,0,1,0,1
70,70,0,1,5,1,0,0
265,91,174,4,36,2,2,0
70,70,0,1,0,1,0,2
2849678,105912,2743766,3255,124,1284,1971,0
879,126,753,2,30,1,1,0
66,66,0,1,0,1,0,1
60,60,0,1,0,1,0,1
62,62,0,1,0,1,0,1
6710,4371,2339,33,109,18,15,0
188,96,92,2,30,1,1,0
1672,126,1546,4,30,2,2,0
70,70,0,1,0,1,0,2
1004246,35992,968254,1127,90,451,676,0
8100,4781,3319,23,166,12,11,0
78,78,0,1,0,1,0,1
70,70,0,1,0,1,0,2
7913,5787,2126,28,316,14,14,0
62,62,0,1,0,1,0,1
66,66,0,1,0,1,0,2
66,66,0,1,0,1,0,2
180,94,86,2,31,1,1,0
70,70,0,1,0,1,0,2
196,102,94,2,31,1,1,0
350,210,140,6,15,4,2,0
70,70,0,1,0,1,0,2
274,78,196,2,30,1,1,0
70,70,0,1,0,1,0,2
60,60,0,1,0,1,0,1
199,94,105,2,29,1,1,0
66,66,0,1,0,1,0,1
166,166,0,1,1199,1,0,0
2435128,54736,2380392,2151,346,331,1820,0
70,70,0,1,0,1,0,2
1452,484,968,8,15,5,3,0
70,70,0,1,0,1,0,2
766,102,664,2,30,1,1,0
230997,10675,220322,291,75,122,169,0
89362,3092,86270,100,21,37,63,0
293,223,70,4,0,3,1,3
66,66,0,1,0,1,0,1
4202,1924,2278,27,80,13,14,0
66,66,0,1,0,1,0,1
70,70,0,1,0,1,0,2
70,70,0,1,0,1,0,2
78,78,0,1,0,1,0,1
193,102,91,2,30,1,1,0
327,140,187,4,0,2,2,1
66,66,0,1,0,1,0,1
82,82,0,1,0,1,0,1
1119,595,524,12,26,6,6,0
5922,1917,4005,24,18,14,10,0
235,90,145,2,32,1,1,0
215,80,135,2,33,1,1,0
179,94,85,2,30,1,1,0
1501,590,911,12,26,6,6,0
62,62,0,1,0,1,0,1
2227,1018,1209,17,16,8,9,0
422,164,258,6,30,3,3,0
225,90,135,2,30,1,1,0
66,66,0,1,0,1,0,2
70,70,0,2,8,2,0,0
5792,1511,4281,19,77,11,8,0
60,60,0,1,0,1,0,1
70,70,0,1,0,1,0,2
279,126,153,2,30,1,1,0
62,62,0,1,0,1,0,1
60,60,0,1,0,1,0,1
62,62,0,1,0,1,0,1
220,94,126,2,30,1,1,0
66,66,0,1,0,1,0,1
74,74,0,1,0,1,0,1
66,66,0,1,0,1,0,1
3401,2157,1244,12,149,7,5,0
130,70,60,2,15,1,1,0
183,94,89,2,30,1,1,0
181,94,87,2,33,1,1,0
146,146,0,1,0,1,0,1
146,146,0,1,0,1,0,1
66,66,0,1,0,1,0,2
70,70,0,1,0,1,0,2
82,82,0,2,40,2,0,0
70,70,0,2,8,2,0,0
5368,946,4422,16,77,9,7,0
3002,258,2744,9,119,4,5,0
8338,3198,5140,28,46,16,12,0
146,146,0,1,0,1,0,1
35380,2898,32482,63,227,22,41,0
177,94,83,2,30,1,1,0
7356,1014,6342,20,75,10,10,0
66,66,0,1,0,1,0,1
66,66,0,1,0,1,0,1
70,70,0,1,5,1,0,0
213,87,126,2,30,1,1,0
66,66,0,1,0,1,0,2
60,60,0,1,0,1,0,1
330,330,0,6,3609,6,0,0
3498,2696,802,9,26,5,4,0
62,62,0,1,0,1,0,1
66,66,0,1,0,1,0,1
62,62,0,1,0,1,0,1
1093,1093,0,1,0,1,0,1
2481,723,1758,12,57,6,6,0
170,87,83,2,31,1,1,0
491,150,341,2,1200,1,1,0
5367,725,4642,15,15,8,7,0
60,60,0,1,0,1,0,1
147750,13521,134229,182,92,84,98,0
314,192,122,6,15,4,2,0
200,102,98,2,30,1,1,0
60,60,0,1,61,1,0,0
70,70,0,1,0,1,0,2
62,62,0,1,0,1,0,1
70,70,0,1,0,1,0,2
70,70,0,1,0,1,0,2
450,246,204,8,24,5,3,0
62,62,0,1,0,1,0,1
16255,8279,7976,42,422,21,21,0
3523,518,3005,12,15,6,6,0
62,62,0,1,0,1,0,1
70,70,0,2,7,2,0,0
66,66,0,1,0,1,0,1
146,146,0,1,0,1,0,1
70,70,0,1,0,1,0,2
1094127,5977,1088150,812,35,88,724,0
194,86,108,2,30,1,1,0
62,62,0,1,0,1,0,1
62,62,0,1,0,1,0,1
125798,40014,85784,276,171,125,151,0
66,66,0,1,0,1,0,2
3284,1878,1406,20,27,11,9,0
62,62,0,1,0,1,0,1
201007,10015,190992,239,22,100,139,0
134,64,70,2,10,1,1,0
66,66,0,1,0,1,0,2
62,62,0,1,0,1,0,1
70,70,0,1,0,1,0,2
184,94,90,2,30,1,1,0
183,94,89,2,30,1,1,0
32434,15588,16846,164,1128,83,81,0
62,62,0,1,0,1,0,1
199,102,97,2,30,1,1,0
66,66,0,1,0,1,0,2
226,102,124,2,30,1,1,0
66,66,0,1,0,1,0,1
62,62,0,1,0,1,0,1
219,81,138,2,30,1,1,0
70,70,0,1,0,1,0,2
224,86,138,2,30,1,1,0
197,76,121,2,30,1,1,0
318,192,126,6,26,4,2,0
62,62,0,1,0,1,0,1
70,70,0,1,0,1,0,2
10102,3072,7030,25,16,14,11,0
184,120,64,4,4,3,1,0
458,188,270,6,31,3,3,0
70,70,0,2,8,2,0,0
198,102,96,2,30,1,1,0
200,102,98,2,29,1,1,0
1452,817,635,16,20,9,7,0
46323,1563,44760,49,30,15,34,0
202,86,116,2,30,1,1,0
66,66,0,1,0,1,0,2
192,98,94,2,31,1,1,0
145,145,0,1,0,1,0,1
159,159,0,1,0,1,0,1
211,102,109,2,30,1,1,0
13106,6413,6693,24,121,12,12,0
70,70,0,1,0,1,0,2
70,70,0,1,0,1,0,2
3543,1855,1688,20,122,10,10,0
60,60,0,1,0,1,0,1
70,70,0,1,0,1,0,2
182,93,89,2,30,1,1,0
66,66,0,1,0,1,0,1
1326,300,1026,6,1200,3,3,0
70,70,0,1,0,1,0,2
757,98,659,2,31,1,1,0
146,146,0,1,0,1,0,1
43790,20134,23656,73,400,45,28,0
66,66,0,1,0,1,0,2
62,62,0,1,0,1,0,1
762,98,664,2,30,1,1,0
485,158,327,2,1199,1,1,0
66,66,0,1,0,1,0,1
70,70,0,1,0,1,0,2
5600,1187,4413,24,80,13,11,0
66,66,0,1,0,1,0,2
11546,3604,7942,38,120,20,18,0
70,70,0,2,8,2,0,0
70,70,0,2,8,2,0,0
7983,4398,3585,17,121,8,9,0
2222,983,1239,27,18,13,14,0
62,62,0,1,0,1,0,1
172,94,78,2,29,1,1,0
70,70,0,1,5,1,0,0
12230,8144,4086,33,17,18,15,0
214,110,104,2,30,1,1,0
215,102,113,2,30,1,1,0
2546,1294,1252,17,138,9,8,0
70,70,0,1,0,1,0,2
62,62,0,1,0,1,0,1
499,425,74,4,0,3,1,0
70,70,0,1,5,1,0,0
66,66,0,1,0,1,0,2
60,60,0,1,0,1,0,1
66,66,0,1,0,1,0,1
70,70,0,1,0,1,0,2
66,66,0,1,0,1,0,2
70,70,0,1,0,1,0,2
9535,3968,5567,21,30,12,9,0
70,70,0,1,0,1,0,2
876,126,750,2,30,1,1,0
66,66,0,1,0,1,0,1
70,70,0,1,5,1,0,0
1641,730,911,14,18,8,6,0
13516,6981,6535,61,2149,34,27,0
184,94,90,2,30,1,1,0
645,185,460,6,40,3,3,0
70,70,0,1,0,1,0,2
62,62,0,1,0,1,0,1
66,66,0,1,5,1,0,0
178,94,84,2,30,1,1,0
177,94,83,2,30,1,1,0
12572,3471,9101,34,363,14,20,0
66,66,0,1,0,1,0,1
60,60,0,1,0,1,0,1
724,550,174,4,30,2,2,0
62,62,0,1,0,1,0,1
241,78,163,2,30,1,1,0
66,66,0,1,0,1,0,1
195,102,93,2,30,1,1,0
70,70,0,1,0,1,0,2
4870,2631,2239,23,19,13,10,0
1769,873,896,11,15,6,5,0
60,60,0,1,0,1,0,1
4555,859,3696,17,360,9,8,0
277,78,199,2,30,1,1,0
66,66,0,1,0,1,0,1
134,60,74,3,5,2,1,0
166,85,81,2,30,1,1,0
70,70,0,1,0,1,0,2
70,70,0,1,0,1,0,2
66,66,0,1,0,1,0,1
62,62,0,1,0,1,0,1
4423,1516,2907,19,30,11,8,0
45313,3360,41953,61,47,26,35,0
361,99,262,4,54,2,2,0
66,66,0,1,0,1,0,1
186,95,91,2,31,1,1,0
70,70,0,1,0,1,0,2
196,102,94,2,30,1,1,0
62,62,0,1,0,1,0,1
66,66,0,1,0,1,0,2
13299,2872,10427,34,41,19,15,0
145,145,0,1,0,1,0,1
771,101,670,2,30,1,1,0
66,66,0,1,0,1,0,1
62,62,0,1,0,1,0,1
70,70,0,1,0,1,0,2
245527,10641,234886,322,405,136,186,0
62,62,0,1,0,1,0,1
416,210,206,7,15,4,3,0
245,106,139,2,29,1,1,0
62,62,0,1,0,1,0,1
72,72,0,1,0,1,0,1
180,94,86,2,29,1,1,0
7584,7094,490,14,124,7,7,0
70,70,0,1,0,1,0,2
196,102,94,2,30,1,1,0
70,70,0,1,0,1,0,2
186,95,91,2,31,1,1,0
177,94,83,2,29,1,1,0
62,62,0,1,0,1,0,1
62,62,0,1,0,1,0,1
182,93,89,2,30,1,1,0
288,101,187,4,57,2,2,0
130,70,60,2,15,1,1,0
5774,1483,4291,14,162,8,6,0
32864,2590,30274,41,82,14,27,0
74,74,0,1,0,1,0,1
9428,3770,5658,54,24,28,26,0
70,70,0,1,0,1,0,2
70,70,0,1,0,1,0,2
183,98,85,3,36,2,1,0
70,70,0,1,5,1,0,0
1845,523,1322,10,15,6,4,0
48162,46496,1666,59,136,39,20,0
571,166,405,2,30,1,1,0
10457,4879,5578,98,186,50,48,0
66,66,0,1,0,1,0,2
2901,1805,1096,17,108,13,4,0
88895,4807,84088,104,136,37,67,0
66,66,0,1,0,1,0,2
70,70,0,1,0,1,0,2
62,62,0,1,0,1,0,1
70,70,0,1,0,1,0,2
66,66,0,1,0,1,0,2
70,70,0,1,0,1,0,2
70,70,0,1,0,1,0,2
60,60,0,1,0,1,0,1
70,70,0,1,5,1,0,0
1185199,19993,1165206,1088,16,289,799,0
177,94,83,2,30,1,1,0
70,70,0,1,0,1,0,2
66,66,0,1,0,1,0,2
177,94,83,2,29,1,1,0
3498,1872,1626,48,201,24,24,0
139,70,69,2,30,1,1,0
66,66,0,1,0,1,0,2
66,66,0,1,0,1,0,1
66,66,0,1,0,1,0,2
66,66,0,1,0,1,0,1
303,85,218,2,30,1,1,0
68705,5084,63621,93,172,36,57,0
184,80,104,2,30,1,1,0
90,90,0,1,0,1,0,1
197,90,107,2,30,1,1,0
3800,2776,1024,16,83,9,7,0
198,102,96,2,31,1,1,0
62,62,0,1,0,1,0,1
168,86,82,2,29,1,1,0
60,60,0,1,0,1,0,1
62,62,0,1,0,1,0,1
8227,3496,4731,20,82,11,9,0
70,70,0,1,0,1,0,2
1718,1247,471,9,15,5,4,0
344,110,234,2,30,1,1,0
1056,569,487,10,24,6,4,0
70,70,0,2,8,2,0,0
66,66,0,1,0,1,0,1
62,62,0,1,0,1,0,1
70,70,0,1,4,1,0,0
70,70,0,1,0,1,0,2
70,70,0,1,5,1,0,0
70,70,0,1,0,1,0,2
60,60,0,1,0,1,0,1
60,60,0,1,5,1,0,0
199,94,105,2,30,1,1,0
8106,1626,6480,31,341,11,20,0
180,94,86,2,31,1,1,0
12652,6172,6480,44,16,26,18,0
60,60,0,1,0,1,0,1
168,78,90,2,30,1,1,0
168,78,90,2,30,1,1,0
66,66,0,1,0,1,0,1
60,60,0,1,0,1,0,1
20062,11233,8829,48,94,29,19,0
70,70,0,1,0,1,0,2
122,62,60,2,15,1,1,0
62,62,0,1,0,1,0,1
66,66,0,1,0,1,0,1
70,70,0,1,0,1,0,2
499,425,74,4,0,3,1,0
70,70,0,1,0,1,0,2
166,86,80,2,31,1,1,0
181,94,87,2,29,1,1,0
66,66,0,1,0,1,0,2
62,62,0,1,0,1,0,1
199,102,97,2,31,1,1,0
66,66,0,1,0,1,0,1
70,70,0,1,0,1,0,2
170,87,83,2,31,1,1,0
168,86,82,2,30,1,1,0
738,86,652,2,31,1,1,0
166,86,80,2,29,1,1,0
9563,2336,7227,25,15,14,11,0
762,98,664,2,30,1,1,0
62,62,0,1,0,1,0,1
6180,1249,4931,14,20,8,6,0
66,66,0,1,0,1,0,2
3578432,133577,3444855,4291,426,1634,2657,0
81,81,0,1,0,1,0,1
78,78,0,1,30,1,0,0
66,66,0,1,0,1,0,1
70,70,0,1,0,1,0,2
426,152,274,4,30,2,2,0
199,199,0,1,0,1,0,1
10898,3170,7728,33,331,14,19,0
898,126,772,2,31,1,1,0
70,70,0,1,0,1,0,2
70,70,0,1,0,1,0,2
60,60,0,1,0,1,0,1
70,70,0,1,0,1,0,2
50425,3972,46453,63,122,25,38,0
198,102,96,2,29,1,1,0
66,66,0,1,0,1,0,2
66,66,0,1,0,1,0,2
4351,1444,2907,19,28,11,8,0
70,70,0,1,0,1,0,2
103479,7755,95724,165,19,70,95,0
1615,793,822,13,91,7,6,0
183,94,89,2,30,1,1,0
196,94,102,2,30,1,1,0
195,102,93,2,30,1,1,0
718,94,624,2,29,1,1,0
200,94,106,2,30,1,1,0
62,62,0,1,0,1,0,1
9680,2399,7281,47,136,27,20,0
3658,2347,1311,18,17,9,9,0
66,66,0,1,0,1,0,1
237,91,146,2,32,1,1,0
194,102,92,2,29,1,1,0
214,110,104,2,30,1,1,0
198,94,104,2,29,1,1,0
60,60,0,1,0,1,0,1
70,70,0,1,0,1,0,1
70,70,0,1,0,1,0,2
70,70,0,1,0,1,0,2
366,102,264,4,60,2,2,0
62,62,0,1,0,1,0,1
70,70,0,1,0,1,0,2
17161,1619,15542,18,153,4,14,0
86,86,0,1,30,1,0,0
216,102,114,2,30,1,1,0
316,136,180,6,8,3,3,0
1404,697,707,17,121,8,9,0
21571,8604,12967,38,34,19,19,0
9668,4688,4980,42,16,25,17,0
5792,1764,4028,24,31,14,10,0
62,62,0,1,0,1,0,1
195,94,101,2,29,1,1,0
165,86,79,2,30,1,1,0
82,82,0,2,40,2,0,0
70,70,0,2,8,2,0,0
62,62,0,1,0,1,0,1
236,78,158,2,30,1,1,0
146,146,0,1,0,1,0,1
70,70,0,1,0,1,0,2
66,66,0,1,0,1,0,2
62,62,0,1,0,1,0,1
62,62,0,1,0,1,0,1
494,280,214,8,49,5,3,0
62,62,0,1,0,1,0,1
78,78,0,1,0,1,0,1
70,70,0,1,0,1,0,2
177,94,83,2,30,1,1,0
7679,1922,5757,34,17,15,19,0
62,62,0,1,0,1,0,1
159,159,0,1,0,1,0,1
168,86,82,2,31,1,1,0
62,62,0,1,0,1,0,1
70,70,0,1,0,1,0,2
98,98,0,1,0,1,0,1
66,66,0,1,0,1,0,2
256,114,142,2,30,1,1,0
60,60,0,1,0,1,0,1
66,66,0,1,0,1,0,2
3289,1031,2258,13,121,6,7,0
66,66,0,1,0,1,0,1
60,60,0,1,0,1,0,1
70,70,0,1,0,1,0,2
66,66,0,1,0,1,0,2
2091,823,1268,12,45,7,5,0
197,90,107,2,30,1,1,0
178,94,84,2,30,1,1,0
70,70,0,1,0,1,0,2
418,154,264,4,33,2,2,0
62,62,0,1,0,1,0,1
66,66,0,1,0,1,0,1
70,70,0,1,0,1,0,2
5386,1100,4286,27,686,10,17,0
319,94,225,2,29,1,1,0
70,70,0,1,5,1,0,0
327,88,239,4,52,2,2,0
70,70,0,1,0,1,0,2
412,140,272,7,25,3,4,0
23193,8487,14706,57,55,28,29,0
70,70,0,1,0,1,0,2
2058,589,1469,10,45,6,4,0
62,62,0,1,0,1,0,1
66,66,0,1,0,1,0,2
3811,2320,1491,33,735,18,15,0
320,140,180,6,7,3,3,0
62,62,0,1,0,1,0,1
215,94,121,2,30,1,1,0
66,66,0,1,0,1,0,1
199,94,105,2,29,1,1,0
130,70,60,2,15,1,1,0
62,62,0,1,0,1,0,1
199,102,97,2,30,1,1,0
184,94,90,2,31,1,1,0
284,164,120,4,15,2,2,0
302,210,92,3,30,2,1,0
62,62,0,1,0,1,0,1
146,146,0,1,0,1,0,1
66,66,0,1,0,1,0,2
66,66,0,1,0,1,0,1
168,78,90,2,30,1,1,0
62,62,0,1,0,1,0,1
78,78,0,1,0,1,0,1
502,150,352,2,1200,1,1,0
66,66,0,1,0,1,0,2
66,66,0,1,0,1,0,1
70,70,0,1,0,1,0,2
66,66,0,1,0,1,0,2
224,88,136,2,31,1,1,0
70,70,0,1,0,1,0,2
320,140,180,6,7,3,3,0
170,87,83,2,31,1,1,0
2791,1800,991,26,186,15,11,0
70,70,0,1,0,1,0,2
15252,5376,9876,35,154,16,19,0
70,70,0,1,0,1,0,2
145,145,0,1,0,1,0,1
149,149,0,1,1200,1,0,0
66,66,0,1,0,1,0,1
4487,1580,2907,19,26,11,8,0
192,98,94,2,31,1,1,0
4625,1718,2907,19,27,11,8,0
66,66,0,1,5,1,0,0
216,90,126,2,30,1,1,0
66,66,0,1,0,1,0,2
70,70,0,1,0,1,0,2
8012,4410,3602,20,135,10,10,0
150,150,0,1,1200,1,0,0
372,186,186,6,16,3,3,0
214,110,104,2,30,1,1,0
1053,566,487,10,43,6,4,0
66,66,0,1,0,1,0,2
366,240,126,7,25,5,2,0
70,70,0,1,0,1,0,2
198,94,104,2,30,1,1,0
66,66,0,1,0,1,0,2
754,94,660,2,30,1,1,0
262,106,156,2,32,1,1,0
66,66,0,1,0,1,0,2
60,60,0,1,0,1,0,1
2794,2075,719,15,30,9,6,0
573,425,148,5,0,3,2,0
78,78,0,1,4,1,0,0
78,78,0,1,0,1,0,1
230,102,128,2,31,1,1,0
62,62,0,1,0,1,0,1
66,66,0,1,0,1,0,1
2993,1992,1001,16,15,8,8,0
5424,1445,3979,29,117,14,15,0
70,70,0,1,0,1,0,2
66,66,0,1,0,1,0,1
1256,746,510,11,70,6,5,0
79787,12741,67046,117,31,65,52,0
8280,5678,2602,25,111,14,11,0
62,62,0,1,0,1,0,1
70,70,0,1,5,1,0,0
403093,31796,371297,497,151,185,312,0
218298,5904,212394,220,120,63,157,0
234,234,0,4,11,4,0,0
62,62,0,1,0,1,0,1
70,70,0,1,0,1,0,2
1560,988,572,13,25,7,6,0
214,110,104,2,31,1,1,0
62,62,0,1,0,1,0,1
200,102,98,2,30,1,1,0
62,62,0,1,0,1,0,1
168,78,90,2,30,1,1,0
70,70,0,1,0,1,0,2
70,70,0,1,0,1,0,2
66,66,0,1,0,1,0,2
66,66,0,1,0,1,0,1
226,110,116,2,30,1,1,0
10026538,185017,9841521,9515,195,2989,6526,0
389326,9849,379477,391,21,138,253,0
84030,4287,79743,107,145,47,60,0
924,924,0,15,1200,15,0,0
70,70,0,2,8,2,0,0
177,94,83,2,30,1,1,0
177,94,83,2,29,1,1,0
60,60,0,1,0,1,0,1
62,62,0,1,0,1,0,1
66,66,0,1,0,1,0,1
70,70,0,1,0,1,0,2
70,70,0,1,0,1,0,2
9624,4559,5065,88,196,45,43,0
188,96,92,2,31,1,1,0
197,102,95,2,29,1,1,0
6192,3767,2425,53,64,29,24,0
177,94,83,2,30,1,1,0
199,102,97,2,30,1,1,0
66,66,0,1,0,1,0,2
70,70,0,1,0,1,0,2
70,70,0,1,0,1,0,2
62652,30891,31761,158,381,67,91,0
552,306,246,9,15,5,4,0
70,70,0,1,5,1,0,0
66,66,0,1,5,1,0,0
146,146,0,1,0,1,0,1
57543,2347,55196,68,16,26,42,0
70,70,0,1,0,1,0,2
8674,2101,6573,25,15,13,12,0
871,126,745,2,31,1,1,0
70,70,0,1,0,1,0,2
146,146,0,1,0,1,0,1
170,87,83,2,30,1,1,0
195,94,101,2,31,1,1,0
9109,1943,7166,32,270,16,16,0
4178,2310,1868,39,30,23,16,0
209,87,122,4,29,2,2,0
5917,1570,4347,20,53,10,10,0
60,60,0,1,91,1,0,0
6913,1658,5255,22,17,12,10,0
185,102,83,2,30,1,1,0
70,70,0,1,0,1,0,2
3245691,49693,3195998,2856,38,666,2190,0
62,62,0,1,0,1,0,1
134,60,74,3,5,2,1,0
70,70,0,1,0,1,0,2
870,126,744,2,29,1,1,0
70,70,0,1,0,1,0,2
1542,489,1053,8,20,5,3,0
761,100,661,2,31,1,1,0
66,66,0,1,0,1,0,1
70,70,0,1,0,1,0,2
881,126,755,2,30,1,1,0
70,70,0,1,0,1,0,1
198,94,104,2,30,1,1,0
70,70,0,1,0,1,0,2
70,70,0,1,0,1,0,2
1093,662,431,10,41,6,4,0
922,428,494,10,14,5,5,0
60,60,0,1,0,1,0,1
177,94,83,2,30,1,1,0
70,70,0,1,0,1,0,2
312,132,180,6,6,3,3,0
9599,1234,8365,27,29,15,12,0
247,98,149,2,32,1,1,0
66,66,0,1,0,1,0,1
70,70,0,1,0,1,0,2
5731,495,5236,14,15,7,7,0
146,146,0,1,0,1,0,1
70,70,0,1,0,1,0,2
162,102,60,2,4,1,1,0
66,66,0,1,0,1,0,2
78,78,0,1,5,1,0,0
70,70,0,1,0,1,0,2
62,62,0,1,0,1,0,1
66,66,0,1,0,1,0,2
296068,21814,274254,358,206,150,208,0
902,902,0,1,0,1,0,1
1130,613,517,11,15,6,5,0
66,66,0,1,0,1,0,1
1564,560,1004,23,38,9,14,0
100,100,0,1,0,1,0,1
6155,1709,4446,29,1710,15,14,0
70,70,0,1,5,1,0,0
70,70,0,1,0,1,0,2
74,74,0,1,91,1,0,0
70,70,0,1,0,1,0,2
5168,700,4468,16,15,7,9,0
70,70,0,1,0,1,0,2
66,66,0,1,0,1,0,2
179,94,85,2,30,1,1,0
70,70,0,1,0,1,0,2
235,90,145,2,33,1,1,0
3478,1580,1898,21,31,12,9,0
7118,2462,4656,18,75,10,8,0
62,62,0,1,0,1,0,1
70,70,0,1,0,1,0,2
5168,700,4468,16,15,7,9,0
66,66,0,1,0,1,0,1
62,62,0,1,0,1,0,1
470276,8994,461282,388,25,75,313,0
194,102,92,2,31,1,1,0
70,70,0,1,0,1,0,2
183,102,81,2,30,1,1,0
177,94,83,2,30,1,1,0
70,70,0,1,5,1,0,0
6389,1163,5226,19,25,11,8,0
62,62,0,1,0,1,0,1
179,94,85,2,30,1,1,0
70,70,0,1,0,1,0,2
148,148,0,1,0,1,0,1
4181,998,3183,14,26,7,7,0
66,66,0,1,0,1,0,2
66,66,0,1,0,1,0,2
200,102,98,2,30,1,1,0
62,62,0,1,0,1,0,1
62,62,0,1,0,1,0,1
100,100,0,1,0,1,0,1
70,70,0,1,0,1,0,2
62,62,0,1,0,1,0,1
320,140,180,6,7,3,3,0
66,66,0,1,0,1,0,1
7023,2352,4671,18,75,10,8,0
316,136,180,6,6,3,3,0
318,192,126,6,26,4,2,0
7407,2516,4891,37,32,19,18,0
145,145,0,1,0,1,0,1
146,146,0,1,0,1,0,1
1146,606,540,8,45,5,3,0
70,70,0,2,8,2,0,0
62,62,0,1,0,1,0,1
198,90,108,2,30,1,1,0
12453,3460,8993,43,18,24,19,0
4624,1717,2907,19,28,11,8,0
216,110,106,2,29,1,1,0
60,60,0,1,0,1,0,1
209,110,99,2,30,1,1,0
1610,771,839,22,120,11,11,0
70,70,0,1,5,1,0,0
145,145,0,1,0,1,0,1
66,66,0,1,0,1,0,2
70,70,0,1,0,1,0,2
40105,2847,37258,61,17,28,33,0
214,110,104,2,29,1,1,0
62,62,0,1,0,1,0,1
223,78,145,2,30,1,1,0
70,70,0,1,0,1,0,2
220,90,130,2,30,1,1,0
78535,3648,74887,94,30,41,53,0
198,93,105,2,31,1,1,0
70,70,0,1,0,1,0,2
70,70,0,1,0,1,0,2
4957,1627,3330,17,120,8,9,0
6902,1936,4966,22,45,11,11,0
711,87,624,2,31,1,1,0
194,102,92,2,30,1,1,0
70,70,0,1,0,1,0,2
9880,2011,7869,38,256,17,21,0
68806,2442,66364,71,215,19,52,0
6351,1857,4494,20,16,11,9,0
66,66,0,1,0,1,0,1
317,85,232,4,60,2,2,0
3991,2587,1404,17,16,9,8,0
9010,2779,6231,30,361,15,15,0
177,94,83,2,30,1,1,0
320,320,0,5,0,5,0,0
70,70,0,2,8,2,0,0
62,62,0,1,0,1,0,1
278,102,176,2,29,1,1,0
70,70,0,1,0,1,0,2
78,78,0,1,0,1,0,1
66,66,0,1,0,1,0,2
70,70,0,1,0,1,0,2
62,62,0,1,0,1,0,1
62,62,0,1,0,1,0,1
66,66,0,1,0,1,0,1
62,62,0,1,0,1,0,1
62,62,0,1,0,1,0,1
66,66,0,1,0,1,0,1
27069,3064,24005,44,178,19,25,0
480,149,331,2,1200,1,1,0
70,70,0,1,5,1,0,0
66,66,0,1,0,1,0,2
194,102,92,2,29,1,1,0
131,131,0,1,0,1,0,1
7656,4622,3034,24,139,12,12,0
6822,3370,3452,21,135,10,11,0
70,70,0,1,0,1,0,2
150,150,0,1,1200,1,0,0
268,89,179,4,45,2,2,0
3197,1526,1671,19,26,12,7,0
12488,5447,7041,28,16,16,12,0
12993,3240,9753,36,24,18,18,0
214,110,104,2,30,1,1,0
70,70,0,1,0,1,0,2
104383,5038,99345,135,25,62,73,0
178,94,84,2,30,1,1,0
184,102,82,2,30,1,1,0
62,62,0,1,0,1,0,1
62,62,0,1,0,1,0,1
215,102,113,2,30,1,1,0
180,94,86,2,30,1,1,0
70,70,0,1,0,1,0,2
62,62,0,1,0,1,0,1
62,62,0,1,0,1,0,1
66,66,0,1,0,1,0,1
3502,1935,1567,15,15,8,7,0
66,66,0,1,0,1,0,1
70,70,0,1,0,1,0,2
880,126,754,2,30,1,1,0
200,102,98,2,30,1,1,0
197,102,95,2,33,1,1,0
70,70,0,2,7,2,0,0
62,62,0,1,0,1,0,1
70,70,0,1,0,1,0,2
527,166,361,2,1200,1,1,0
4339,1521,2818,23,3002,14,9,0
30796,3050,27746,60,30,32,28,0
208056,7568,200488,227,39,88,139,0
66,66,0,1,0,1,0,1
167,86,81,2,30,1,1,0
70,70,0,1,0,1,0,2
94,94,0,1,30,1,0,0
6496,2026,4470,20,16,12,8,0
168,86,82,2,30,1,1,0
70,70,0,1,0,1,0,2
891,126,765,2,30,1,1,0
182,93,89,2,31,1,1,0
66,66,0,1,0,1,0,1
70,70,0,1,0,1,0,2
66,66,0,1,0,1,0,1
209,110,99,2,30,1,1,0
23462,3780,19682,49,47,24,25,0
22233,10123,12110,37,28,16,21,0
166,85,81,2,30,1,1,0
7457,1726,5731,25,65,13,12,0
342,99,243,4,32,2,2,0
152,78,74,2,30,1,1,0
70,70,0,1,0,1,0,2
70,70,0,1,0,1,0,2
70,70,0,1,0,1,0,2
134,60,74,3,4,2,1,0
60,60,0,1,0,1,0,1
62,62,0,1,0,1,0,1
60,60,0,1,90,1,0,0
890,126,764,2,31,1,1,0
66,66,0,1,0,1,0,1
86,86,0,1,0,1,0,1
66,66,0,1,0,1,0,2
5025,973,4052,19,66,10,9,0
306627,58973,247654,556,297,246,310,0
252,102,150,2,29,1,1,0
198,102,96,2,30,1,1,0
186,95,91,2,31,1,1,0
70,70,0,1,0,1,0,2
62,62,0,1,0,1,0,1
62,62,0,1,0,1,0,1
12169,4985,7184,34,52,19,15,0
60,60,0,1,0,1,0,1
249,78,171,2,31,1,1,0
504,382,122,8,15,6,2,0
10169,1957,8212,26,136,11,15,0
66,66,0,1,0,1,0,1
705,583,122,6,26,4,2,0
66,66,0,1,0,1,0,2
62,62,0,1,0,1,0,1
70,70,0,1,0,1,0,2
9265,4429,4836,23,18,14,9,0
244,244,0,2,0,2,0,0
146,146,0,1,0,1,0,1
70,70,0,2,8,2,0,0
3545,1817,1728,22,95,11,11,0
5597,1462,4135,21,86,11,10,0
4548,2858,1690,42,111,22,20,0
711,87,624,2,30,1,1,0
70,70,0,1,0,1,0,2
711,87,624,2,31,1,1,0
1386,1386,0,22,1798,22,0,0
60,60,0,1,0,1,0,1
17065,11570,5495,76,218,39,37,0
9109,2044,7065,25,22,14,11,0
210,110,100,2,31,1,1,0
70,70,0,1,0,1,0,2
70,70,0,1,0,1,0,2
170,87,83,2,30,1,1,0
62,62,0,1,0,1,0,1
1292,1292,0,1,0,1,0,1
754,94,660,2,30,1,1,0
62,62,0,1,0,1,0,1
200,94,106,2,30,1,1,0
66,66,0,1,0,1,0,2
214,140,74,4,31,3,1,0
18738,1904,16834,33,17,17,16,0
70,70,0,1,5,1,0,0
70,70,0,1,0,1,0,2
184,94,90,2,30,1,1,0
24304,2974,21330,57,34,31,26,0
1581,924,657,15,125,7,8,0
267,94,173,4,59,2,2,0
290,102,188,2,30,1,1,0
146,146,0,1,0,1,0,1
62,62,0,1,0,1,0,1
458,188,270,6,30,3,3,0
296,110,186,2,30,1,1,0
70,70,0,1,0,1,0,2
235,90,145,2,33,1,1,0
184,94,90,2,29,1,1,0
132,70,62,2,29,1,1,0
5259,1203,4056,19,41,10,9,0
1298,370,928,12,15,6,6,0
70,70,0,1,0,1,0,2
66,66,0,2,8,2,0,0
7981,1961,6020,20,15,11,9,0
216,110,106,2,30,1,1,0
70,70,0,1,0,1,0,2
62,62,0,1,0,1,0,1
66,66,0,1,0,1,0,1
70,70,0,1,0,1,0,2
718,94,624,2,30,1,1,0
7851,2487,5364,35,383,16,19,0
642,582,60,2,5,1,1,0
196,86,110,2,30,1,1,0
66,66,0,1,0,1,0,2
70,70,0,1,0,1,0,2
62,62,0,1,0,1,0,1
234,234,0,4,12,4,0,0
183,94,89,2,30,1,1,0
197,102,95,2,29,1,1,0
70,70,0,1,0,1,0,2
66,66,0,1,0,1,0,2
66,66,0,1,0,1,0,1
62,62,0,1,0,1,0,1
74,74,0,1,0,1,0,1
194,102,92,2,30,1,1,0
146,146,0,1,0,1,0,1
66,66,0,1,0,1,0,2
93,93,0,1,30,1,0,0
6121,1042,5079,21,53,11,10,0
195,102,93,2,30,1,1,0
124,60,64,2,5,1,1,0
185,102,83,2,30,1,1,0
18510,706,17804,22,16,6,16,0
70,70,0,1,0,1,0,2
178,94,84,2,30,1,1,0
66,66,0,1,0,1,0,2
70,70,0,1,0,1,0,2
66,66,0,1,0,1,0,2
170002,17069,152933,229,48,118,111,0
138,78,60,2,6,1,1,0
78,78,0,1,0,1,0,1
62,62,0,1,0,1,0,1
66,66,0,1,0,1,0,2
3910,1805,2105,20,18,12,8,0
7941,1952,5989,20,15,11,9,0
70,70,0,1,0,1,0,2
22938,14436,8502,43,41,23,20,0
62,62,0,1,0,1,0,1
304,86,218,2,30,1,1,0
70,70,0,1,0,1,0,2
70,70,0,1,0,1,0,2
143,143,0,1,0,1,0,1
60,60,0,1,0,1,0,1
70,70,0,1,0,1,0,2
1386,924,462,12,30,7,5,0
168,86,82,2,31,1,1,0
72,72,0,1,0,1,0,1
70,70,0,1,5,1,0,0
66,66,0,1,0,1,0,2
70,70,0,1,0,1,0,2
156,62,94,2,10,1,1,0
132180,4407,127773,146,75,51,95,0
146,146,0,1,0,1,0,1
291,102,189,2,30,1,1,0
70,70,0,1,0,1,0,2
246,78,168,2,30,1,1,0
498,204,294,6,29,3,3,0
1056,682,374,10,16,6,4,0
62,62,0,1,0,1,0,1
70,70,0,1,0,1,0,2
720,94,626,2,30,1,1,0
62,62,0,1,0,1,0,1
256,78,178,2,30,1,1,0
62,62,0,1,0,1,0,1
146,146,0,1,0,1,0,1
66,66,0,1,0,1,0,2
66,66,0,1,0,1,0,1
60,60,0,1,0,1,0,1
1392,731,661,14,80,8,6,0
62,62,0,1,0,1,0,1
60,60,0,1,0,1,0,1
183,94,89,2,31,1,1,0
1786,172,1614,7,120,3,4,0
194,102,92,2,31,1,1,0
594,594,0,1,0,1,0,1
177,94,83,2,30,1,1,0
70,70,0,1,0,1,0,2
622,310,312,11,28,6,5,0
70,70,0,1,0,1,0,2
138,78,60,2,5,1,1,0
504,318,186,8,16,5,3,0
70,70,0,1,0,1,0,2
184,94,90,2,29,1,1,0
66,66,0,1,0,1,0,1
70,70,0,1,0,1,0,2
62,62,0,1,0,1,0,1
66,66,0,1,0,1,0,2
145,145,0,1,0,1,0,1
86,86,0,1,29,1,0,0
66,66,0,1,0,1,0,1
66,66,0,1,0,1,0,1
66,66,0,1,0,1,0,1
62,62,0,1,0,1,0,1
476,410,66,4,0,3,1,0
3428,1714,1714,16,31,8,8,0
1439485,27511,1411974,1308,108,369,939,0
3164,783,2381,15,16,7,8,0
186,95,91,2,31,1,1,0
62,62,0,1,0,1,0,1
7596,5063,2533,28,27,16,12,0
554,310,244,10,30,6,4,0
60244,2829,57415,65,144,22,43,0
70,70,0,1,5,1,0,0
178,94,84,2,31,1,1,0
210110,14803,195307,246,105,103,143,0
146,146,0,1,0,1,0,1
62,62,0,1,0,1,0,1
3322,1760,1562,19,255,10,9,0
74,74,0,1,0,1,0,1
62,62,0,1,0,1,0,1
10440,3521,6919,42,119,20,22,0
4559,2054,2505,11,120,6,5,0
469752,21060,448692,589,64,265,324,0
263,86,177,2,30,1,1,0
60,60,0,1,0,1,0,1
70,70,0,1,5,1,0,0
168,74,94,2,30,1,1,0
66,66,0,1,0,1,0,2
145,145,0,1,0,1,0,1
9600,4628,4972,41,16,24,17,0
3718,420,3298,13,120,6,7,0
19738,890,18848,25,20,9,16,0
27150,3104,24046,55,157,24,31,0
70,70,0,1,0,1,0,2
146,146,0,1,0,1,0,1
62,62,0,1,0,1,0,1
31612,3374,28238,59,271,29,30,0
70,70,0,1,5,1,0,0
66,66,0,1,0,1,0,2
103580,4856,98724,133,17,56,77,0
200,86,114,2,30,1,1,0
211,110,101,2,31,1,1,0
70,70,0,1,0,1,0,2
5198,973,4225,16,17,10,6,0
70,70,0,1,0,1,0,2
66,66,0,1,0,1,0,1
70,70,0,1,0,1,0,2
70,70,0,1,5,1,0,0
372,192,180,7,41,4,3,0
167,86,81,2,30,1,1,0
167,86,81,2,29,1,1,0
320,140,180,6,8,3,3,0
25555,2220,23335,44,30,20,24,0
7527,2435,5092,16,120,8,8,0
66,66,0,1,0,1,0,2
12386,2651,9735,24,126,12,12,0
229,110,119,2,31,1,1,0
198,93,105,2,30,1,1,0
304,86,218,2,31,1,1,0
177,94,83,2,29,1,1,0
62,62,0,1,0,1,0,1
184,94,90,2,31,1,1,0
498,204,294,6,31,3,3,0
70,70,0,2,8,2,0,0
184,94,90,2,31,1,1,0
70,70,0,1,0,1,0,2
66,66,0,1,0,1,0,1
196,102,94,2,33,1,1,0
314,88,226,4,44,2,2,0
70,70,0,1,0,1,0,2
70,70,0,1,0,1,0,2
2203,575,1628,10,15,6,4,0
193,94,99,2,30,1,1,0
3599,566,3033,15,15,8,7,0
7584,4075,3509,51,169,27,24,0
81,81,0,1,0,1,0,1
7889,1900,5989,20,15,11,9,0
60,60,0,1,0,1,0,1
66,66,0,1,0,1,0,2
60,60,0,1,0,1,0,1
66,66,0,1,0,1,0,1
70,70,0,1,0,1,0,2
504,382,122,8,16,6,2,0
1482,988,494,12,26,7,5,0
882,126,756,2,30,1,1,0
3354,1792,1562,46,194,23,23,0
62,62,0,1,0,1,0,1
70,70,0,1,0,1,0,2
66,66,0,1,0,1,0,1
484,210,274,8,135,4,4,0
66,66,0,1,0,1,0,2
70,70,0,1,0,1,0,2
60,60,0,1,0,1,0,1
66,66,0,1,0,1,0,2
289,134,155,2,30,1,1,0
182,93,89,2,31,1,1,0
210,110,100,2,30,1,1,0
468,390,78,5,30,4,1,0
11707,2326,9381,28,19,14,14,0
60,60,0,1,0,1,0,1
166,86,80,2,31,1,1,0
66,66,0,1,0,1,0,2
70,70,0,1,0,1,0,2
70,70,0,1,0,1,0,2
9808,3005,6803,36,255,19,17,0
156,156,0,3,8,3,0,0
7019,1592,5427,25,3600,14,11,0
8005,1985,6020,20,15,11,9,0
66,66,0,1,0,1,0,2
760,97,663,2,31,1,1,0
66,66,0,1,0,1,0,1
66,66,0,1,0,1,0,1
197,94,103,2,30,1,1,0
62,62,0,1,0,1,0,1
66,66,0,1,0,1,0,1
70,70,0,2,8,2,0,0
66,66,0,1,0,1,0,1
156,94,62,2,30,1,1,0
70,70,0,1,0,1,0,2
70,70,0,1,0,1,0,2
66,66,0,1,0,1,0,2
70,70,0,1,0,1,0,2
442,250,192,8,47,5,3,0
7759,1476,6283,24,19,14,10,0
146,146,0,1,0,1,0,1
60,60,0,1,0,1,0,1
168,78,90,2,30,1,1,0
16452,7129,9323,44,47,25,19,0
182,102,80,2,30,1,1,0
70,70,0,1,0,1,0,2
66,66,0,1,0,1,0,1
133596,5859,127737,148,120,51,97,0
183,94,89,2,31,1,1,0
7509,1262,6247,22,16,12,10,0
70,70,0,1,5,1,0,0
295,103,192,4,49,2,2,0
66,66,0,1,0,1,0,1
1638,1324,314,10,15,5,5,0
365,102,263,2,30,1,1,0
177,94,83,2,30,1,1,0
1657,1246,411,8,15,5,3,0
146,146,0,1,0,1,0,1
177,94,83,2,30,1,1,0
66,66,0,1,0,1,0,2
66,66,0,1,0,1,0,2
66,66,0,1,0,1,0,2
70,70,0,1,0,1,0,2
2082,1322,760,14,41,8,6,0
7371,1564,5807,18,89,9,9,0
66,66,0,1,0,1,0,1
216,110,106,2,30,1,1,0
148,148,0,1,0,1,0,1
180,94,86,2,30,1,1,0
881,243,638,6,39,3,3,0
60,60,0,1,0,1,0,1
196,94,102,2,30,1,1,0
6218,4326,1892,31,124,17,14,0
196,102,94,2,33,1,1,0
11356,5509,5847,84,544,44,40,0
1021056,38101,982955,1183,64,501,682,0
70,70,0,2,8,2,0,0
72,72,0,1,0,1,0,1
168,86,82,2,34,1,1,0
164,102,62,2,30,1,1,0
70,70,0,1,0,1,0,2
209,86,123,2,29,1,1,0
211,110,101,2,30,1,1,0
11038,3875,7163,33,16,18,15,0
247,98,149,2,32,1,1,0
316,136,180,6,6,3,3,0
868,126,742,2,31,1,1,0
199,102,97,2,30,1,1,0
62,62,0,1,0,1,0,1
60,60,0,1,0,1,0,1
109189,6692,102497,151,80,69,82,0
4692,2376,2316,30,47,16,14,0
499,425,74,4,1,3,1,0
66,66,0,1,0,1,0,1
66,66,0,1,0,1,0,1
250,86,164,4,29,2,2,0
70,70,0,1,0,1,0,2
198,102,96,2,30,1,1,0
66,66,0,1,0,1,0,1
178,94,84,2,31,1,1,0
2027955,75406,1952549,2104,60,564,1540,0
11663,1141,10522,30,41,14,16,0
62,62,0,1,0,1,0,1
66,66,0,1,0,1,0,1
758,93,665,2,31,1,1,0
199,102,97,2,30,1,1,0
198,101,97,2,30,1,1,0
62,62,0,1,0,1,0,1
74123,16210,57913,106,57,52,54,0
240,98,142,2,30,1,1,0
209,110,99,2,30,1,1,0
84657,4275,80382,105,19,45,60,0
168,86,82,2,30,1,1,0
179,94,85,2,30,1,1,0
66,66,0,1,0,1,0,2
146,146,0,1,0,1,0,1
62,62,0,1,0,1,0,1
70,70,0,1,0,1,0,2
170,87,83,2,31,1,1,0
15651,3559,12092,63,6557,28,35,0
70,70,0,1,0,1,0,2
6133,1655,4478,12,120,5,7,0
70,70,0,1,0,1,0,2
70,70,0,1,0,1,0,2
4552,2750,1802,27,95,15,12,0
62,62,0,1,0,1,0,1
195,102,93,2,31,1,1,0
60,60,0,1,0,1,0,1
70,70,0,1,0,1,0,2
6986,1578,5408,26,25,15,11,0
70,70,0,1,0,1,0,2
70,70,0,1,0,1,0,2
66,66,0,1,0,1,0,2
70,70,0,2,8,2,0,0
89817,21083,68734,148,36,77,71,0
10458,1688,8770,30,15,17,13,0
70,70,0,1,0,1,0,2
62,62,0,1,0,1,0,1
70,70,0,1,0,1,0,2
66,66,0,1,0,1,0,1
66,66,0,1,0,1,0,2
60,60,0,1,0,1,0,1
10335,2317,8018,24,188,13,11,0
66,66,0,1,0,1,0,1
131,131,0,1,0,1,0,1
60,60,0,1,0,1,0,1
124567,6787,117780,175,263,82,93,0
62,62,0,1,0,1,0,1
60,60,0,1,0,1,0,1
70,70,0,1,0,1,0,2
70,70,0,1,0,1,0,2
66,66,0,1,0,1,0,1
286,87,199,4,59,2,2,0
62,62,0,1,0,1,0,1
70,70,0,1,0,1,0,2
184,94,90,2,30,1,1,0
62,62,0,1,0,1,0,1
198,94,104,2,30,1,1,0
62,62,0,1,0,1,0,1
66,66,0,1,0,1,0,2
70,70,0,1,0,1,0,2
229,102,127,2,30,1,1,0
62,62,0,1,0,1,0,1
70,70,0,1,0,1,0,2
70,70,0,1,0,1,0,2
755,94,661,2,31,1,1,0
66,66,0,1,0,1,0,2
370,126,244,2,30,1,1,0
62,62,0,1,0,1,0,1
19775,1890,17885,40,80,17,23,0
70,70,0,1,0,1,0,2
62,62,0,1,0,1,0,1
62,62,0,1,0,1,0,1
1052,612,440,10,16,5,5,0
202,103,99,2,31,1,1,0
313,110,203,4,33,2,2,0
960,539,421,9,52,5,4,0
5888,1175,4713,19,43,11,8,0
91,91,0,1,30,1,0,0
70,70,0,1,0,1,0,2
66,66,0,1,0,1,0,2
70,70,0,1,0,1,0,2
605037,246018,359019,1735,1300,846,889,0
70,70,0,1,0,1,0,2
3005,2082,923,18,28,9,9,0
70,70,0,1,0,1,0,2
62,62,0,1,0,1,0,1
70,70,0,1,0,1,0,2
6537,3702,2835,34,170,17,17,0
220,90,130,2,30,1,1,0
182,93,89,2,31,1,1,0
177,94,83,2,29,1,1,0
7882,810,7072,21,15,9,12,0
66,66,0,2,8,2,0,0
502,222,280,8,28,4,4,0
66,66,0,1,0,1,0,2
825,99,726,2,30,1,1,0
9643,812,8831,18,128,8,10,0
66,66,0,1,0,1,0,2
4381,1474,2907,19,29,11,8,0
179,94,85,2,30,1,1,0
70,70,0,2,7,2,0,0
19394,2961,16433,51,196,24,27,0
60,60,0,1,0,1,0,1
227,88,139,2,31,1,1,0
70,70,0,1,0,1,0,2
70,70,0,1,0,1,0,2
1880,941,939,17,21,7,10,0
277,110,167,2,30,1,1,0
66,66,0,1,0,1,0,1
146,146,0,1,0,1,0,1
579418,15579,563839,599,76,219,380,0
70,70,0,1,0,1,0,2
70,70,0,1,0,1,0,2
6205,986,5219,16,48,10,6,0
60,60,0,1,0,1,0,1
60,60,0,1,0,1,0,1
578,286,292,9,15,5,4,0
13758,6577,7181,66,918,34,32,0
778,103,675,2,30,1,1,0
168,78,90,2,30,1,1,0
62,62,0,1,0,1,0,1
513682,20015,493667,523,226,126,397,0
2062,904,1158,10,258,6,4,0
146,146,0,1,0,1,0,1
66,66,0,1,0,1,0,1
62,62,0,1,0,1,0,1
146,146,0,1,0,1,0,1
9921,2945,6976,19,88,8,11,0
6431,1665,4766,22,275,12,10,0
194,102,92,2,31,1,1,0
62,62,0,1,0,1,0,1
66,66,0,1,0,1,0,2
22106,5214,16892,23,127,9,14,0
60,60,0,1,0,1,0,1
8814,4800,4014,52,629,27,25,0
422,164,258,6,30,3,3,0
216,86,130,2,30,1,1,0
66,66,0,1,0,1,0,2
146,146,0,1,0,1,0,1
506,108,398,4,36,2,2,0
66,66,0,1,0,1,0,2
168,86,82,2,30,1,1,0
66,66,0,1,0,1,0,2
3347,2025,1322,31,34,18,13,0
217,87,130,2,30,1,1,0
177,94,83,2,31,1,1,0
245,94,151,2,29,1,1,0
371,237,134,3,34,2,1,0
60,60,0,1,0,1,0,1
62,62,0,1,0,1,0,1
66,66,0,1,0,1,0,2
70,70,0,1,0,1,0,2
184,94,90,2,30,1,1,0
4137,2232,1905,13,132,8,5,0
4446,2496,1950,9,120,5,4,0
1323,616,707,18,120,9,9,0
70,70,0,2,8,2,0,0
62,62,0,1,0,1,0,1
70,70,0,1,5,1,0,0
5167,700,4467,16,15,7,9,0
1836,816,1020,12,143,7,5,0
180,94,86,2,30,1,1,0
172,80,92,2,31,1,1,0
6593,3522,3071,56,76,33,23,0
66,66,0,1,0,1,0,1
62,62,0,1,0,1,0,1
24303,4898,19405,40,28,21,19,0
139,139,0,1,0,1,0,1
70,70,0,1,0,1,0,2
11451,5432,6019,34,86,17,17,0
66,66,0,1,0,1,0,2
1385,868,517,12,30,6,6,0
5164,2984,2180,42,1285,26,16,0
62,62,0,1,0,1,0,1
70,70,0,1,0,1,0,2
66,66,0,1,0,1,0,1
70,70,0,1,0,1,0,2
66,66,0,1,0,1,0,2
89883,3417,86466,94,15,30,64,0
66,66,0,1,0,1,0,2
200,102,98,2,30,1,1,0
6448,2376,4072,22,2,10,12,0
70,70,0,1,0,1,0,2
66,66,0,1,0,1,0,1
62,62,0,1,0,1,0,1
70,70,0,1,5,1,0,0
62,62,0,1,0,1,0,1
70,70,0,1,0,1,0,2
70,70,0,1,0,1,0,2
199,94,105,2,30,1,1,0
66,66,0,1,0,1,0,1
66,66,0,1,0,1,0,1
8020,2000,6020,20,15,11,9,0
578,286,292,9,15,5,4,0
124,60,64,2,5,1,1,0
395978,13168,382810,411,143,151,260,0
62,62,0,1,0,1,0,1
1056,1056,0,17,1550,17,0,0
70,70,0,1,0,1,0,2
1882,378,1504,6,31,4,2,0
733,86,647,2,31,1,1,0
66,66,0,1,90,1,0,0
755,94,661,2,30,1,1,0
1935,895,1040,15,75,8,7,0
216,98,118,2,30,1,1,0
917,126,791,2,31,1,1,0
70,70,0,1,0,1,0,2
70,70,0,1,0,1,0,2
70,70,0,1,0,1,0,2
138,78,60,2,6,1,1,0
70,70,0,1,0,1,0,2
1553,953,600,14,47,8,6,0
145,145,0,1,0,1,0,1
70,70,0,1,0,1,0,2
767,102,665,2,30,1,1,0
70,70,0,1,5,1,0,0
5167,700,4467,16,15,7,9,0
177,94,83,2,30,1,1,0
5168,700,4468,16,15,7,9,0
66,66,0,1,0,1,0,1
213,79,134,2,32,1,1,0
195,102,93,2,30,1,1,0
177,94,83,2,30,1,1,0
22364,4125,18239,41,26,19,22,0
234,93,141,2,31,1,1,0
277,134,143,2,30,1,1,0
540,540,0,10,186,10,0,0
25051,3368,21683,50,313,26,24,0
130,70,60,3,5,2,1,0
209,110,99,2,30,1,1,0
443,182,261,6,30,3,3,0
60,60,0,1,0,1,0,1
62,62,0,1,0,1,0,1
66,66,0,1,0,1,0,2
75816,2178,73638,72,16,20,52,0
183,94,89,2,30,1,1,0
156,156,0,3,8,3,0,0
4398,1491,2907,19,28,11,8,0
4507,2978,1529,13,15,6,7,0
19699,2094,17605,32,229,14,18,0
62,62,0,1,0,1,0,1
257,101,156,2,32,1,1,0
66,66,0,1,0,1,0,2
9968,2106,7862,27,128,14,13,0
4940,2342,2598,21,135,10,11,0
314,192,122,6,15,4,2,0
62,62,0,1,0,1,0,1
70,70,0,1,5,1,0,0
202,103,99,2,31,1,1,0
70,70,0,1,0,1,0,2
66,66,0,1,0,1,0,1
775,102,673,2,30,1,1,0
195,102,93,2,30,1,1,0
1648,813,835,17,185,9,8,0
2529,1230,1299,17,16,9,8,0
1377,300,1077,6,1200,3,3,0
564,292,272,9,25,5,4,0
66,66,0,1,0,1,0,2
66,66,0,1,0,1,0,2
575,193,382,6,80,3,3,0
5325,1242,4083,23,27,13,10,0
70,70,0,1,0,1,0,2
200,102,98,2,30,1,1,0
12258,5621,6637,52,286,25,27,0
70,70,0,1,5,1,0,0
1209,709,500,14,26,8,6,0
215,80,135,2,33,1,1,0
297,297,0,1,0,1,0,1
60,60,0,1,0,1,0,1
71,71,0,1,30,1,0,0
190,97,93,2,30,1,1,0
320,140,180,6,7,3,3,0
12146,2681,9465,63,4156,25,38,0
4810,2361,2449,34,80,16,18,0
62,62,0,1,0,1,0,1
5964,1007,4957,18,16,11,7,0
164,164,0,1,0,1,0,1
62,62,0,1,0,1,0,1
62,62,0,1,0,1,0,1
66,66,0,1,0,1,0,1
54968,1915,53053,71,125,24,47,0
5508,2261,3247,22,38,13,9,0
877,126,751,2,30,1,1,0
66,66,0,1,0,1,0,1
60,60,0,1,0,1,0,1
197,102,95,2,29,1,1,0
1248,660,588,8,15,4,4,0
74,74,0,1,0,1,0,1
300,94,206,2,30,1,1,0
62,62,0,1,0,1,0,1
66,66,0,1,0,1,0,1
1928,1339,589,12,48,6,6,0
184,94,90,2,30,1,1,0
62,62,0,1,0,1,0,1
66,66,0,1,0,1,0,1
70,70,0,1,0,1,0,2
4777,2262,2515,10,122,5,5,0
70,70,0,1,0,1,0,2
841,535,306,10,14,5,5,0
2316,1206,1110,16,81,9,7,0
353,118,235,2,30,1,1,0
167,86,81,2,31,1,1,0
70,70,0,2,8,2,0,0
178,94,84,2,30,1,1,0
66,66,0,1,0,1,0,2
1806,1806,0,22,224,22,0,0
70,70,0,1,0,1,0,2
822,102,720,2,29,1,1,0
3862,2458,1404,16,15,8,8,0
60,60,0,1,0,1,0,1
70,70,0,2,8,2,0,0
4521,1614,2907,19,26,11,8,0
66,66,0,1,0,1,0,1
2648,921,1727,12,20,7,5,0
527,166,361,2,1199,1,1,0
40263,17490,22773,75,403,35,40,0
1115,534,581,12,16,7,5,0
372,192,180,7,41,4,3,0
5586,1338,4248,17,109,9,8,0
146,60,86,2,10,1,1,0
2365,1068,1297,13,79,7,6,0
66,66,0,1,0,1,0,1
66,66,0,1,0,1,0,2
208,86,122,4,29,2,2,0
212,150,62,2,31,1,1,0
70,70,0,1,0,1,0,2
70,70,0,1,0,1,0,2
214,140,74,4,41,3,1,0
177,94,83,2,30,1,1,0
177,94,83,2,30,1,1,0
10837,3411,7426,34,272,17,17,0
183,94,89,2,29,1,1,0
164,84,80,2,31,1,1,0
70,70,0,1,0,1,0,2
233,91,142,2,31,1,1,0
70,70,0,1,0,1,0,2
70,70,0,1,0,1,0,2
199,102,97,2,30,1,1,0
183,94,89,2,29,1,1,0
66,66,0,1,0,1,0,1
177,94,83,2,30,1,1,0
59754,9493,50261,131,367,68,63,0
70,70,0,1,0,1,0,2
70,70,0,1,0,1,0,2
208,94,114,2,30,1,1,0
757,98,659,2,31,1,1,0
70,70,0,1,0,1,0,2
4596,1689,2907,19,27,11,8,0
70,70,0,1,0,1,0,2
3773,2325,1448,24,18,13,11,0
216,110,106,2,30,1,1,0
66,66,0,1,0,1,0,1
62,62,0,1,0,1,0,1
60,60,0,1,0,1,0,1
70,70,0,1,5,1,0,0
45264,4281,40983,59,120,24,35,0
70,70,0,1,0,1,0,2
70,70,0,1,0,1,0,2
3830,2255,1575,16,74,10,6,0
70,70,0,1,0,1,0,2
6881,2073,4808,37,255,18,19,0
5043,432,4611,12,16,6,6,0
458,188,270,6,30,3,3,0
884,126,758,2,30,1,1,0
1484,1484,0,1,0,1,0,1
774,101,673,2,30,1,1,0
86,86,0,1,30,1,0,0
60,60,0,1,0,1,0,1
66,66,0,1,0,1,0,2
8448,2150,6298,39,98,21,18,0
8626,2839,5787,47,27,24,23,0
66,66,0,1,0,1,0,2
13028,3246,9782,29,30,16,13,0
60,60,0,1,0,1,0,1
62,62,0,1,0,1,0,1
66,66,0,1,0,1,0,1
66,66,0,1,0,1,0,1
66,66,0,1,0,1,0,1
13872,1244,12628,29,19,14,15,0
448,78,370,6,25,1,5,0
29203,1859,27344,37,18,14,23,0
183,94,89,2,31,1,1,0
62,62,0,1,0,1,0,1
331,92,239,4,40,2,2,0
1848,1139,709,14,579,8,6,0
62,62,0,1,0,1,0,1
178,94,84,2,31,1,1,0
66,66,0,1,0,1,0,2
311,86,225,2,30,1,1,0
200,94,106,2,30,1,1,0
66,66,0,1,0,1,0,1
10548,2689,7859,38,24,19,19,0
146,146,0,1,0,1,0,1
66,66,0,1,0,1,0,2
66,66,0,1,0,1,0,2
70,70,0,1,0,1,0,2
320,140,180,6,6,3,3,0
214,140,74,4,20,3,1,0
775,102,673,2,30,1,1,0
62,62,0,1,0,1,0,1
260,86,174,2,30,1,1,0
148,148,0,1,0,1,0,1
92884,4939,87945,111,16,45,66,0
66,66,0,1,0,1,0,2
70,70,0,1,0,1,0,2
146,146,0,1,0,1,0,1
1604,987,617,16,93,9,7,0
70,70,0,1,0,1,0,2
146,146,0,1,0,1,0,1
168,78,90,2,30,1,1,0
198,89,109,2,30,1,1,0
66,66,0,1,0,1,0,1
146,146,0,1,0,1,0,1
62,62,0,1,0,1,0,1
7618,2859,4759,26,17,14,12,0
60,60,0,1,0,1,0,1
220,90,130,2,30,1,1,0
215,102,113,2,30,1,1,0
176,90,86,2,31,1,1,0
146,146,0,1,0,1,0,1
183,94,89,2,30,1,1,0
66,66,0,1,0,1,0,1
62,62,0,1,0,1,0,1
66,66,0,1,0,1,0,2
60,60,0,1,0,1,0,1
1052,612,440,10,15,5,5,0
66,66,0,1,0,1,0,2
66,66,0,1,0,1,0,1
184,94,90,2,30,1,1,0
323,110,213,2,30,1,1,0
66,66,0,1,0,1,0,1
4606,3263,1343,19,304,10,9,0
70,70,0,2,7,2,0,0
778,103,675,2,31,1,1,0
183,94,89,2,29,1,1,0
1012,462,550,4,30,2,2,0
184,94,90,2,30,1,1,0
66,66,0,1,0,1,0,1
183,94,89,2,30,1,1,0
1112,534,578,12,16,7,5,0
70,70,0,1,0,1,0,2
70,70,0,1,0,1,0,2
66,66,0,1,0,1,0,2
4640,1733,2907,19,27,11,8,0
359,86,273,2,30,1,1,0
299,101,198,4,34,2,2,0
240,98,142,2,30,1,1,0
66,66,0,1,0,1,0,1
62,62,0,1,0,1,0,1
70,70,0,1,0,1,0,2
156,156,0,1,0,1,0,1
66,66,0,1,0,1,0,1
480,149,331,2,1200,1,1,0
184,94,90,2,30,1,1,0
70,70,0,1,0,1,0,2
16291,9102,7189,94,508,42,52,0
426,186,240,8,30,4,4,0
19664,8943,10721,42,37,22,20,0
8547,5209,3338,30,19,15,15,0
216,110,106,2,29,1,1,0
198,93,105,2,30,1,1,0
166465,9498,156967,220,72,100,120,0
324,150,174,2,1201,1,1,0
60,60,0,1,0,1,0,1
2091,1098,993,21,300,11,10,0
146,146,0,1,0,1,0,1
196,102,94,2,30,1,1,0
92207,5395,86812,130,88,58,72,0
74,74,0,1,0,1,0,1
66,66,0,1,0,1,0,1
4235,1797,2438,38,4443,13,25,0
70,70,0,1,0,1,0,2
62,62,0,1,0,1,0,1
3742344,115431,3626913,3995,79,1382,2613,0
504,318,186,8,15,5,3,0
179,94,85,2,30,1,1,0
25511,1260,24251,34,121,13,21,0
62,62,0,1,0,1,0,1
66,66,0,1,0,1,0,1
2128,875,1253,26,1980,13,13,0
18727,8262,10465,44,18,23,21,0
62,62,0,1,0,1,0,1
66,66,0,1,0,1,0,2
1118,1118,0,1,0,1,0,1
62,62,0,1,0,1,0,1
70,70,0,1,0,1,0,2
66,66,0,1,0,1,0,2
318,192,126,6,28,4,2,0
146,146,0,1,0,1,0,1
62,62,0,1,0,1,0,1
66,66,0,1,0,1,0,1
66,66,0,1,0,1,0,2
66,66,0,1,0,1,0,1
6939,2970,3969,19,144,9,10,0
70,70,0,1,0,1,0,2
338,278,60,2,5,1,1,0
74,74,0,1,0,1,0,1
841,715,126,5,15,3,2,0
1463,821,642,15,15,8,7,0
66,66,0,1,0,1,0,2
738,86,652,2,30,1,1,0
70,70,0,1,0,1,0,2
66,66,0,1,0,1,0,1
305,99,206,4,49,2,2,0
70,70,0,1,0,1,0,2
254,82,172,4,30,2,2,0
25043,1750,23293,44,30,23,21,0
184,102,82,2,30,1,1,0
70,70,0,1,0,1,0,2
62,62,0,1,0,1,0,1
164,84,80,2,31,1,1,0
62,62,0,1,0,1,0,1
62,62,0,1,0,1,0,1
183,102,81,2,29,1,1,0
62,62,0,1,0,1,0,1
70,70,0,1,0,1,0,2
62,62,0,1,0,1,0,1
62,62,0,1,0,1,0,1
146,146,0,1,0,1,0,1
5578,1390,4188,19,15,9,10,0
66,66,0,1,0,1,0,1
66,66,0,1,0,1,0,1
70,70,0,1,0,1,0,2
283970,23419,260551,574,158,255,319,0
70,70,0,1,0,1,0,2
761,100,661,2,30,1,1,0
66,66,0,1,0,1,0,2
177736,11174,166562,198,63,77,121,0
146,146,0,1,0,1,0,1
66,66,0,1,0,1,0,1
1283,666,617,6,1200,3,3,0
177,94,83,2,29,1,1,0
384,166,218,2,31,1,1,0
218,78,140,2,29,1,1,0
60,60,0,1,0,1,0,1
5533225,44880,5488345,4345,78,654,3691,0
70,70,0,2,8,2,0,0
70,70,0,1,0,1,0,2
66,66,0,1,0,1,0,2
212,108,104,2,31,1,1,0
64768,3074,61694,72,145,26,46,0
422,164,258,6,30,3,3,0
145,145,0,1,0,1,0,1
66,66,0,1,0,1,0,2
823,98,725,2,30,1,1,0
70,70,0,1,5,1,0,0
760,97,663,2,30,1,1,0
450,246,204,8,29,5,3,0
183,94,89,2,30,1,1,0
216,110,106,2,30,1,1,0
2548,1565,983,20,330,11,9,0
70,70,0,1,0,1,0,2
20948,4141,16807,76,616,37,39,0
170,87,83,2,30,1,1,0
2012,1423,589,12,48,6,6,0
66,66,0,1,0,1,0,1
9824,2902,6922,38,48,19,19,0
70,70,0,1,5,1,0,0
70,70,0,1,0,1,0,2
294,102,192,2,30,1,1,0
178,94,84,2,30,1,1,0
66,66,0,1,0,1,0,1
170,87,83,2,31,1,1,0
70,70,0,1,0,1,0,2
70,70,0,1,0,1,0,2
66,66,0,1,0,1,0,2
783,96,687,2,31,1,1,0
270,88,182,4,54,2,2,0
177,94,83,2,30,1,1,0
62,62,0,1,0,1,0,1
265,85,180,4,41,2,2,0
70,70,0,1,0,1,0,2
103732,4081,99651,128,61,55,73,0
293,223,70,4,1,3,1,3
70,70,0,1,0,1,0,2
62,62,0,1,0,1,0,1
7092,1883,5209,21,21,12,9,0
7427,2084,5343,24,361,12,12,0
66,66,0,1,0,1,0,1
2394,1365,1029,18,275,9,9,0
3163100,158133,3004967,3863,264,1464,2399,0
70,70,0,1,0,1,0,2
146,146,0,1,0,1,0,1
7224,114,7110,9,122,2,7,0
66,66,0,1,0,1,0,1
88,88,0,1,0,1,0,1
10480,4949,5531,22,15,12,10,0
183,94,89,2,29,1,1,0
66,66,0,1,0,1,0,1
10633,2672,7961,31,20,16,15,0
62,62,0,1,0,1,0,1
145,145,0,1,0,1,0,1
140,78,62,2,30,1,1,0
207,86,121,2,29,1,1,0
8829,3335,5494,16,126,9,7,0
66,66,0,1,0,1,0,2
286,102,184,4,46,2,2,0
70,70,0,1,0,1,0,2
70,70,0,1,0,1,0,2
378,192,186,7,21,4,3,0
183,94,89,2,30,1,1,0
70,70,0,1,0,1,0,2
177,94,83,2,30,1,1,0
62,62,0,1,0,1,0,1
4902,861,4041,15,16,7,8,0
70,70,0,1,0,1,0,2
62,62,0,1,0,1,0,1
60,60,0,1,0,1,0,1
210,102,108,2,30,1,1,0
9581,3281,6300,36,16,16,20,0
62,62,0,1,0,1,0,1
66,66,0,1,0,1,0,2
62,62,0,1,0,1,0,1
70,70,0,2,8,2,0,0
66,66,0,1,0,1,0,2
66,66,0,2,7,2,0,0
62,62,0,1,0,1,0,1
146,146,0,1,0,1,0,1
296,97,199,4,53,2,2,0
62,62,0,1,5,1,0,0
216,110,106,2,30,1,1,0
60,60,0,1,0,1,0,1
3182,1568,1614,8,120,4,4,0
193,102,91,2,29,1,1,0
2589,1231,1358,9,28,5,4,0
590874,19818,571056,669,42,271,398,0
4163,2891,1272,17,17,9,8,0
66,66,0,1,0,1,0,2
821,102,719,2,30,1,1,0
178,94,84,2,30,1,1,0
66,66,0,1,0,1,0,2
156,156,0,3,8,3,0,0
70,70,0,1,0,1,0,2
177,94,83,2,29,1,1,0
884,126,758,2,31,1,1,0
66,66,0,1,0,1,0,2
70,70,0,1,0,1,0,2
229,89,140,2,31,1,1,0
178,94,84,2,30,1,1,0
304,86,218,2,30,1,1,0
8263,2100,6163,34,255,16,18,0
70,70,0,1,0,1,0,2
66,66,0,1,0,1,0,2
13972,2550,11422,29,954,11,18,0
318,192,126,6,26,4,2,0
146,146,0,1,0,1,0,1
227,89,138,2,30,1,1,0
66,66,0,1,0,1,0,1
499,425,74,4,0,3,1,0
193,102,91,2,31,1,1,0
70,70,0,1,4,1,0,0
152,152,0,1,1200,1,0,0
94,94,0,1,30,1,0,0
62,62,0,1,0,1,0,1
70,70,0,1,0,1,0,2
70,70,0,2,8,2,0,0
672,300,372,12,30,6,6,0
176,90,86,2,31,1,1,0
70,70,0,1,0,1,0,2
146,146,0,1,0,1,0,1
873,126,747,2,31,1,1,0
466,192,274,6,83,3,3,0
66,66,0,1,0,1,0,2
20036,2088,17948,51,334,21,30,0
23470,2457,21013,31,22,13,18,0
28847,16957,11890,144,293,60,84,0
2013,1363,650,12,134,7,5,0
876,519,357,10,75,6,4,0
70,70,0,1,0,1,0,2
66,66,0,1,5,1,0,0
5562,1204,4358,11,91,7,4,0
996,462,534,4,31,2,2,0
70,70,0,1,0,1,0,2
62,62,0,1,0,1,0,1
20451,1899,18552,33,17,14,19,0
62,62,0,1,0,1,0,1
2921276,89544,2831732,3090,63,1086,2004,0
741,94,647,2,30,1,1,0
176,90,86,2,30,1,1,0
200,102,98,2,30,1,1,0
66,66,0,1,0,1,0,1
183,94,89,2,30,1,1,0
184,94,90,2,31,1,1,0
66,66,0,1,0,1,0,2
72,72,0,1,0,1,0,1
193,102,91,2,30,1,1,0
66,66,0,1,0,1,0,1
474,200,274,6,44,3,3,0
11741,7040,4701,40,172,22,18,0
174,89,85,2,30,1,1,0
182624,7130,175494,212,132,77,135,0
499,425,74,4,0,3,1,0
66,66,0,1,0,1,0,2
70,70,0,1,0,1,0,2
60,60,0,1,0,1,0,1
70,70,0,1,0,1,0,2
66,66,0,1,0,1,0,1
502469,15202,487267,580,97,193,387,0
70,70,0,1,0,1,0,2
62,62,0,1,0,1,0,1
4515,2193,2322,14,135,7,7,0
5198,504,4694,13,15,7,6,0
211,102,109,2,30,1,1,0
308,110,198,2,29,1,1,0
177,94,83,2,30,1,1,0
66,66,0,1,0,1,0,2
194,102,92,2,31,1,1,0
70,70,0,1,0,1,0,2
244,78,166,2,30,1,1,0
613,539,74,7,15,6,1,0
70,70,0,1,0,1,0,2
70,70,0,1,0,1,0,2
66,66,0,1,0,1,0,1
146,146,0,1,0,1,0,1
70,70,0,1,0,1,0,2
14033,1591,12442,26,132,10,16,0
242,94,148,2,30,1,1,0
70,70,0,1,0,1,0,2
325,75,250,2,30,1,1,0
66,66,0,1,0,1,0,2
70,70,0,1,0,1,0,2
211,102,109,2,29,1,1,0
62,62,0,1,0,1,0,1
66,66,0,1,0,1,0,2
184,94,90,2,31,1,1,0
70,70,0,1,0,1,0,2
222,86,136,2,30,1,1,0
730,102,628,2,31,1,1,0
6096,777,5319,17,25,9,8,0
66,66,0,1,0,1,0,1
70,70,0,1,0,1,0,2
66,66,0,1,0,1,0,1
5520,1212,4308,18,28,9,9,0
200,102,98,2,30,1,1,0
60,60,0,1,0,1,0,1
66,66,0,1,0,1,0,2
66,66,0,1,0,1,0,1
62,62,0,1,0,1,0,1
66,66,0,1,0,1,0,2
66,66,0,2,8,2,0,0
258,70,188,4,7,2,2,0
178,94,84,2,30,1,1,0
499,425,74,4,0,3,1,0
66,66,0,1,0,1,0,1
78,78,0,1,29,1,0,0
254,102,152,2,30,1,1,0
62,62,0,1,0,1,0,1
62,62,0,1,0,1,0,1
499,425,74,4,0,3,1,0
146,146,0,1,0,1,0,1
60,60,0,1,0,1,0,1
177,94,83,2,30,1,1,0
4382,2084,2298,18,66,10,8,0
258,70,188,4,8,2,2,0
199,94,105,2,30,1,1,0
70,70,0,1,0,1,0,2
132,132,0,3,1199,3,0,0
155516,6298,149218,174,107,49,125,0
3566,1999,1567,16,15,8,8,0
66,66,0,1,0,1,0,2
60,60,0,1,0,1,0,1
70,70,0,1,0,1,0,2
66,66,0,1,0,1,0,2
60,60,0,1,0,1,0,1
816,102,714,2,30,1,1,0
66,66,0,1,0,1,0,1
504,318,186,8,16,5,3,0
754,94,660,2,30,1,1,0
62,62,0,1,0,1,0,1
197,102,95,2,30,1,1,0
70,70,0,1,0,1,0,2
66,66,0,1,0,1,0,2
162010,4343,157667,170,98,61,109,0
197342,62255,135087,232,170,110,122,0
72,72,0,1,0,1,0,1
66,66,0,1,0,1,0,1
66,66,0,1,0,1,0,1
197,90,107,2,30,1,1,0
546,306,240,9,143,5,4,0
316,136,180,6,6,3,3,0
168,86,82,2,30,1,1,0
414,268,146,3,32,2,1,0
66,66,0,1,0,1,0,1
4685,2421,2264,10,119,5,5,0
886,126,760,2,30,1,1,0
422,164,258,6,30,3,3,0
2442,356,2086,12,120,5,7,0
7889,1900,5989,20,15,11,9,0
62,62,0,1,0,1,0,1
30210,2106,28104,46,201,17,29,0
138,64,74,3,5,2,1,0
6564,3283,3281,19,140,10,9,0
522,162,360,6,64,3,3,0
180,94,86,2,29,1,1,0
66,66,0,1,0,1,0,1
2626,1638,988,19,83,11,8,0
1506,1446,60,2,5,1,1,0
62,62,0,1,0,1,0,1
167,86,81,2,30,1,1,0
66,66,0,1,0,1,0,2
62,62,0,1,0,1,0,1
340,89,251,4,44,2,2,0
44232,11223,33009,97,460,50,47,0
199,102,97,2,30,1,1,0
66,66,0,1,0,1,0,2
960,539,421,9,35,5,4,0
159,159,0,1,0,1,0,1
9933,2306,7627,27,82,13,14,0
889,404,485,10,30,5,5,0
173,94,79,2,31,1,1,0
502,103,399,4,51,2,2,0
66,66,0,1,0,1,0,1
322,110,212,4,31,2,2,0
66,66,0,1,0,1,0,2
8058,2038,6020,20,15,11,9,0
152,66,86,2,10,1,1,0
193,102,91,2,30,1,1,0
66,66,0,1,0,1,0,1
183,94,89,2,29,1,1,0
66,66,0,1,0,1,0,2
62,62,0,1,0,1,0,1
70,70,0,1,0,1,0,2
18789,5169,13620,54,30,27,27,0
70,70,0,1,0,1,0,2
66,66,0,1,0,1,0,1
62,62,0,1,0,1,0,1
879,126,753,2,31,1,1,0
62,62,0,1,0,1,0,1
66,66,0,1,0,1,0,1
192,98,94,2,30,1,1,0
62,62,0,1,0,1,0,1
5766,1925,3841,22,17,14,8,0
294,86,208,2,30,1,1,0
66,66,0,1,0,1,0,2
183,94,89,2,30,1,1,0
10823,1626,9197,27,28,15,12,0
146,146,0,1,0,1,0,1
62,62,0,1,0,1,0,1
66,66,0,1,0,1,0,2
70,70,0,1,0,1,0,2
244,98,146,2,32,1,1,0
70,70,0,2,7,2,0,0
66,66,0,1,0,1,0,2
70,70,0,1,5,1,0,0
186,95,91,2,30,1,1,0
7067,1129,5938,19,141,9,10,0
742,462,280,2,31,1,1,0
66,66,0,1,0,1,0,2
148,148,0,1,0,1,0,1
82,82,0,2,40,2,0,0
177,94,83,2,30,1,1,0
180,94,86,2,29,1,1,0
7298,2661,4637,21,19,11,10,0
183,94,89,2,31,1,1,0
8007,1987,6020,20,15,11,9,0
124,64,60,2,0,1,1,0
66,66,0,1,0,1,0,2
62,62,0,1,0,1,0,1
139,139,0,1,0,1,0,1
8115,1962,6153,24,18,14,10,0
70,70,0,1,0,1,0,2
66,66,0,1,0,1,0,1
10817,2611,8206,44,135,21,23,0
70,70,0,2,8,2,0,0
234,234,0,4,11,4,0,0
740,93,647,2,31,1,1,0
66,66,0,1,0,1,0,1
184,94,90,2,30,1,1,0
190,70,120,4,15,2,2,0
70,70,0,1,0,1,0,2
178,91,87,2,30,1,1,0
145,145,0,1,0,1,0,1
193,102,91,2,30,1,1,0
70,70,0,1,0,1,0,2
196,94,102,2,30,1,1,0
758,320,438,11,16,6,5,0
66,66,0,1,0,1,0,1
731,91,640,2,31,1,1,0
60,60,0,1,0,1,0,1
70,70,0,1,0,1,0,2
819,102,717,2,30,1,1,0
6123,860,5263,18,361,9,9,0
70,70,0,1,0,1,0,2
13914,7812,6102,52,69,28,24,0
177,94,83,2,30,1,1,0
480,149,331,2,1200,1,1,0
70,70,0,1,0,1,0,2
146,146,0,1,0,1,0,1
499,425,74,4,0,3,1,0
146,146,0,1,0,1,0,1
11774,5465,6309,75,585,38,37,0
261,87,174,4,45,2,2,0
44752,820,43932,45,15,12,33,0
70,70,0,1,5,1,0,0
193,102,91,2,29,1,1,0
66,66,0,1,0,1,0,1
198,102,96,2,33,1,1,0
62,62,0,1,0,1,0,1
66,66,0,1,0,1,0,2
1052,612,440,10,15,5,5,0
70,70,0,2,8,2,0,0
70,70,0,1,0,1,0,2
2982,2565,417,12,15,7,5,0
969,86,883,2,30,1,1,0
8325,1483,6842,24,47,13,11,0
8512,2563,5949,27,24,15,12,0
1000,557,443,11,141,6,5,0
235,90,145,2,32,1,1,0
66,66,0,1,0,1,0,1
62,62,0,1,0,1,0,1
62,62,0,1,0,1,0,1
4295,719,3576,16,125,8,8,0
320,140,180,6,5,3,3,0
8712,2293,6419,26,315,13,13,0
62,62,0,1,0,1,0,1
7481,2264,5217,22,135,10,12,0
62,62,0,1,0,1,0,1
7981,1961,6020,20,16,11,9,0
70,70,0,1,5,1,0,0
62,62,0,1,0,1,0,1
66,66,0,1,0,1,0,2
62,62,0,1,0,1,0,1
7800,1743,6057,20,89,11,9,0
5342,1304,4038,14,134,8,6,0
70,70,0,1,0,1,0,2
148,148,0,1,0,1,0,1
70,70,0,1,0,1,0,2
177,94,83,2,29,1,1,0
62,62,0,1,0,1,0,1
481,150,331,2,1200,1,1,0
213,79,134,2,33,1,1,0
733,94,639,2,30,1,1,0
62,62,0,1,0,1,0,1
10192,5090,5102,43,15,24,19,0
146,146,0,1,0,1,0,1
234,234,0,4,12,4,0,0
887,126,761,2,30,1,1,0
66,66,0,1,0,1,0,1
504,382,122,8,15,6,2,0
70,70,0,1,0,1,0,2
70,70,0,1,5,1,0,0
258,102,156,2,30,1,1,0
195,102,93,2,30,1,1,0
60,60,0,1,0,1,0,1
213,94,119,2,30,1,1,0
306,94,212,2,30,1,1,0
199,102,97,2,30,1,1,0
86,86,0,1,30,1,0,0
7627,2734,4893,26,16,15,11,0
70,70,0,1,4,1,0,0
193,102,91,2,30,1,1,0
177,94,83,2,29,1,1,0
70,70,0,2,8,2,0,0
70,70,0,1,0,1,0,2
198,102,96,2,30,1,1,0
66,66,0,1,0,1,0,2
66,66,0,1,0,1,0,1
70,70,0,1,0,1,0,2
66,66,0,1,0,1,0,1
62,62,0,1,0,1,0,1
66,66,0,1,0,1,0,2
145,145,0,1,0,1,0,1
70,70,0,1,0,1,0,2
775,103,672,2,30,1,1,0
62,62,0,1,0,1,0,1
70,70,0,2,8,2,0,0
638,70,568,10,207,2,8,0
12157,3583,8574,81,480,34,47,0
5803,4960,843,19,124,11,8,0
29401,10036,19365,49,28,24,25,0
66,66,0,1,0,1,0,1
182,102,80,2,29,1,1,0
79,79,0,1,30,1,0,0
60,60,0,1,0,1,0,1
316,94,222,2,30,1,1,0
66,66,0,1,0,1,0,1
70,70,0,1,0,1,0,2
193,102,91,2,31,1,1,0
33716,17750,15966,134,329,72,62,0
70,70,0,1,0,1,0,2
62,62,0,1,0,1,0,1
2383,1460,923,18,201,10,8,0
70,70,0,1,0,1,0,2
216,110,106,2,30,1,1,0
66,66,0,1,0,1,0,1
7358,2661,4697,22,17,11,11,0
66,66,0,1,0,1,0,2
26128,9214,16914,81,512,40,41,0
70,70,0,1,0,1,0,2
78,78,0,1,0,1,0,1
66,66,0,1,0,1,0,1
66,66,0,1,0,1,0,2
1655,1341,314,10,15,5,5,0
66,66,0,1,0,1,0,1
1774,252,1522,5,31,3,2,0
66,66,0,1,0,1,0,2
1737,796,941,12,16,7,5,0
66,66,0,1,0,1,0,1
280,97,183,4,60,2,2,0
527,166,361,2,1200,1,1,0
774,101,673,2,30,1,1,0
299614,32024,267590,587,115,304,283,0
74,74,0,1,0,1,0,1
62,62,0,1,0,1,0,1
62,62,0,1,0,1,0,1
6617,1852,4765,23,132,13,10,0
760,97,663,2,31,1,1,0
177,94,83,2,30,1,1,0
210,110,100,2,30,1,1,0
234,234,0,4,12,4,0,0
163835,28514,135321,310,153,162,148,0
17356,5096,12260,46,26,24,22,0
70,70,0,1,0,1,0,2
132,132,0,3,1200,3,0,0
26922,13251,13671,50,18,26,24,0
66,66,0,1,0,1,0,2
200,102,98,2,30,1,1,0
70,70,0,1,0,1,0,2
146,146,0,1,0,1,0,1
70,70,0,1,0,1,0,2
183,94,89,2,30,1,1,0
66,66,0,1,0,1,0,1
763,101,662,2,30,1,1,0
70,70,0,1,0,1,0,2
66,66,0,1,0,1,0,1
62,62,0,1,0,1,0,1
322,66,256,6,16,2,4,0
225,110,115,2,29,1,1,0
1314,653,661,13,185,7,6,0
66,66,0,1,0,1,0,2
183,94,89,2,30,1,1,0
213,86,127,2,30,1,1,0
182,102,80,2,30,1,1,0
301,94,207,2,30,1,1,0
60,60,0,1,0,1,0,1
60,60,0,1,0,1,0,1
199,102,97,2,30,1,1,0
66,66,0,1,0,1,0,1
742,88,654,2,31,1,1,0
66,66,0,1,0,1,0,1
86,86,0,1,0,1,0,1
800,150,650,4,1200,2,2,0
366,240,126,7,25,5,2,0
66,66,0,1,0,1,0,1
66,66,0,1,0,1,0,2
263,94,169,2,31,1,1,0
70,70,0,1,0,1,0,2
70,70,0,1,0,1,0,2
231,90,141,2,30,1,1,0
66,66,0,1,0,1,0,1
168,86,82,2,30,1,1,0
62,62,0,1,0,1,0,1
247,98,149,2,33,1,1,0
223,223,0,1,30,1,0,0
70,70,0,1,0,1,0,2
70,70,0,2,8,2,0,0
148,148,0,1,0,1,0,1
190,70,120,4,16,2,2,0
70,70,0,1,5,1,0,0
310,94,216,2,30,1,1,0
146,146,0,1,0,1,0,1
70,70,0,1,0,1,0,2
60,60,0,1,0,1,0,1
70,70,0,1,0,1,0,2
62,62,0,1,0,1,0,1
60,60,0,1,0,1,0,1
70,70,0,1,0,1,0,2
66,66,0,1,0,1,0,1
5380,2214,3166,55,503,26,29,0
146,146,0,1,0,1,0,1
164,86,78,2,29,1,1,0
168,86,82,2,31,1,1,0
320,94,226,2,30,1,1,0
70,70,0,1,5,1,0,0
196,102,94,2,30,1,1,0
1412,94,1318,4,33,2,2,0
66,66,0,1,0,1,0,1
185,102,83,2,29,1,1,0
312,94,218,2,30,1,1,0
7060,1850,5210,35,110,21,14,0
66,66,0,2,7,2,0,0
166,86,80,2,30,1,1,0
214,110,104,2,30,1,1,0
7769,3958,3811,17,121,9,8,0
66,66,0,1,0,1,0,2
148,86,62,2,30,1,1,0
66,66,0,1,0,1,0,1
70,70,0,1,0,1,0,2
26156,6762,19394,37,16,16,21,0
62,62,0,1,0,1,0,1
198,93,105,2,30,1,1,0
70,70,0,1,0,1,0,2
62,62,0,1,0,1,0,1
322,262,60,2,15,1,1,0
310,126,184,2,30,1,1,0
199,102,97,2,30,1,1,0
66,66,0,1,0,1,0,2
186,95,91,2,31,1,1,0
66,66,0,1,0,1,0,2
4407024,140001,4267023,4628,124,1546,3082,0
148,86,62,2,30,1,1,0
70,70,0,1,0,1,0,2
178,94,84,2,30,1,1,0
66,66,0,1,0,1,0,1
70,70,0,1,0,1,0,2
180,94,86,2,30,1,1,0
66,66,0,1,0,1,0,2
168,78,90,2,30,1,1,0
62,62,0,1,0,1,0,1
62,62,0,1,0,1,0,1
4221,1038,3183,19,59,11,8,0
168,86,82,2,30,1,1,0
74,74,0,1,0,1,0,1
66,66,0,1,0,1,0,2
70,70,0,1,0,1,0,2
858,858,0,14,1200,14,0,0
66,66,0,1,0,1,0,1
70,70,0,1,0,1,0,2
66,66,0,1,5,1,0,0
70,70,0,1,0,1,0,2
5150,853,4297,16,27,9,7,0
62,62,0,1,0,1,0,1
62,62,0,1,0,1,0,1
271,88,183,4,38,2,2,0
146,146,0,1,0,1,0,1
146,146,0,1,0,1,0,1
167,78,89,2,30,1,1,0
8049,2043,6006,23,360,11,12,0
70,70,0,1,0,1,0,2
70,70,0,1,0,1,0,2
74,74,0,1,0,1,0,1
62,62,0,1,0,1,0,1
62,62,0,1,0,1,0,1
226,94,132,2,29,1,1,0
499,425,74,4,0,3,1,0
741,462,279,2,31,1,1,0
228,110,118,2,30,1,1,0
94,94,0,1,30,1,0,0
18160,6539,11621,37,19,22,15,0
19134,6811,12323,39,83,18,21,0
432,192,240,8,30,4,4,0
210,110,100,2,30,1,1,0
199,102,97,2,29,1,1,0
66,66,0,1,0,1,0,2
3623,1718,1905,17,186,10,7,0
217,87,130,2,31,1,1,0
70,70,0,1,0,1,0,2
229,110,119,2,30,1,1,0
130,70,60,2,15,1,1,0
6155,919,5236,18,55,10,8,0
70,70,0,1,0,1,0,1
10026,5706,4320,20,120,10,10,0
6774,3651,3123,35,80,18,17,0
66,66,0,1,0,1,0,2
66,66,0,1,0,1,0,1
852,150,702,4,1200,2,2,0
70,70,0,1,0,1,0,2
27557,20627,6930,89,5581,44,45,0
62,62,0,1,0,1,0,1
14329,8250,6079,26,22,16,10,0
733,94,639,2,31,1,1,0
9915,1833,8082,22,46,13,9,0
146,146,0,1,0,1,0,1
456,390,66,4,0,3,1,0
90,90,0,1,30,1,0,0
184,94,90,2,30,1,1,0
30516,3311,27205,49,47,25,24,0
62,62,0,1,0,1,0,1
70,70,0,1,0,1,0,2
9107,1499,7608,20,75,11,9,0
13455,1982,11473,29,31,16,13,0
126,60,66,3,5,2,1,0
4581,2831,1750,29,96,15,14,0
70,70,0,1,0,1,0,2
198,102,96,2,31,1,1,0
66,66,0,1,0,1,0,2
253,102,151,2,30,1,1,0
214,110,104,2,30,1,1,0
1151,711,440,10,15,5,5,0
480,244,236,4,0,2,2,0
193,102,91,2,30,1,1,0
66,66,0,1,0,1,0,2
70,70,0,1,0,1,0,2
70,70,0,1,0,1,0,2
4226,2910,1316,19,38,10,9,0
190,97,93,2,30,1,1,0
2544,900,1644,12,255,7,5,0
78,78,0,2,8,2,0,0
4683,1776,2907,19,29,11,8,0
10542,1216,9326,26,44,10,16,0
2742,1116,1626,11,20,6,5,0
3498,1872,1626,48,199,24,24,0
4228,3295,933,17,19,9,8,0
235,90,145,2,32,1,1,0
183,102,81,2,30,1,1,0
504,382,122,8,15,6,2,0
62,62,0,1,0,1,0,1
216,98,118,2,29,1,1,0
62,62,0,1,0,1,0,1
3183,2180,1003,16,15,8,8,0
70,70,0,1,0,1,0,2
66,66,0,1,0,1,0,1
62,62,0,1,0,1,0,1
405,285,120,5,15,3,2,0
62,62,0,1,0,1,0,1
948,473,475,13,15,7,6,0
62,62,0,1,0,1,0,1
66,66,0,1,0,1,0,2
8464,2891,5573,20,30,10,10,0
5612,733,4879,16,15,9,7,0
70,70,0,1,0,1,0,2
70,70,0,1,4,1,0,0
1853,1214,639,18,87,11,7,0
7966,2735,5231,22,120,10,12,0
145,145,0,1,0,1,0,1
1604,700,904,15,116,7,8,0
66,66,0,1,0,1,0,1
195,102,93,2,29,1,1,0
159,159,0,1,0,1,0,1
199,102,97,2,30,1,1,0
62,62,0,1,0,1,0,1
62,62,0,1,0,1,0,1
62,62,0,1,0,1,0,1
1494,898,596,12,142,6,6,0
74,74,0,1,0,1,0,1
70,70,0,1,0,1,0,2
211,89,122,4,29,2,2,0
396,84,312,4,54,2,2,0
70,70,0,1,0,1,0,2
62,62,0,1,0,1,0,1
66,66,0,1,0,1,0,1
156,66,90,2,5,1,1,0
168,78,90,2,30,1,1,0
37598,2397,35201,53,239,22,31,0
7064,2904,4160,68,88,33,35,0
66,66,0,1,0,1,0,1
62,62,0,1,0,1,0,1
36109,16793,19316,62,19,32,30,0
190,97,93,2,31,1,1,0
66,66,0,1,0,1,0,1
86,86,0,1,30,1,0,0
70,70,0,1,0,1,0,2
70,70,0,1,0,1,0,2
146,146,0,1,0,1,0,1
320,140,180,6,7,3,3,0
66,66,0,1,0,1,0,2
70,70,0,1,0,1,0,2
66,66,0,1,0,1,0,2
3409,1454,1955,16,16,8,8,0
232,94,138,2,30,1,1,0
66,66,0,1,0,1,0,1
179,94,85,2,30,1,1,0
70,70,0,1,0,1,0,2
752,93,659,2,30,1,1,0
6260,3089,3171,27,142,13,14,0
183,94,89,2,31,1,1,0
66,66,0,1,0,1,0,2
7889,1900,5989,20,16,11,9,0
66,66,0,1,0,1,0,2
515211,10976,504235,506,49,169,337,0
183,94,89,2,31,1,1,0
195,102,93,2,30,1,1,0
2504,1458,1046,21,87,10,11,0
70,70,0,1,0,1,0,2
1352,848,504,13,83,8,5,0
206,105,101,2,30,1,1,0
70,70,0,1,0,1,0,2
5701,1585,4116,23,1102,13,10,0
70,70,0,1,0,1,0,2
202,86,116,2,30,1,1,0
5953,1848,4105,18,17,10,8,0
209,110,99,2,30,1,1,0
307,86,221,2,29,1,1,0
59889,7472,52417,83,145,32,51,0
788,108,680,2,31,1,1,0
4655,1649,3006,10,120,5,5,0
66,66,0,1,0,1,0,2
70,70,0,1,0,1,0,2
70,70,0,1,0,1,0,2
233,90,143,2,32,1,1,0
199,94,105,2,30,1,1,0
70,70,0,1,0,1,0,2
195,102,93,2,30,1,1,0
206,105,101,2,31,1,1,0
199,102,97,2,31,1,1,0
760,97,663,2,30,1,1,0
2289,1583,706,14,18,8,6,0
8527,2387,6140,21,31,11,10,0
196,102,94,2,31,1,1,0
145,145,0,1,0,1,0,1
70,70,0,1,0,1,0,2
146,146,0,1,0,1,0,1
146,146,0,1,0,1,0,1
2719,1454,1265,22,34,12,10,0
70,70,0,1,5,1,0,0
1233,924,309,6,31,3,3,0
183,94,89,2,30,1,1,0
145,145,0,1,0,1,0,1
378,180,198,7,54,4,3,0
80200,69062,11138,193,89,100,93,0
62,62,0,1,0,1,0,1
60,60,0,1,0,1,0,1
266,78,188,2,30,1,1,0
179,94,85,2,29,1,1,0
66,66,0,1,0,1,0,1
70,70,0,1,0,1,0,2
60,60,0,1,0,1,0,1
36819,3967,32852,59,152,30,29,0
66,66,0,1,0,1,0,1
6033,1874,4159,33,4073,11,22,0
70,70,0,1,0,1,0,2
62,62,0,1,0,1,0,1
62,62,0,1,0,1,0,1
62,62,0,1,0,1,0,1
733,86,647,2,29,1,1,0
66,66,0,1,0,1,0,2
70,70,0,1,0,1,0,2
7329,949,6380,17,35,7,10,0
168,78,90,2,30,1,1,0
62,62,0,1,0,1,0,1
70,70,0,1,0,1,0,2
241,110,131,2,30,1,1,0
62,62,0,1,5,1,0,0
66,66,0,1,0,1,0,1
16776,7513,9263,42,47,24,18,0
165,86,79,2,31,1,1,0
146,84,62,2,31,1,1,0
170,87,83,2,30,1,1,0
210,110,100,2,30,1,1,0
204,118,86,2,30,1,1,0
70,70,0,1,0,1,0,2
70,70,0,1,0,1,0,2
70,70,0,1,0,1,0,2
2019,1219,800,15,17,8,7,0
70,70,0,2,8,2,0,0
1929,796,1133,21,135,11,10,0
1652,817,835,17,186,9,8,0
70,70,0,1,0,1,0,2
70,70,0,2,8,2,0,0
881,126,755,2,31,1,1,0
66,66,0,1,0,1,0,1
227,94,133,2,29,1,1,0
66,66,0,1,0,1,0,2
230,94,136,2,30,1,1,0
130,70,60,2,5,1,1,0
70,70,0,1,0,1,0,2
26307,17595,8712,52,498,29,23,0
216,110,106,2,31,1,1,0
1513,989,524,17,16,10,7,0
111535,9830,101705,141,192,62,79,0
70,70,0,1,0,1,0,2
66,66,0,1,0,1,0,1
62,62,0,1,0,1,0,1
11825,4129,7696,39,40,21,18,0
1439,697,742,12,35,6,6,0
195,102,93,2,30,1,1,0
66,66,0,1,0,1,0,2
70,70,0,1,0,1,0,2
70,70,0,1,0,1,0,2
70,70,0,1,0,1,0,2
2567,1586,981,13,75,8,5,0
167,86,81,2,30,1,1,0
70,70,0,1,0,1,0,2
807,94,713,2,30,1,1,0
199,102,97,2,30,1,1,0
61890,2830,59060,73,120,27,46,0
227267,18022,209245,424,38,239,185,0
5422,801,4621,21,173,9,12,0
184,86,98,2,30,1,1,0
70,70,0,1,0,1,0,2
66,66,0,1,0,1,0,1
168,78,90,2,30,1,1,0
237,91,146,2,32,1,1,0
66,66,0,1,0,1,0,2
70,70,0,1,0,1,0,2
145,145,0,1,0,1,0,1
17008,1379,15629,22,25,7,15,0
193,102,91,2,30,1,1,0
66,66,0,1,0,1,0,1
816,102,714,2,30,1,1,0
62,62,0,1,0,1,0,1
9766,1633,8133,27,172,13,14,0
195,102,93,2,30,1,1,0
62,62,0,1,0,1,0,1
146,146,0,1,0,1,0,1
367,102,265,2,31,1,1,0
177,94,83,2,30,1,1,0
70,70,0,2,8,2,0,0
60,60,0,1,0,1,0,1
418,94,324,2,30,1,1,0
70,70,0,1,0,1,0,2
66,66,0,1,0,1,0,1
70,70,0,1,0,1,0,2
66,66,0,1,3600,1,0,0
66,66,0,1,0,1,0,1
195,102,93,2,30,1,1,0
146,146,0,1,0,1,0,1
3182,1568,1614,8,120,4,4,0
70,70,0,1,0,1,0,2
82,82,0,1,0,1,0,1
199,94,105,2,30,1,1,0
62,62,0,1,0,1,0,1
70,70,0,1,0,1,0,2
78,78,0,1,0,1,0,1
70,70,0,1,0,1,0,2
66,66,0,1,0,1,0,1
5167,700,4467,16,15,7,9,0
754,94,660,2,30,1,1,0
152,152,0,1,1200,1,0,0
335,117,218,4,36,2,2,0
422,164,258,6,30,3,3,0
70,70,0,1,0,1,0,2
5377,857,4520,21,88,8,13,0
62,62,0,1,0,1,0,1
197,102,95,2,31,1,1,0
62,62,0,1,0,1,0,1
132,132,0,3,1199,3,0,0
66,66,0,1,0,1,0,1
60,60,0,1,0,1,0,1
71902,4007,67895,98,127,40,58,0
143,143,0,1,0,1,0,1
66,66,0,1,0,1,0,2
66,66,0,1,0,1,0,2
60,60,0,1,0,1,0,1
146,146,0,1,0,1,0,1
66,66,0,1,0,1,0,1
66,66,0,1,5,1,0,0
86,86,0,1,30,1,0,0
318,192,126,6,41,4,2,0
70,70,0,1,0,1,0,2
167,86,81,2,30,1,1,0
228,94,134,2,30,1,1,0
183,94,89,2,29,1,1,0
66,66,0,1,0,1,0,1
70,70,0,2,8,2,0,0
66,66,0,1,0,1,0,2
70,70,0,1,0,1,0,2
51055,17321,33734,147,612,77,70,0
66,66,0,1,0,1,0,1
238,87,151,2,30,1,1,0
70,70,0,1,0,1,0,2
794,102,692,2,30,1,1,0
193,102,91,2,31,1,1,0
60,60,0,1,0,1,0,1
2958,1567,1391,15,15,8,7,0
7934,1372,6562,25,63,12,13,0
312,94,218,2,30,1,1,0
66,66,0,1,0,1,0,1
70,70,0,1,0,1,0,2
62,62,0,1,0,1,0,1
62,62,0,1,5,1,0,0
25302,10587,14715,88,123,37,51,0
5397,713,4684,14,16,8,6,0
6697,1606,5091,23,36,13,10,0
274414,45529,228885,359,170,186,173,0
66,66,0,1,0,1,0,1
195,102,93,2,30,1,1,0
184,94,90,2,29,1,1,0
1165,94,1071,2,30,1,1,0
66,66,0,1,0,1,0,1
9876,1976,7900,27,27,13,14,0
186,95,91,2,31,1,1,0
62,62,0,1,0,1,0,1
66,66,0,1,0,1,0,1
179,94,85,2,31,1,1,0
2937,1241,1696,12,22,7,5,0
756,95,661,2,31,1,1,0
6312,2620,3692,25,24,12,13,0
70,70,0,2,8,2,0,0
177,94,83,2,30,1,1,0
66,66,0,1,0,1,0,1
344,107,237,4,54,2,2,0
197,102,95,2,30,1,1,0
66,66,0,1,0,1,0,1
6022,2590,3432,37,131,20,17,0
10495,9044,1451,29,35,18,11,0
60,60,0,1,0,1,0,1
70,70,0,1,0,1,0,2
5727,491,5236,14,15,7,7,0
70,70,0,1,0,1,0,2
62,62,0,1,0,1,0,1
66,66,0,1,0,1,0,1
130,70,60,3,5,2,1,0
733,94,639,2,30,1,1,0
70,70,0,1,0,1,0,2
228,102,126,2,30,1,1,0
236,86,150,2,30,1,1,0
74,74,0,1,0,1,0,1
764,102,662,2,29,1,1,0
62,62,0,1,0,1,0,1
70,70,0,1,5,1,0,0
216,94,122,2,29,1,1,0
953,538,415,11,318,6,5,0
145,145,0,1,0,1,0,1
70,70,0,1,0,1,0,2
70,70,0,1,0,1,0,2
66,66,0,1,0,1,0,1
323,110,213,2,30,1,1,0
228,110,118,2,30,1,1,0
158,158,0,1,1200,1,0,0
70,70,0,1,0,1,0,2
8740,1799,6941,25,25,13,12,0
396,102,294,2,30,1,1,0
70,70,0,1,0,1,0,2
66,66,0,1,0,1,0,1
199,102,97,2,30,1,1,0
157,157,0,1,0,1,0,1
869,126,743,2,30,1,1,0
170,87,83,2,30,1,1,0
501046,7967,493079,419,118,69,350,0
13580,3864,9716,40,18,23,17,0
47483,13980,33503,69,151,35,34,0
33131,9092,24039,41,15,19,22,0
66,66,0,1,0,1,0,1
70,70,0,1,0,1,0,2
789,110,679,2,31,1,1,0
1188,1188,0,1,0,1,0,1
62,62,0,1,0,1,0,1
5323,2482,2841,31,19,15,16,0
78,78,0,1,5,1,0,0
167,86,81,2,30,1,1,0
200,102,98,2,30,1,1,0
70,70,0,1,0,1,0,2
177,94,83,2,30,1,1,0
4380,1473,2907,19,26,11,8,0
3517,993,2524,12,120,6,6,0
70,70,0,1,0,1,0,2
72,72,0,1,0,1,0,1
361013,18864,342149,392,296,110,282,0
66,66,0,1,0,1,0,2
70,70,0,1,0,1,0,2
5613,733,4880,16,14,9,7,0
1462,703,759,8,17,5,3,0
70,70,0,1,0,1,0,2
199,102,97,2,30,1,1,0
66,66,0,1,0,1,0,1
1570,754,816,10,15,6,4,0
5100,2001,3099,15,119,7,8,0
164,84,80,2,31,1,1,0
70,70,0,1,0,1,0,2
259,102,157,2,29,1,1,0
199,94,105,2,29,1,1,0
66,66,0,1,0,1,0,2
57276,6978,50298,77,30,34,43,0
184,94,90,2,30,1,1,0
215,94,121,2,30,1,1,0
62,62,0,1,0,1,0,1
62,62,0,1,0,1,0,1
214,140,74,4,30,3,1,0
70,70,0,1,5,1,0,0
2438,1442,996,21,20,12,9,0
179,94,85,2,30,1,1,0
183,94,89,2,30,1,1,0
70,70,0,1,0,1,0,2
2163,676,1487,14,15,7,7,0
66,66,0,1,0,1,0,1
258,102,156,2,30,1,1,0
172,88,84,2,30,1,1,0
3568,2889,679,13,23,8,5,0
78,78,0,1,0,1,0,1
62,62,0,1,0,1,0,1
8442,1134,7308,23,15,13,10,0
62,62,0,1,0,1,0,1
145,145,0,1,0,1,0,1
320,320,0,1,0,1,0,1
318,192,126,6,25,4,2,0
534,460,74,6,15,5,1,0
52235,4973,47262,81,179,39,42,0
1915,797,1118,8,16,5,3,0
62,62,0,1,0,1,0,1
66,66,0,1,0,1,0,2
15867,2466,13401,29,33,16,13,0
199,102,97,2,30,1,1,0
66,66,0,2,8,2,0,0
180,94,86,2,29,1,1,0
214,110,104,2,30,1,1,0
146,146,0,1,0,1,0,1
235,90,145,2,32,1,1,0
62,62,0,1,0,1,0,1
9046,1414,7632,25,84,10,15,0
146,146,0,1,0,1,0,1
70,70,0,1,5,1,0,0
7314,2061,5253,29,92,15,14,0
12852,3554,9298,35,24,19,16,0
70,70,0,1,4,1,0,0
13869,3749,10120,28,26,15,13,0
183,94,89,2,30,1,1,0
70,70,0,1,0,1,0,2
139,139,0,1,0,1,0,1
340,110,230,2,29,1,1,0
15824,805,15019,25,18,9,16,0
70,70,0,2,8,2,0,0
2372,1452,920,16,3600,8,8,0
70,70,0,1,0,1,0,2
65658,3155,62503,76,621,26,50,0
680,70,610,11,392,2,9,0
6931,1974,4957,24,342,11,13,0
66,66,0,1,0,1,0,2
62,62,0,1,0,1,0,1
130,70,60,2,5,1,1,0
60,60,0,1,0,1,0,1
66,66,0,1,0,1,0,1
62,62,0,1,0,1,0,1
145,145,0,1,0,1,0,1
62,62,0,1,0,1,0,1
60,60,0,1,0,1,0,1
3997,1374,2623,14,136,7,7,0
66,66,0,1,0,1,0,2
70,70,0,1,0,1,0,2
4921,2525,2396,14,135,7,7,0
2425,529,1896,11,75,6,5,0
365,94,271,2,30,1,1,0
499,425,74,4,0,3,1,0
62,62,0,1,0,1,0,1
60,60,0,1,0,1,0,1
192,98,94,2,31,1,1,0
183,94,89,2,30,1,1,0
8666,2933,5733,46,15,27,19,0
66,66,0,1,0,1,0,1
62,62,0,1,0,1,0,1
621,111,510,4,35,2,2,0
166,166,0,1,1199,1,0,0
195,102,93,2,31,1,1,0
195,102,93,2,31,1,1,0
757,102,655,2,29,1,1,0
318,192,126,6,37,4,2,0
70,70,0,1,0,1,0,2
66,66,0,1,0,1,0,1
7299,4561,2738,32,193,16,16,0
4575,1668,2907,19,27,11,8,0
130,70,60,2,15,1,1,0
62,62,0,1,0,1,0,1
166,73,93,2,30,1,1,0
512466,48982,463484,912,124,446,466,0
13772,1738,12034,26,31,12,14,0
62,62,0,1,0,1,0,1
78,78,0,1,5,1,0,0
165,86,79,2,30,1,1,0
62,62,0,1,0,1,0,1
217,82,135,2,31,1,1,0
70,70,0,1,0,1,0,2
167,86,81,2,30,1,1,0
209,110,99,2,30,1,1,0
66,66,0,1,0,1,0,2
66,66,0,1,0,1,0,1
70,70,0,1,0,1,0,2
70,70,0,1,0,1,0,2
1703,524,1179,9,30,5,4,0
62,62,0,1,0,1,0,1
7747,1533,6214,27,31,13,14,0
2554,1742,812,15,77,8,7,0
66,66,0,1,0,1,0,2
70,70,0,1,0,1,0,2
62,62,0,1,0,1,0,1
254,128,126,5,16,3,2,0
93,93,0,2,60,2,0,0
1114,534,580,12,16,7,5,0
214,110,104,2,30,1,1,0
32941,1850,31091,46,131,19,27,0
70,70,0,1,0,1,0,2
8040,2587,5453,39,16,23,16,0
1401,940,461,11,28,7,4,0
70,70,0,1,0,1,0,2
70,70,0,1,0,1,0,2
70,70,0,1,0,1,0,2
4435,1290,3145,17,31,9,8,0
4555,1648,2907,19,29,11,8,0
70,70,0,1,0,1,0,2
228,90,138,2,30,1,1,0
146,146,0,1,0,1,0,1
378,192,186,7,15,4,3,0
70,70,0,1,5,1,0,0
66,66,0,1,0,1,0,1
62,62,0,1,0,1,0,1
159,159,0,1,0,1,0,1
214,110,104,2,30,1,1,0
70,70,0,1,0,1,0,2
70,70,0,1,0,1,0,2
66,66,0,1,0,1,0,2
177,94,83,2,30,1,1,0
70,70,0,1,0,1,0,2
17760,13913,3847,54,167,25,29,0
211,102,109,2,30,1,1,0
183,94,89,2,31,1,1,0
66,66,0,1,0,1,0,1
320,140,180,6,5,3,3,0
70,70,0,1,0,1,0,2
711,87,624,2,30,1,1,0
66,66,0,1,0,1,0,2
66,66,0,1,0,1,0,2
60,60,0,1,0,1,0,1
6606,936,5670,17,23,9,8,0
62,62,0,1,0,1,0,1
194,102,92,2,30,1,1,0
70,70,0,1,0,1,0,2
70,70,0,1,0,1,0,2
70,70,0,1,0,1,0,2
150,150,0,1,1200,1,0,0
62,62,0,1,0,1,0,1
232,172,60,3,4,2,1,0
70,70,0,1,0,1,0,2
183,94,89,2,30,1,1,0
74,74,0,1,0,1,0,1
1701571,69958,1631613,1930,170,782,1148,0
70,70,0,1,0,1,0,2
2485,529,1956,12,17,6,6,0
70,70,0,1,0,1,0,2
62,62,0,1,0,1,0,1
1656,126,1530,4,30,2,2,0
892,126,766,2,31,1,1,0
7341,2111,5230,18,135,8,10,0
819,102,717,2,30,1,1,0
1124,594,530,12,26,6,6,0
70,70,0,1,0,1,0,2
146,146,0,1,0,1,0,1
184,94,90,2,30,1,1,0
252,102,150,2,30,1,1,0
226,94,132,2,30,1,1,0
1013,504,509,10,15,6,4,0
6981,948,6033,17,27,10,7,0
4401,1494,2907,19,30,11,8,0
448,78,370,6,25,1,5,0
211,110,101,2,30,1,1,0
66,66,0,1,0,1,0,1
4381,1474,2907,19,26,11,8,0
404,259,145,3,33,2,1,0
70,70,0,1,0,1,0,2
202,103,99,2,31,1,1,0
7683,2076,5607,42,131,21,21,0
194,102,92,2,31,1,1,0
70,70,0,1,0,1,0,2
1495,954,541,13,47,8,5,0
70,70,0,1,0,1,0,2
167,86,81,2,29,1,1,0
340,82,258,5,29,2,3,0
220,90,130,2,30,1,1,0
2998,1997,1001,16,16,8,8,0
132958,3923,129035,143,38,53,90,0
66,66,0,1,0,1,0,1
7087,2587,4500,21,30,12,9,0
148,148,0,1,0,1,0,1
70,70,0,1,0,1,0,2
1162,1162,0,1,0,1,0,1
564,382,182,9,15,6,3,0
62,62,0,1,0,1,0,1
181,94,87,2,31,1,1,0
869,126,743,2,30,1,1,0
177,94,83,2,29,1,1,0
66,66,0,1,0,1,0,2
1342,918,424,10,25,6,4,0
5766,1575,4191,24,589,13,11,0
70,70,0,1,0,1,0,2
192,98,94,2,30,1,1,0
62,62,0,1,0,1,0,1
70,70,0,2,8,2,0,0
177,94,83,2,30,1,1,0
62,62,0,1,0,1,0,1
168,78,90,2,29,1,1,0
66,66,0,1,0,1,0,1
70,70,0,1,0,1,0,2
134,64,70,2,0,1,1,0
14668,3601,11067,34,19,19,15,0
130,66,64,2,4,1,1,0
486,240,246,9,28,5,4,0
6125,1674,4451,22,81,11,11,0
82,82,0,1,30,1,0,0
70,70,0,1,0,1,0,2
241,102,139,2,30,1,1,0
66,66,0,1,0,1,0,2
70,70,0,1,0,1,0,2
62,62,0,1,0,1,0,1
62,62,0,1,0,1,0,1
269,78,191,2,30,1,1,0
70,70,0,1,0,1,0,2
70,70,0,1,0,1,0,2
212,78,134,2,30,1,1,0
202,83,119,2,30,1,1,0
60,60,0,1,0,1,0,1
62,62,0,1,0,1,0,1
242,94,148,2,30,1,1,0
31586,15587,15999,213,884,105,108,0
195,102,93,2,30,1,1,0
134,60,74,3,10,2,1,0
62,62,0,1,0,1,0,1
66,66,0,1,0,1,0,2
60,60,0,1,0,1,0,1
259,86,173,2,30,1,1,0
159,159,0,1,0,1,0,1
101607,1692,99915,94,15,24,70,0
66,66,0,1,0,1,0,2
66,66,0,1,0,1,0,1
386,106,280,4,51,2,2,0
62,62,0,1,0,1,0,1
66,66,0,1,0,1,0,2
364,94,270,4,49,2,2,0
66,66,0,1,0,1,0,1
780,104,676,2,31,1,1,0
66,66,0,1,0,1,0,2
66,66,0,1,0,1,0,1
66,66,0,1,0,1,0,1
1882,1108,774,17,135,10,7,0
62,62,0,1,0,1,0,1
10335,2523,7812,42,32,20,22,0
70,70,0,1,0,1,0,2
199,102,97,2,30,1,1,0
66,66,0,1,0,1,0,1
3100,783,2317,14,15,7,7,0
70,70,0,1,0,1,0,2
170,87,83,2,31,1,1,0
82,82,0,1,0,1,0,1
199,102,97,2,29,1,1,0
70,70,0,1,0,1,0,2
883,126,757,2,30,1,1,0
146,146,0,1,0,1,0,1
66,66,0,1,0,1,0,2
22368,2947,19421,53,137,24,29,0
66,66,0,1,0,1,0,1
209,110,99,2,29,1,1,0
7647,2890,4757,23,20,11,12,0
555419,4827,550592,451,21,64,387,0
4373,1466,2907,19,29,11,8,0
66,66,0,1,0,1,0,1
2005,1094,911,11,87,6,5,0
383990,15580,368410,490,212,192,298,0
70,70,0,1,0,1,0,2
168,86,82,2,31,1,1,0
168,86,82,2,33,1,1,0
70,70,0,1,0,1,0,2
62,62,0,1,0,1,0,1
66,66,0,1,0,1,0,2
70,70,0,1,0,1,0,2
170,87,83,2,30,1,1,0
70,70,0,1,0,1,0,2
1770,961,809,10,15,5,5,0
1052,612,440,10,15,5,5,0
27467,22472,4995,85,42,45,40,0
170,87,83,2,30,1,1,0
1213,471,742,10,255,6,4,0
62,62,0,1,0,1,0,1
1093,662,431,10,46,6,4,0
230,90,140,2,30,1,1,0
1916,1121,795,19,69,10,9,0
78,78,0,1,4,1,0,0
192,98,94,2,31,1,1,0
199,102,97,2,29,1,1,0
82,82,0,1,31,1,0,0
66,66,0,1,0,1,0,1
70,70,0,1,0,1,0,2
94,94,0,1,30,1,0,0
482,300,182,9,25,6,3,0
70,70,0,1,0,1,0,2
562,562,0,4,175,4,0,0
6204,1328,4876,21,139,12,9,0
62,62,0,1,0,1,0,1
253,87,166,4,30,2,2,0
7183,1824,5359,27,316,14,13,0
66,66,0,1,0,1,0,2
251,94,157,2,31,1,1,0
62,62,0,1,0,1,0,1
217,90,127,2,29,1,1,0
200,102,98,2,30,1,1,0
178,94,84,2,31,1,1,0
70,70,0,1,30,1,0,0
146,146,0,1,0,1,0,1
62,62,0,1,0,1,0,1
70,70,0,1,0,1,0,2
5702,1212,4490,19,139,10,9,0
70,70,0,1,0,1,0,2
82,82,0,1,30,1,0,0
199,94,105,2,30,1,1,0
235,90,145,2,33,1,1,0
29503,9695,19808,55,34,30,25,0
78,78,0,1,30,1,0,0
554,96,458,4,60,2,2,0
211,110,101,2,30,1,1,0
66,66,0,1,0,1,0,1
193,102,91,2,30,1,1,0
196,102,94,2,30,1,1,0
15775,3795,11980,48,18,32,16,0
184,94,90,2,30,1,1,0
217,87,130,2,30,1,1,0
3674,1750,1924,23,203,12,11,0
73454,5461,67993,74,79,22,52,0
93,93,0,2,60,2,0,0
145,145,0,1,0,1,0,1
181,94,87,2,30,1,1,0
70,70,0,1,0,1,0,2
70,70,0,2,8,2,0,0
199,102,97,2,30,1,1,0
146,146,0,1,0,1,0,1
66,66,0,1,0,1,0,2
214,110,104,2,30,1,1,0
62,62,0,1,0,1,0,1
66,66,0,1,0,1,0,1
4067,2672,1395,23,23,14,9,0
6128,3746,2382,48,46,25,23,0
17071,1532,15539,17,27,3,14,0
499,425,74,4,1,3,1,0
70,70,0,1,0,1,0,2
214,110,104,2,30,1,1,0
177,94,83,2,30,1,1,0
193,102,91,2,30,1,1,0
70,70,0,2,8,2,0,0
4116,972,3144,15,50,8,7,0
8677,2714,5963,21,114,13,8,0
9742,2044,7698,30,391,12,18,0
1628,1037,591,14,16,8,6,0
173,94,79,2,30,1,1,0
9681,2243,7438,35,24,18,17,0
70,70,0,1,0,1,0,2
36985,3992,32993,56,151,25,31,0
105609,16179,89430,150,84,79,71,0
262,94,168,2,30,1,1,0
2970,1689,1281,24,18,13,11,0
4752,2561,2191,32,256,16,16,0
70,70,0,1,0,1,0,2
1515,481,1034,11,16,6,5,0
70,70,0,1,0,1,0,2
62,62,0,1,0,1,0,1
498,204,294,6,30,3,3,0
31183,3879,27304,52,19,26,26,0
66,66,0,1,0,1,0,2
6409,984,5425,21,360,11,10,0
220,90,130,2,30,1,1,0
66,66,0,1,0,1,0,1
70,70,0,1,0,1,0,2
70,70,0,1,0,1,0,2
62,62,0,1,0,1,0,1
50236,37417,12819,67,19,41,26,0
200,102,98,2,31,1,1,0
62,62,0,1,0,1,0,1
60,60,0,1,0,1,0,1
3201,1057,2144,13,135,6,7,0
60,60,0,1,0,1,0,1
216,98,118,2,30,1,1,0
234,234,0,4,11,4,0,0
376,95,281,4,36,2,2,0
194,102,92,2,30,1,1,0
62,62,0,1,0,1,0,1
286,110,176,2,30,1,1,0
70,70,0,2,8,2,0,0
177,94,83,2,29,1,1,0
199,102,97,2,30,1,1,0
66,66,0,1,0,1,0,2
70,70,0,1,0,1,0,2
7711,1717,5994,26,361,13,13,0
66,66,0,1,0,1,0,1
69429,16478,52951,156,182,83,73,0
10706,1679,9027,27,46,15,12,0
2860,258,2602,9,121,4,5,0
70,70,0,1,0,1,0,2
66,66,0,1,0,1,0,2
2459,1608,851,17,25,9,8,0
66,66,0,1,0,1,0,1
1222,747,475,10,25,5,5,0
62,62,0,1,0,1,0,1
62,62,0,1,0,1,0,1
62,62,0,1,0,1,0,1
227,89,138,2,30,1,1,0
711,87,624,2,30,1,1,0
300,99,201,4,30,2,2,0
166,86,80,2,30,1,1,0
70,70,0,1,0,1,0,2
8078,1511,6567,30,54,14,16,0
66,66,0,1,0,1,0,2
130,70,60,2,5,1,1,0
194,99,95,2,31,1,1,0
62,62,0,1,0,1,0,1
70,70,0,1,0,1,0,2
199,102,97,2,29,1,1,0
66,66,0,1,0,1,0,1
509,150,359,2,1199,1,1,0
70,70,0,1,0,1,0,2
15400,9133,6267,40,272,22,18,0
62,62,0,1,0,1,0,1
177,94,83,2,29,1,1,0
66,66,0,1,0,1,0,1
70,70,0,1,0,1,0,2
183,94,89,2,30,1,1,0
325846,10609,315237,326,38,106,220,0
1616,126,1490,4,30,2,2,0
24781,3304,21477,43,21,24,19,0
371,77,294,2,30,1,1,0
60,60,0,1,0,1,0,1
2391,1434,957,16,3601,8,8,0
193,102,91,2,30,1,1,0
278,86,192,2,29,1,1,0
6909,2495,4414,20,15,11,9,0
70,70,0,1,0,1,0,2
66,66,0,1,0,1,0,1
62,62,0,1,0,1,0,1
70,70,0,1,0,1,0,2
10876,5991,4885,39,93,22,17,0
134,60,74,3,6,2,1,0
70,70,0,1,5,1,0,0
983,496,487,9,16,5,4,0
62,62,0,1,0,1,0,1
353,118,235,2,30,1,1,0
6883,1887,4996,23,361,12,11,0
196,94,102,2,29,1,1,0
1466,856,610,13,27,6,7,0
70,70,0,1,0,1,0,2
198,101,97,2,31,1,1,0
12357,5182,7175,30,108,13,17,0
66,66,0,1,0,1,0,2
214,94,120,2,30,1,1,0
257,126,131,2,31,1,1,0
146,146,0,1,0,1,0,1
481,150,331,2,1199,1,1,0
62,62,0,1,0,1,0,1
316,136,180,6,7,3,3,0
209,110,99,2,30,1,1,0
3964,780,3184,14,125,8,6,0
67984,17257,50727,121,148,50,71,0
1398,590,808,9,111,6,3,0
62,62,0,1,0,1,0,1
1269359015,948477220,320881795,1036116,9283,747520,288596,0
1150,613,537,10,16,6,4,0
74,74,0,1,0,1,0,1
70,70,0,1,0,1,0,2
70,70,0,1,0,1,0,2
5826,1199,4627,21,42,11,10,0
66,66,0,1,0,1,0,1
62,62,0,1,0,1,0,1
168,86,82,2,30,1,1,0
70,70,0,1,0,1,0,2
70,70,0,1,0,1,0,2
66,66,0,1,0,1,0,2
70,70,0,1,5,1,0,0
70,70,0,1,5,1,0,0
70,70,0,1,0,1,0,2
66,66,0,1,0,1,0,2
209,110,99,2,30,1,1,0
66,66,0,1,0,1,0,2
70,70,0,1,0,1,0,2
499,425,74,4,0,3,1,0
146,146,0,1,0,1,0,1
167,86,81,2,30,1,1,0
1654,126,1528,4,31,2,2,0
326320,11951,314369,346,36,122,224,0
216,110,106,2,30,1,1,0
70,70,0,1,0,1,0,2
374,97,277,4,32,2,2,0
66,66,0,1,0,1,0,2
78,78,0,1,0,1,0,1
22544,1481,21063,31,16,9,22,0
62,62,0,1,0,1,0,1
66,66,0,1,0,1,0,2
193,102,91,2,29,1,1,0
60,60,0,1,0,1,0,1
62,62,0,1,0,1,0,1
70,70,0,1,0,1,0,2
66,66,0,1,0,1,0,2
70,70,0,1,0,1,0,2
184,94,90,2,29,1,1,0
199,102,97,2,30,1,1,0
513,152,361,2,1200,1,1,0
78,78,0,2,31,2,0,0
70,70,0,1,0,1,0,2
318,192,126,6,26,4,2,0
205,94,111,2,30,1,1,0
70,70,0,1,5,1,0,0
3026,1775,1251,23,74,14,9,0
66,66,0,1,0,1,0,2
266,89,177,4,58,2,2,0
184,94,90,2,30,1,1,0
450,246,204,8,141,5,3,0
66,66,0,1,0,1,0,1
819,102,717,2,30,1,1,0
62,62,0,1,0,1,0,1
62,62,0,1,0,1,0,1
177,94,83,2,30,1,1,0
378,192,186,7,39,4,3,0
70,70,0,1,0,1,0,2
62,62,0,1,0,1,0,1
258,70,188,4,8,2,2,0
62,62,0,1,0,1,0,1
217,86,131,2,30,1,1,0
70,70,0,2,8,2,0,0
66,66,0,1,0,1,0,1
138,78,60,2,5,1,1,0
318,70,248,5,17,1,4,0
70,70,0,1,0,1,0,2
66,66,0,1,0,1,0,1
196,102,94,2,31,1,1,0
1252,539,713,10,20,5,5,0
22856,2980,19876,43,116,19,24,0
70,70,0,1,0,1,0,2
86,86,0,1,30,1,0,0
146,146,0,1,0,1,0,1
70,70,0,1,0,1,0,2
70,70,0,1,0,1,0,2
10761,5724,5037,43,15,25,18,0
132,132,0,3,1200,3,0,0
761,100,661,2,31,1,1,0
70,70,0,2,7,2,0,0
62,62,0,1,0,1,0,1
216,110,106,2,31,1,1,0
70,70,0,1,0,1,0,2
70,70,0,1,0,1,0,2
645,90,555,2,30,1,1,0
70,70,0,1,0,1,0,2
66,66,0,1,0,1,0,1
168,86,82,2,31,1,1,0
240,96,144,2,31,1,1,0
10747,2507,8240,26,48,14,12,0
70,70,0,1,0,1,0,2
139,70,69,2,30,1,1,0
66,66,0,1,0,1,0,2
546,280,266,9,26,5,4,0
62,62,0,1,0,1,0,1
70,70,0,1,0,1,0,2
332,332,0,1,0,1,0,1
976,589,387,10,76,6,4,0
619870,220857,399013,1045,123,531,514,0
498,204,294,6,29,3,3,0
762,98,664,2,31,1,1,0
66,66,0,1,0,1,0,2
770,101,669,2,30,1,1,0
417,86,331,2,31,1,1,0
62,62,0,1,0,1,0,1
62,62,0,1,0,1,0,1
755,94,661,2,30,1,1,0
2511,1464,1047,21,102,10,11,0
186,95,91,2,31,1,1,0
10454,1724,8730,28,525,12,16,0
70,70,0,1,0,1,0,2
62,62,0,1,0,1,0,1
60,60,0,1,0,1,0,1
70,70,0,1,0,1,0,2
177,86,91,2,29,1,1,0
504,382,122,8,16,6,2,0
195,102,93,2,31,1,1,0
177,94,83,2,31,1,1,0
177,94,83,2,30,1,1,0
70,70,0,1,0,1,0,2
70,70,0,1,0,1,0,2
66,66,0,1,0,1,0,1
70,70,0,1,0,1,0,2
70,70,0,2,8,2,0,0
92397,4379,88018,102,16,37,65,0
177,94,83,2,30,1,1,0
148,148,0,1,0,1,0,1
70,70,0,1,0,1,0,2
4802,866,3936,19,26,10,9,0
166,86,80,2,30,1,1,0
183,94,89,2,30,1,1,0
194,87,107,2,31,1,1,0
711,87,624,2,30,1,1,0
396,102,294,2,30,1,1,0
234,234,0,4,12,4,0,0
66,66,0,1,0,1,0,1
12757,4053,8704,39,522,14,25,0
78,78,0,1,0,1,0,1
17529,8138,9391,39,31,17,22,0
177,94,83,2,30,1,1,0
359,134,225,2,30,1,1,0
62,62,0,1,0,1,0,1
70,70,0,2,9,2,0,0
70,70,0,2,8,2,0,0
66,66,0,1,0,1,0,2
254,128,126,5,15,3,2,0
3354,1792,1562,46,192,23,23,0
62,62,0,1,0,1,0,1
62,62,0,1,0,1,0,1
6664,1570,5094,23,18,13,10,0
177,94,83,2,30,1,1,0
6777,1527,5250,24,201,13,11,0
66,66,0,1,0,1,0,2
66,66,0,1,0,1,0,2
66,66,0,1,0,1,0,2
503,103,400,4,47,2,2,0
199,102,97,2,29,1,1,0
253,99,154,2,33,1,1,0
62,62,0,1,0,1,0,1
318,192,126,6,22,4,2,0
66,66,0,1,0,1,0,2
66,66,0,1,0,1,0,2
863,363,500,4,1200,2,2,0
11955,1861,10094,30,172,14,16,0
183,94,89,2,30,1,1,0
66,66,0,1,0,1,0,1
6973,2413,4560,22,148,11,11,0
3562,1936,1626,48,192,24,24,0
146,146,0,1,0,1,0,1
868,126,742,2,30,1,1,0
177,94,83,2,30,1,1,0
70,70,0,1,0,1,0,2
70,70,0,1,0,1,0,2
4889,763,4126,18,30,8,10,0
4292,1932,2360,32,118,17,15,0
366,94,272,2,30,1,1,0
13661,4451,9210,32,46,18,14,0
70,70,0,1,0,1,0,2
70,70,0,1,0,1,0,2
62,62,0,1,0,1,0,1
285,103,182,4,50,2,2,0
70,70,0,1,4,1,0,0
60,60,0,1,0,1,0,1
66,66,0,2,8,2,0,0
62,62,0,1,0,1,0,1
62,62,0,1,0,1,0,1
70,70,0,1,0,1,0,2
70,70,0,1,0,1,0,2
66,66,0,1,0,1,0,1
2091,799,1292,10,15,6,4,0
66,66,0,1,0,1,0,1
62,62,0,1,0,1,0,1
66,66,0,2,8,2,0,0
62,62,0,1,0,1,0,1
70,70,0,1,0,1,0,2
70,70,0,1,0,1,0,2
62,62,0,1,0,1,0,1
62,62,0,1,0,1,0,1
17812,8128,9684,55,343,27,28,0
196,94,102,2,30,1,1,0
66,66,0,1,0,1,0,1
5779,1472,4307,22,78,12,10,0
80361,77433,2928,946,89,930,16,0
70,70,0,1,0,1,0,2
198,94,104,2,29,1,1,0
66,66,0,1,0,1,0,2
139,139,0,1,0,1,0,1
146,146,0,1,0,1,0,1
62,62,0,1,0,1,0,1
168,78,90,2,30,1,1,0
252,252,0,1,0,1,0,1
70,70,0,2,8,2,0,0
70,70,0,1,0,1,0,2
210,110,100,2,29,1,1,0
66,66,0,1,0,1,0,1
62,62,0,1,0,1,0,1
5320,3428,1892,22,21,12,10,0
7905,1916,5989,20,15,11,9,0
70,70,0,1,5,1,0,0
66,66,0,2,7,2,0,0
62,62,0,1,0,1,0,1
60,60,0,1,0,1,0,1
11549,3378,8171,33,196,16,17,0
146,146,0,1,0,1,0,1
761,100,661,2,30,1,1,0
66,66,0,1,0,1,0,2
168,86,82,2,30,1,1,0
196,102,94,2,31,1,1,0
62,62,0,1,0,1,0,1
70,70,0,1,0,1,0,2
70,70,0,1,0,1,0,2
70,70,0,1,0,1,0,2
199,102,97,2,29,1,1,0
70,70,0,2,8,2,0,0
70,70,0,1,0,1,0,2
62,62,0,1,0,1,0,1
86,86,0,1,30,1,0,0
66,66,0,1,0,1,0,2
213,87,126,2,30,1,1,0
177,94,83,2,29,1,1,0
62,62,0,1,0,1,0,1
70,70,0,1,0,1,0,2
220,94,126,2,29,1,1,0
66,66,0,1,0,1,0,2
70,70,0,1,0,1,0,2
203,82,121,2,30,1,1,0
66,66,0,1,0,1,0,2
7981,1867,6114,32,313,17,15,0
3562,1936,1626,48,195,24,24,0
168,78,90,2,30,1,1,0
267,102,165,2,30,1,1,0
146,146,0,1,0,1,0,1
6813,2515,4298,30,58,16,14,0
210,110,100,2,29,1,1,0
199,94,105,2,30,1,1,0
84,84,0,1,0,1,0,1
70,70,0,1,0,1,0,2
60,60,0,1,0,1,0,1
196,102,94,2,30,1,1,0
62,62,0,1,0,1,0,1
81,81,0,1,0,1,0,1
168,86,82,2,29,1,1,0
70,70,0,1,0,1,0,2
70,70,0,1,4,1,0,0
3550,1983,1567,15,16,8,7,0
70,70,0,1,0,1,0,2
168,86,82,2,29,1,1,0
3345,432,2913,11,15,6,5,0
60,60,0,1,0,1,0,1
70,70,0,1,0,1,0,2
60,60,0,1,0,1,0,1
66,66,0,1,0,1,0,1
163763,5320,158443,178,120,60,118,0
190,70,120,4,14,2,2,0
499,425,74,4,0,3,1,0
70,70,0,1,0,1,0,2
10583,3353,7230,32,83,16,16,0
178,94,84,2,30,1,1,0
70,70,0,1,0,1,0,2
70,70,0,1,0,1,0,2
11950,1590,10360,33,90,16,17,0
1649,963,686,7,15,5,2,0
66,66,0,1,0,1,0,2
875,518,357,10,75,6,4,0
31237,2116,29121,57,195,24,33,0
7924,1798,6126,26,15,14,12,0
124,64,60,2,16,1,1,0
66,66,0,1,0,1,0,1
168,86,82,2,30,1,1,0
9854,2716,7138,36,49,20,16,0
62,62,0,1,0,1,0,1
70,70,0,2,7,2,0,0
711,87,624,2,31,1,1,0
199,94,105,2,30,1,1,0
66,66,0,1,0,1,0,1
1063,1063,0,1,0,1,0,1
70,70,0,1,0,1,0,2
22601,1621,20980,35,142,18,17,0
70,70,0,1,0,1,0,2
960,539,421,9,30,5,4,0
70,70,0,1,0,1,0,2
62,62,0,1,0,1,0,1
322,110,212,4,30,2,2,0
206,105,101,2,31,1,1,0
211,110,101,2,30,1,1,0
8058,2038,6020,20,15,11,9,0
66,66,0,1,0,1,0,1
195,102,93,2,30,1,1,0
13187,6736,6451,22,55,12,10,0
18741,9242,9499,96,31,48,48,0
81,81,0,1,30,1,0,0
62657,4444,58213,83,46,37,46,0
193,102,91,2,30,1,1,0
11989,7908,4081,61,120,31,30,0
23323,1589,21734,27,85,10,17,0
62,62,0,1,5,1,0,0
66,66,0,1,0,1,0,2
212,102,110,2,30,1,1,0
1915,1466,449,10,19,6,4,0
70,70,0,1,0,1,0,2
62,62,0,1,0,1,0,1
199,102,97,2,30,1,1,0
66,66,0,1,0,1,0,2
66,66,0,1,0,1,0,1
129,129,0,1,0,1,0,1
66,66,0,1,0,1,0,2
70,70,0,1,0,1,0,2
22953,5010,17943,38,123,14,24,0
36203,1763,34440,46,119,17,29,0
7653,1188,6465,21,16,12,9,0
234,234,0,4,11,4,0,0
62,62,0,1,0,1,0,1
70,70,0,1,0,1,0,2
179,94,85,2,30,1,1,0
146,146,0,1,0,1,0,1
212,108,104,2,30,1,1,0
146,146,0,1,0,1,0,1
450,246,204,8,28,5,3,0
179,94,85,2,30,1,1,0
6453,1316,5137,16,315,9,7,0
70,70,0,1,0,1,0,2
76388,4341,72047,107,169,48,59,0
70,70,0,1,0,1,0,2
66,66,0,1,0,1,0,2
70,70,0,1,0,1,0,2
70,70,0,1,0,1,0,2
266,110,156,2,30,1,1,0
62,62,0,1,0,1,0,1
66,66,0,1,0,1,0,2
70,70,0,1,0,1,0,2
6392,1099,5293,18,33,10,8,0
66,66,0,1,0,1,0,1
6666,1682,4984,28,1157,15,13,0
1851,1212,639,18,177,11,7,0
255,118,137,2,29,1,1,0
2402,1444,958,18,81,10,8,0
138,78,60,2,6,1,1,0
783,96,687,2,30,1,1,0
4398,1491,2907,19,26,11,8,0
62,62,0,1,0,1,0,1
199,102,97,2,30,1,1,0
181,86,95,2,30,1,1,0
43483,26315,17168,86,62,54,32,0
146,146,0,1,0,1,0,1
177,94,83,2,30,1,1,0
70,70,0,1,0,1,0,2
4299,1870,2429,17,150,8,9,0
70,70,0,1,0,1,0,2
1615,941,674,15,21,7,8,0
78,78,0,1,0,1,0,1
101466,17775,83691,225,74,112,113,0
350,210,140,6,26,4,2,0
70,70,0,1,0,1,0,2
3524,2698,826,14,16,8,6,0
492,306,186,8,15,5,3,0
66,66,0,1,0,1,0,1
199,102,97,2,30,1,1,0
62,62,0,1,0,1,0,1
4898,1119,3779,17,30,9,8,0
62,62,0,1,0,1,0,1
70,70,0,1,0,1,0,2
272,122,150,2,30,1,1,0
62,62,0,1,0,1,0,1
182,93,89,2,31,1,1,0
146,146,0,1,0,1,0,1
89229,6918,82311,131,33,63,68,0
66,66,0,1,0,1,0,2
414,268,146,3,33,2,1,0
184,94,90,2,30,1,1,0
62,62,0,1,0,1,0,1
146,146,0,1,0,1,0,1
66,66,0,1,0,1,0,2
66,66,0,1,0,1,0,1
216,90,126,2,30,1,1,0
15321,3760,11561,56,170,23,33,0
70,70,0,1,0,1,0,2
70,70,0,1,0,1,0,2
10895,2151,8744,26,362,11,15,0
70,70,0,1,0,1,0,2
249,78,171,2,30,1,1,0
70,70,0,2,8,2,0,0
66,66,0,1,0,1,0,2
316,136,180,6,6,3,3,0
399,102,297,4,54,2,2,0
258,86,172,2,31,1,1,0
453047,13340,439707,469,16,165,304,0
220,100,120,2,31,1,1,0
11356,4341,7015,33,128,16,17,0
7121,2564,4557,26,127,15,11,0
62,62,0,1,0,1,0,1
1346,918,428,10,26,6,4,0
66,66,0,1,0,1,0,1
70,70,0,1,0,1,0,2
172,94,78,2,29,1,1,0
177,94,83,2,29,1,1,0
825,99,726,2,30,1,1,0
168,86,82,2,30,1,1,0
174,81,93,2,30,1,1,0
70,70,0,1,0,1,0,2
66,66,0,1,0,1,0,2
183,94,89,2,29,1,1,0
213,102,111,2,29,1,1,0
70,70,0,1,0,1,0,2
235,78,157,2,30,1,1,0
70,70,0,1,5,1,0,0
60,60,0,1,0,1,0,1
753,753,0,1,0,1,0,1
3354,2353,1001,18,45,11,7,0
166,86,80,2,30,1,1,0
4213,2429,1784,18,32,9,9,0
6130,1264,4866,18,75,9,9,0
7479,2226,5253,29,151,15,14,0
184,94,90,2,29,1,1,0
301,90,211,4,46,2,2,0
216,110,106,2,30,1,1,0
62,62,0,1,0,1,0,1
3370,1595,1775,16,15,9,7,0
70,70,0,1,0,1,0,2
17473899,604274,16869625,22165,408,7731,14434,0
66,66,0,1,0,1,0,1
3894448,104279,3790169,4041,97,1411,2630,0
172,94,78,2,29,1,1,0
211,102,109,2,30,1,1,0
70,70,0,2,8,2,0,0
62,62,0,1,0,1,0,1
882,527,355,10,255,6,4,0
70,70,0,1,0,1,0,2
97,97,0,1,0,1,0,1
70,70,0,1,0,1,0,2
448,78,370,6,25,1,5,0
17456,7877,9579,47,49,24,23,0
62,62,0,1,0,1,0,1
2940,669,2271,13,122,6,7,0
222,90,132,2,30,1,1,0
66,66,0,1,0,1,0,1
238,118,120,2,1200,1,1,0
27124,1455,25669,41,15,20,21,0
418,154,264,4,33,2,2,0
1658,1344,314,10,15,5,5,0
263,134,129,2,30,1,1,0
70,70,0,1,0,1,0,2
66,66,0,1,0,1,0,2
7912,3269,4643,23,96,12,11,0
70,70,0,1,0,1,0,2
8005,1985,6020,20,15,11,9,0
70,70,0,1,0,1,0,2
70,70,0,1,0,1,0,2
190,97,93,2,31,1,1,0
66,66,0,1,0,1,0,1
62,62,0,1,0,1,0,1
66,66,0,1,0,1,0,2
212,110,102,2,30,1,1,0
66,66,0,1,0,1,0,1
70,70,0,1,0,1,0,2
193,102,91,2,30,1,1,0
193,102,91,2,29,1,1,0
8363,1573,6790,24,49,14,10,0
70,70,0,1,0,1,0,2
3495,1150,2345,17,18,8,9,0
760,97,663,2,31,1,1,0
66,66,0,1,0,1,0,2
199,102,97,2,30,1,1,0
16107,3200,12907,35,362,17,18,0
3604,2064,1540,15,40,10,5,0
178,94,84,2,29,1,1,0
70,70,0,1,0,1,0,2
782,105,677,2,30,1,1,0
197,102,95,2,31,1,1,0
66,66,0,1,0,1,0,1
66,66,0,1,0,1,0,2
70,70,0,1,5,1,0,0
60374,30984,29390,250,175,123,127,0
60,60,0,1,0,1,0,1
146,60,86,2,9,1,1,0
2894,1095,1799,15,131,8,7,0
70,70,0,1,0,1,0,2
70,70,0,1,0,1,0,2
19611,6865,12746,46,37,24,22,0
499,425,74,4,0,3,1,0
244,94,150,2,30,1,1,0
66,66,0,1,0,1,0,2
15022,5202,9820,113,36,53,60,0
13829,1724,12105,28,516,13,15,0
60,60,0,1,0,1,0,1
62,62,0,1,0,1,0,1
5198,2221,2977,19,16,10,9,0
194,94,100,2,30,1,1,0
4970,2272,2698,12,121,6,6,0
747,92,655,2,31,1,1,0
306,180,126,6,29,4,2,0
70,70,0,1,0,1,0,2
198,101,97,2,30,1,1,0
70,70,0,1,0,1,0,2
178,94,84,2,30,1,1,0
146,146,0,1,0,1,0,1
66,66,0,1,0,1,0,2
1069542,21337,1048205,1028,16,310,718,0
402,132,270,6,1209,3,3,0
66,66,0,1,0,1,0,1
62,62,0,1,0,1,0,1
66,66,0,1,0,1,0,2
66,66,0,1,0,1,0,1
66,66,0,1,0,1,0,2
62,62,0,1,0,1,0,1
210,78,132,2,30,1,1,0
66,66,0,1,0,1,0,1
5726,1474,4252,22,81,13,9,0
373,107,266,4,45,2,2,0
62,62,0,1,0,1,0,1
138,78,60,2,4,1,1,0
720,94,626,2,30,1,1,0
227,102,125,2,30,1,1,0
285,103,182,4,43,2,2,0
454222,9730,444492,425,155,119,306,0
751,95,656,2,30,1,1,0
66,66,0,1,0,1,0,2
199,94,105,2,30,1,1,0
183,94,89,2,30,1,1,0
156,156,0,1,0,1,0,1
256,94,162,2,30,1,1,0
288,94,194,2,30,1,1,0
70,70,0,1,0,1,0,2
62,62,0,1,0,1,0,1
2052,1187,865,21,76,11,10,0
124,64,60,2,15,1,1,0
216,110,106,2,29,1,1,0
70,70,0,2,8,2,0,0
66,66,0,1,5,1,0,0
764,99,665,2,31,1,1,0
60,60,0,1,0,1,0,1
478,107,371,4,39,2,2,0
70,70,0,1,0,1,0,2
70,70,0,1,0,1,0,2
204,118,86,2,30,1,1,0
74,74,0,1,0,1,0,1
9920,5013,4907,41,15,25,16,0
194,102,92,2,29,1,1,0
70,70,0,1,0,1,0,2
762,101,661,2,30,1,1,0
202,103,99,2,31,1,1,0
182,94,88,2,30,1,1,0
62,62,0,1,0,1,0,1
62,62,0,1,0,1,0,1
66,66,0,1,0,1,0,2
167,86,81,2,30,1,1,0
583,105,478,4,42,2,2,0
66,66,0,1,0,1,0,2
499,425,74,4,1,3,1,0
170,87,83,2,31,1,1,0
3701,1521,2180,19,7,10,9,0
66,66,0,1,0,1,0,1
70,70,0,1,0,1,0,2
62,62,0,1,0,1,0,1
9107,2174,6933,29,187,14,15,0
70,70,0,2,8,2,0,0
70,70,0,2,8,2,0,0
10068,3304,6764,28,36,17,11,0
5624,2556,3068,29,80,15,14,0
49843,3506,46337,77,16,39,38,0
199,102,97,2,29,1,1,0
30007,2755,27252,41,136,16,25,0
60,60,0,1,0,1,0,1
546,280,266,9,28,5,4,0
88,88,0,1,30,1,0,0
313,110,203,4,33,2,2,0
146,146,0,1,0,1,0,1
7124,2457,4667,23,120,10,13,0
5260,2704,2556,13,121,7,6,0
292,94,198,2,30,1,1,0
881,126,755,2,29,1,1,0
353,110,243,4,46,2,2,0
6020,2493,3527,29,80,14,15,0
711,87,624,2,30,1,1,0
196,94,102,2,30,1,1,0
763,101,662,2,30,1,1,0
184,94,90,2,31,1,1,0
70,70,0,1,0,1,0,2
313,110,203,4,35,2,2,0
62,62,0,1,0,1,0,1
760,97,663,2,31,1,1,0
70,70,0,2,8,2,0,0
7113,3977,3136,23,136,12,11,0
10012,3016,6996,40,133,19,21,0
196,102,94,2,30,1,1,0
9105,1930,7175,18,16,9,9,0
62,62,0,1,0,1,0,1
66,66,0,1,0,1,0,1
66,66,0,1,0,1,0,1
146,146,0,1,0,1,0,1
315,84,231,4,40,2,2,0
14131,5620,8511,38,216,20,18,0
304,86,218,2,30,1,1,0
3327,1438,1889,15,17,8,7,0
62,62,0,1,0,1,0,1
177,86,91,2,30,1,1,0
767,102,665,2,30,1,1,0
136,136,0,3,14,3,0,0
458,188,270,6,31,3,3,0
6291,1499,4792,22,17,11,11,0
78,78,0,2,6,2,0,0
66,66,0,1,0,1,0,2
66,66,0,1,0,1,0,2
4231,2106,2125,15,15,8,7,0
276,126,150,2,30,1,1,0
2901,1407,1494,15,38,9,6,0
60,60,0,1,0,1,0,1
70,70,0,1,0,1,0,2
343,134,209,2,30,1,1,0
70,70,0,1,0,1,0,2
164,78,86,2,30,1,1,0
6314,4856,1458,18,120,11,7,0
177,94,83,2,30,1,1,0
62,62,0,1,0,1,0,1
70,70,0,1,0,1,0,2
172,94,78,2,30,1,1,0
66,66,0,1,0,1,0,1
900,110,790,2,30,1,1,0
70,70,0,1,0,1,0,2
4773,2454,2319,14,135,7,7,0
298,102,196,2,29,1,1,0
62,62,0,1,0,1,0,1
130,70,60,2,15,1,1,0
3015,2037,978,15,15,9,6,0
70,70,0,1,0,1,0,2
214,140,74,4,35,3,1,0
564,292,272,9,26,5,4,0
66,66,0,1,0,1,0,1
6262,2015,4247,35,48,17,18,0
70,70,0,2,8,2,0,0
62,62,0,1,0,1,0,1
54451,2603,51848,70,16,30,40,0
66,66,0,1,5,1,0,0
168,86,82,2,29,1,1,0
66,66,0,1,0,1,0,2
70,70,0,1,0,1,0,2
198,101,97,2,31,1,1,0
718,94,624,2,30,1,1,0
1284,780,504,12,360,7,5,0
70,70,0,1,0,1,0,2
211,102,109,2,30,1,1,0
5133,2154,2979,26,81,13,13,0
70,70,0,2,8,2,0,0
629,73,556,2,30,1,1,0
195,102,93,2,30,1,1,0
177,94,83,2,29,1,1,0
66,66,0,1,0,1,0,2
1952,1118,834,21,365,11,10,0
192,98,94,2,31,1,1,0
70,70,0,1,0,1,0,2
66,66,0,1,0,1,0,2
1184,524,660,7,78,4,3,0
498,204,294,6,29,3,3,0
5229,2388,2841,23,367,12,11,0
130,70,60,2,5,1,1,0
227,106,121,2,30,1,1,0
6835,961,5874,17,27,9,8,0
138,78,60,2,5,1,1,0
70,70,0,1,0,1,0,2
70,70,0,1,0,1,0,2
1850,431,1419,5,0,3,2,1
62,62,0,1,0,1,0,1
66,66,0,1,0,1,0,1
6527,1210,5317,15,18,8,7,0
70,70,0,1,0,1,0,2
60,60,0,1,0,1,0,1
66,66,0,1,0,1,0,1
234,234,0,4,12,4,0,0
66,66,0,1,0,1,0,1
184,102,82,2,30,1,1,0
167,86,81,2,29,1,1,0
60,60,0,1,0,1,0,1
291594,13131,278463,312,159,116,196,0
70,70,0,1,5,1,0,0
62,62,0,1,0,1,0,1
152,66,86,2,10,1,1,0
178,91,87,2,31,1,1,0
3380,346,3034,12,120,5,7,0
193,102,91,2,30,1,1,0
62,62,0,1,0,1,0,1
146,146,0,1,0,1,0,1
70,70,0,1,0,1,0,2
48702,2799,45903,74,110,38,36,0
891,126,765,2,30,1,1,0
156,156,0,1,0,1,0,1
262,106,156,2,33,1,1,0
711,87,624,2,30,1,1,0
193,102,91,2,29,1,1,0
4565,1658,2907,19,29,11,8,0
66,66,0,1,0,1,0,2
1378,808,570,13,361,7,6,0
37552,16143,21409,54,28,26,28,0
168,78,90,2,30,1,1,0
304,86,218,2,30,1,1,0
70,70,0,1,0,1,0,2
66,66,0,1,91,1,0,0
23344,2097,21247,39,15,18,21,0
298,102,196,4,39,2,2,0
304,86,218,2,31,1,1,0
12463,2350,10113,46,20,19,27,0
1515436,54168,1461268,1689,16,687,1002,0
112,112,0,1,0,1,0,1
70,70,0,1,0,1,0,2
242426,7999,234427,277,70,100,177,0
6393,1025,5368,18,27,9,9,0
7745,2583,5162,27,100,15,12,0
185,102,83,2,29,1,1,0
70,70,0,1,0,1,0,2
244,86,158,2,29,1,1,0
60,60,0,1,0,1,0,1
209,110,99,2,31,1,1,0
62,62,0,1,0,1,0,1
66,66,0,1,0,1,0,2
394,70,324,7,31,2,5,0
6383,2838,3545,17,135,9,8,0
66,66,0,1,0,1,0,2
70,70,0,2,8,2,0,0
9277,3025,6252,32,109,17,15,0
238,94,144,2,30,1,1,0
66,66,0,1,0,1,0,1
66,66,0,1,0,1,0,1
1401,864,537,12,28,6,6,0
318,192,126,6,26,4,2,0
275,94,181,2,30,1,1,0
235,90,145,2,33,1,1,0
66,66,0,1,0,1,0,2
582,138,444,9,25,3,6,0
9269,5449,3820,70,460,33,37,0
5130,2103,3027,28,21,16,12,0
66,66,0,1,0,1,0,1
211,102,109,2,30,1,1,0
1640,1089,551,14,15,8,6,0
70,70,0,1,0,1,0,2
10961,2666,8295,35,237,16,19,0
70,70,0,1,0,1,0,2
200,102,98,2,30,1,1,0
184,94,90,2,30,1,1,0
568,222,346,9,26,4,5,0
3854,1151,2703,20,135,10,10,0
70,70,0,1,0,1,0,2
8188,2769,5419,22,611,12,10,0
62,62,0,1,0,1,0,1
8420,2986,5434,23,138,13,10,0
66,66,0,1,0,1,0,2
228,110,118,2,30,1,1,0
70,70,0,1,0,1,0,2
70,70,0,2,8,2,0,0
196,102,94,2,35,1,1,0
70,70,0,2,8,2,0,0
193,102,91,2,30,1,1,0
259911,11421,248490,336,92,144,192,0
139,139,0,1,0,1,0,1
754,94,660,2,31,1,1,0
190,70,120,4,14,2,2,0
66,66,0,1,0,1,0,1
160,66,94,2,9,1,1,0
66,66,0,1,0,1,0,2
66,66,0,1,0,1,0,1
66,66,0,1,0,1,0,1
177,94,83,2,30,1,1,0
66,66,0,1,0,1,0,1
224,94,130,2,30,1,1,0
895,126,769,2,31,1,1,0
66,66,0,1,0,1,0,2
194,102,92,2,30,1,1,0
70,70,0,1,5,1,0,0
66,66,0,1,0,1,0,1
100182,8294,91888,137,127,69,68,0
66,66,0,1,0,1,0,1
70,70,0,1,0,1,0,2
70,70,0,1,0,1,0,2
881,126,755,2,31,1,1,0
229,110,119,2,30,1,1,0
70,70,0,1,0,1,0,2
146,146,0,1,0,1,0,1
343737,9198,334539,348,80,121,227,0
725,325,400,12,31,6,6,0
70,70,0,1,0,1,0,2
70,70,0,1,0,1,0,2
6443,1973,4470,19,16,11,8,0
66,66,0,1,0,1,0,2
62149740,2002795,60146945,62894,211,19380,43514,0
14194,4643,9551,34,30,19,15,0
62,62,0,1,0,1,0,1
4475,1568,2907,19,28,11,8,0
70,70,0,1,0,1,0,2
184,94,90,2,30,1,1,0
235,90,145,2,32,1,1,0
60,60,0,1,0,1,0,1
8453,2011,6442,17,21,8,9,0
146,146,0,1,0,1,0,1
4000,1726,2274,13,135,6,7,0
130,70,60,2,15,1,1,0
70,70,0,1,0,1,0,2
1916,1467,449,10,20,6,4,0
66,66,0,1,0,1,0,2
197,102,95,2,30,1,1,0
62,62,0,1,0,1,0,1
66,66,0,1,0,1,0,1
1428,103,1325,4,32,2,2,0
4271,1075,3196,16,25,8,8,0
199,102,97,2,30,1,1,0
146,146,0,1,0,1,0,1
212,150,62,2,30,1,1,0
174,89,85,2,31,1,1,0
252,70,182,3,120,1,2,0
3150,1709,1441,26,276,13,13,0
6179,1242,4937,22,42,11,11,0
66,66,0,1,0,1,0,2
881,126,755,2,30,1,1,0
66,66,0,1,0,1,0,2
66,66,0,1,0,1,0,1
311,94,217,2,30,1,1,0
6319,877,5442,23,396,8,15,0
62,62,0,1,0,1,0,1
207,86,121,2,30,1,1,0
70,70,0,1,5,1,0,0
66,66,0,1,0,1,0,1
66,66,0,1,0,1,0,1
124,60,64,2,5,1,1,0
193,102,91,2,29,1,1,0
62,62,0,1,0,1,0,1
66,66,0,1,0,1,0,2
70,70,0,1,0,1,0,2
60,60,0,1,0,1,0,1
168,86,82,2,29,1,1,0
5168,700,4468,16,15,7,9,0
66,66,0,1,0,1,0,2
82,82,0,1,0,1,0,1
66,66,0,1,0,1,0,1
74,74,0,1,0,1,0,1
78,78,0,1,0,1,0,1
130,70,60,2,5,1,1,0
70,70,0,1,0,1,0,2
2000,1020,980,20,0,10,10,0
214,102,112,2,30,1,1,0
6478,2684,3794,18,122,8,10,0
66,66,0,1,0,1,0,2
257,94,163,2,30,1,1,0
194,102,92,2,31,1,1,0
66,66,0,1,0,1,0,1
783,96,687,2,30,1,1,0
2227,1018,1209,17,15,8,9,0
9557,4773,4784,84,199,48,36,0
197,90,107,2,30,1,1,0
504,318,186,8,15,5,3,0
145,145,0,1,0,1,0,1
66,66,0,1,0,1,0,1
8389,1077,7312,24,140,12,12,0
62,62,0,1,0,1,0,1
66,66,0,1,0,1,0,1
124,60,64,3,5,2,1,0
4732,3142,1590,20,18,9,11,0
60,60,0,1,0,1,0,1
168,78,90,2,31,1,1,0
166,86,80,2,30,1,1,0
70,70,0,2,8,2,0,0
66,66,0,1,0,1,0,2
70,70,0,1,0,1,0,2
62,62,0,1,0,1,0,1
66,66,0,1,0,1,0,2
255,88,167,4,53,2,2,0
184,94,90,2,30,1,1,0
2378,1382,996,20,21,11,9,0
70,70,0,1,0,1,0,2
74,74,0,1,0,1,0,1
66,66,0,1,0,1,0,1
70,70,0,1,4,1,0,0
5948,1553,4395,16,15,10,6,0
453,186,267,6,30,3,3,0
70,70,0,1,0,1,0,2
177,94,83,2,30,1,1,0
8908,1849,7059,31,105,17,14,0
62,62,0,1,0,1,0,1
66,66,0,1,0,1,0,2
62,62,0,1,0,1,0,1
1892,1014,878,10,21,6,4,0
165,86,79,2,29,1,1,0
170,87,83,2,31,1,1,0
62,62,0,1,0,1,0,1
66,66,0,1,0,1,0,1
70,70,0,1,0,1,0,2
70,70,0,1,0,1,0,2
166,86,80,2,29,1,1,0
289,99,190,4,35,2,2,0
70,70,0,1,0,1,0,2
168,78,90,2,30,1,1,0
62,62,0,1,0,1,0,1
62,62,0,1,0,1,0,1
66,66,0,1,0,1,0,2
3369,1036,2333,11,121,5,6,0
760,97,663,2,31,1,1,0
62,62,0,1,0,1,0,1
156,94,62,2,30,1,1,0
66,66,0,1,5,1,0,0
70,70,0,1,0,1,0,2
1626,126,1500,4,30,2,2,0
66,66,0,1,0,1,0,1
330,330,0,6,3609,6,0,0
70,70,0,1,0,1,0,2
70,70,0,1,0,1,0,2
404,259,145,3,32,2,1,0
264,94,170,2,30,1,1,0
304,86,218,2,30,1,1,0
502,150,352,2,1200,1,1,0
66,66,0,1,0,1,0,1
1514,1514,0,1,0,1,0,1
3560,1256,2304,22,86,10,12,0
212,102,110,2,30,1,1,0
82,82,0,1,0,1,0,1
1660,677,983,20,1595,10,10,0
184,94,90,2,29,1,1,0
422,164,258,6,30,3,3,0
70,70,0,1,0,1,0,2
62,62,0,1,0,1,0,1
66,66,0,1,0,1,0,2
70,70,0,1,0,1,0,2
526,304,222,8,30,5,3,0
199,102,97,2,30,1,1,0
70,70,0,1,0,1,0,2
70,70,0,1,0,1,0,2
5057,2448,2609,27,544,12,15,0
70,70,0,1,0,1,0,2
60,60,0,1,0,1,0,1
145,145,0,1,0,1,0,1
66,66,0,1,0,1,0,2
479,88,391,4,58,2,2,0
62,62,0,1,0,1,0,1
193,102,91,2,29,1,1,0
70,70,0,1,0,1,0,2
145,145,0,1,0,1,0,1
184,94,90,2,31,1,1,0
731402,17622,713780,600,97,116,484,0
3749,2453,1296,15,41,9,6,0
70,70,0,1,0,1,0,2
184,94,90,2,30,1,1,0
259,87,172,4,37,2,2,0
66,66,0,1,0,1,0,2
168,86,82,2,30,1,1,0
366,240,126,7,28,5,2,0
177,94,83,2,29,1,1,0
192,98,94,2,31,1,1,0
78,78,0,1,30,1,0,0
499,425,74,4,0,3,1,0
1373295,46189,1327106,1448,31,527,921,0
1290,1290,0,1,0,1,0,1
15302,2355,12947,30,32,14,16,0
62,62,0,1,0,1,0,1
1853,1214,639,18,77,11,7,0
7993,677,7316,16,15,8,8,0
66,66,0,1,0,1,0,1
66,66,0,1,0,1,0,1
198,94,104,2,31,1,1,0
70,70,0,1,0,1,0,2
70,70,0,1,0,1,0,2
70,70,0,1,0,1,0,2
66,66,0,1,0,1,0,1
481,150,331,2,1200,1,1,0
70,70,0,1,0,1,0,2
66,66,0,1,0,1,0,1
1062197,37438,1024759,1129,31,416,713,0
198,102,96,2,30,1,1,0
209,110,99,2,30,1,1,0
9312,4088,5224,23,76,13,10,0
60,60,0,1,0,1,0,1
343,92,251,4,50,2,2,0
60,60,0,1,0,1,0,1
60,60,0,1,0,1,0,1
6466,2862,3604,21,163,11,10,0
168,78,90,2,30,1,1,0
2960,432,2528,11,15,6,5,0
66,66,0,1,0,1,0,1
70,70,0,1,0,1,0,2
316,136,180,6,6,3,3,0
62,62,0,1,0,1,0,1
312,192,120,6,25,4,2,0
70,70,0,1,0,1,0,2
168,78,90,2,30,1,1,0
9634,2232,7402,24,123,12,12,0
66,66,0,1,0,1,0,1
755,93,662,2,30,1,1,0
757,102,655,2,29,1,1,0
195,102,93,2,29,1,1,0
146,146,0,1,0,1,0,3
72,72,0,1,0,1,0,1
12389,5180,7209,31,149,17,14,0
167,107,60,2,5,1,1,0
70,70,0,1,0,1,0,2
315,87,228,4,40,2,2,0
2802,1626,1176,18,72,9,9,0
6158,1149,5009,17,52,9,8,0
211,102,109,2,30,1,1,0
4555,1648,2907,20,29,12,8,0
60,60,0,1,0,1,0,1
62,62,0,1,0,1,0,1
66,66,0,1,0,1,0,1
3072,2174,898,14,317,8,6,0
70,70,0,1,0,1,0,2
60,60,0,1,0,1,0,1
257,114,143,2,30,1,1,0
1646,126,1520,4,31,2,2,0
242,71,171,2,30,1,1,0
66,66,0,1,0,1,0,1
889,404,485,10,31,5,5,0
70,70,0,1,0,1,0,2
8248,2460,5788,45,17,26,19,0
70,70,0,1,4,1,0,0
66,66,0,1,0,1,0,2
1577,594,983,20,1601,10,10,0
60,60,0,1,0,1,0,1
10168,968,9200,19,15,9,10,0
211,78,133,2,30,1,1,0
170,87,83,2,30,1,1,0
199,102,97,2,31,1,1,0
146,146,0,1,0,1,0,1
365,102,263,2,30,1,1,0
209596,37190,172406,378,79,184,194,0
448,246,202,4,1199,2,2,0
66,66,0,1,0,1,0,1
816,102,714,2,30,1,1,0
350,350,0,1,120,1,0,0
62,62,0,1,0,1,0,1
168,86,82,2,31,1,1,0
168,86,82,2,31,1,1,0
1767,751,1016,10,15,6,4,0
62,62,0,1,0,1,0,1
267,78,189,2,30,1,1,0
2424,529,1895,11,125,6,5,0
66,66,0,1,0,1,0,1
95223,30803,64420,107,23,50,57,0
62,62,0,1,0,1,0,1
387,134,253,2,30,1,1,0
183,94,89,2,29,1,1,0
3524,2698,826,14,16,8,6,0
199,102,97,2,30,1,1,0
2071929,56793,2015136,2088,179,685,1403,0
1820,1101,719,18,72,10,8,0
9919,4495,5424,53,118,30,23,0
177,94,83,2,30,1,1,0
3067,1817,1250,18,15,8,10,0
315,315,0,1,0,1,0,1
66,66,0,1,0,1,0,2
216,110,106,2,31,1,1,0
66,66,0,1,0,1,0,1
177,94,83,2,30,1,1,0
355,102,253,2,30,1,1,0
66,66,0,1,0,1,0,2
70,70,0,1,0,1,0,2
66,66,0,1,0,1,0,2
62,62,0,1,0,1,0,1
235,90,145,2,32,1,1,0
130,70,60,2,15,1,1,0
234110,36300,197810,309,66,160,149,0
70,70,0,1,0,1,0,2
60,60,0,1,0,1,0,1
32368,2187,30181,45,337,23,22,0
66,66,0,1,0,1,0,2
184,94,90,2,30,1,1,0
25918,2247,23671,53,124,26,27,0
304,86,218,2,29,1,1,0
258,102,156,2,30,1,1,0
1052,612,440,10,15,5,5,0
60,60,0,1,0,1,0,1
1327,918,409,10,26,6,4,0
66,66,0,1,0,1,0,1
70,70,0,1,0,1,0,2
145,145,0,1,0,1,0,1
356,118,238,2,30,1,1,0
5359,3152,2207,51,2901,28,23,0
170,87,83,2,30,1,1,0
735,462,273,2,31,1,1,0
7797,1807,5990,15,135,7,8,0
5877,1792,4085,21,81,12,9,0
7894,1671,6223,21,185,11,10,0
66,66,0,1,0,1,0,2
161,161,0,2,1200,2,0,0
481,150,331,2,1200,1,1,0
214,102,112,2,29,1,1,0
70,70,0,1,0,1,0,2
66,66,0,1,0,1,0,1
70,70,0,1,0,1,0,2
4674,767,3907,17,15,9,8,0
3409,1454,1955,16,16,8,8,0
168,78,90,2,30,1,1,0
194,99,95,2,30,1,1,0
3221,2218,1003,16,15,8,8,0
62,62,0,1,0,1,0,1
70,70,0,2,8,2,0,0
9585,2138,7447,26,82,13,13,0
1621,896,725,11,19,7,4,0
70,70,0,1,0,1,0,2
177,94,83,2,30,1,1,0
167,86,81,2,30,1,1,0
711,87,624,2,31,1,1,0
66,66,0,1,0,1,0,2
177,94,83,2,31,1,1,0
181,94,87,2,30,1,1,0
148,148,0,1,0,1,0,1
3986,2645,1341,18,18,10,8,0
168,78,90,2,30,1,1,0
11543,5375,6168,45,47,24,21,0
791,266,525,8,1200,4,4,0
70,70,0,1,0,1,0,2
362,240,122,7,17,5,2,0
66,66,0,1,0,1,0,1
70,70,0,1,0,1,0,2
211,102,109,2,29,1,1,0
66,66,0,1,0,1,0,1
66,66,0,1,0,1,0,1
156,156,0,3,7,3,0,0
216,90,126,2,30,1,1,0
179,94,85,2,30,1,1,0
70,70,0,1,0,1,0,2
70,70,0,1,0,1,0,2
7953,5153,2800,33,142,19,14,0
70,70,0,1,0,1,0,2
214,140,74,4,41,3,1,0
13657,5248,8409,33,171,17,16,0
3120,976,2144,13,135,6,7,0
260,78,182,2,30,1,1,0
66,66,0,1,0,1,0,2
10079,2855,7224,23,126,12,11,0
2005,1100,905,16,17,9,7,0
17008,1379,15629,22,25,7,15,0
8191,2343,5848,33,394,11,22,0
1511,849,662,16,94,9,7,0
211,102,109,2,30,1,1,0
195,102,93,2,29,1,1,0
39990,1989,38001,50,147,17,33,0
148,148,0,1,0,1,0,1
11836,3531,8305,37,121,19,18,0
172,88,84,2,30,1,1,0
70,70,0,1,5,1,0,0
132,132,0,3,1200,3,0,0
211,102,109,2,30,1,1,0
900,126,774,2,31,1,1,0
70379,4205,66174,101,403,51,50,0
230615,48569,182046,379,176,157,222,0
70,70,0,1,0,1,0,2
66,66,0,1,0,1,0,2
498,150,348,4,2396,2,2,0
66,66,0,1,0,1,0,2
66,66,0,1,0,1,0,2
701,88,613,2,31,1,1,0
711,87,624,2,30,1,1,0
66,66,0,1,0,1,0,1
2494,1643,851,17,26,9,8,0
733,94,639,2,30,1,1,0
70,70,0,1,0,1,0,2
193,102,91,2,30,1,1,0
167,86,81,2,30,1,1,0
164,70,94,2,5,1,1,0
70,70,0,1,0,1,0,2
70,70,0,1,0,1,0,2
17128,1499,15629,24,25,9,15,0
66,66,0,1,0,1,0,2
1270998,514773,756225,3073,2384,1413,1660,0
70,70,0,1,0,1,0,2
82,82,0,1,30,1,0,0
66,66,0,1,0,1,0,2
70,70,0,1,0,1,0,2
5960,1651,4309,21,85,12,9,0
199,94,105,2,30,1,1,0
210,110,100,2,30,1,1,0
100,100,0,1,0,1,0,1
10424,3393,7031,31,274,16,15,0
268,102,166,2,29,1,1,0
70,70,0,1,0,1,0,2
782,110,672,2,30,1,1,0
233,98,135,2,30,1,1,0
240,86,154,2,30,1,1,0
54794,16744,38050,82,71,42,40,0
62,62,0,1,0,1,0,1
60,60,0,1,0,1,0,1
70,70,0,1,0,1,0,2
74,74,0,1,0,1,0,1
62,62,0,1,0,1,0,1
199,94,105,2,30,1,1,0
166,85,81,2,31,1,1,0
66,66,0,1,0,1,0,1
70,70,0,1,0,1,0,2
66,66,0,1,0,1,0,2
233,110,123,2,30,1,1,0
66,66,0,1,0,1,0,1
8844,949,7895,19,75,9,10,0
195,102,93,2,29,1,1,0
5874,744,5130,14,131,7,7,0
66,66,0,1,0,1,0,2
70,70,0,1,0,1,0,2
42664,1998,40666,53,27,20,33,0
235,94,141,2,30,1,1,0
66,66,0,1,0,1,0,1
130,70,60,2,15,1,1,0
578,286,292,9,15,5,4,0
130,70,60,2,15,1,1,0
214,110,104,2,30,1,1,0
70,70,0,1,0,1,0,2
184,94,90,2,31,1,1,0
214,110,104,2,30,1,1,0
716,95,621,2,31,1,1,0
168,86,82,2,30,1,1,0
177,94,83,2,30,1,1,0
194,102,92,2,31,1,1,0
8865,1819,7046,24,30,14,10,0
70,70,0,1,0,1,0,2
66,66,0,1,0,1,0,1
66,66,0,1,0,1,0,1
156,156,0,3,8,3,0,0
70,70,0,1,0,1,0,2
103346,1476,101870,87,17,16,71,0
70,70,0,1,0,1,0,2
62,62,0,1,0,1,0,1
7440,3165,4275,31,358,17,14,0
12134,6888,5246,27,37,15,12,0
193,102,91,2,30,1,1,0
168,86,82,2,31,1,1,0
62,62,0,1,0,1,0,1
178,94,84,2,31,1,1,0
62,62,0,1,0,1,0,1
224,86,138,2,29,1,1,0
223,78,145,2,30,1,1,0
60,60,0,1,0,1,0,1
494,342,152,4,5,2,2,0
594,594,0,10,1199,10,0,0
70,70,0,1,0,1,0,2
66,66,0,1,0,1,0,2
78,78,0,1,0,1,0,1
45852,4123,41729,61,17,25,36,0
199,102,97,2,30,1,1,0
210,110,100,2,30,1,1,0
184,94,90,2,31,1,1,0
177,94,83,2,29,1,1,0
197,90,107,2,30,1,1,0
12094,4159,7935,21,135,10,11,0
223,78,145,2,30,1,1,0
378,192,186,7,20,4,3,0
66,66,0,1,0,1,0,2
239,94,145,2,30,1,1,0
62,62,0,1,0,1,0,1
195,102,93,2,31,1,1,0
60,60,0,1,0,1,0,1
176,90,86,2,31,1,1,0
74,74,0,1,0,1,0,1
70,70,0,1,0,1,0,2
301,108,193,4,49,2,2,0
66,66,0,1,0,1,0,1
78,78,0,1,5,1,0,0
21064,2772,18292,38,175,18,20,0
146,146,0,1,0,1,0,1
78,78,0,1,0,1,0,1
819,102,717,2,31,1,1,0
1547,960,587,14,22,8,6,0
66,66,0,1,0,1,0,2
230,102,128,2,29,1,1,0
62,62,0,1,0,1,0,1
199,102,97,2,30,1,1,0
70,70,0,1,0,1,0,2
1188,1188,0,19,2298,19,0,0
168,82,86,2,30,1,1,0
3411,887,2524,12,120,6,6,0
490,149,341,2,1200,1,1,0
1298,624,674,12,16,5,7,0
29500,27698,1802,51,17,29,22,0
6922,1618,5304,23,35,12,11,0
70,70,0,2,8,2,0,0
54944,4374,50570,88,361,44,44,0
66,66,0,1,0,1,0,2
70,70,0,1,0,1,0,2
70,70,0,1,0,1,0,2
62,62,0,1,0,1,0,1
62,62,0,1,0,1,0,1
199,102,97,2,30,1,1,0
245,118,127,2,29,1,1,0
177,94,83,2,30,1,1,0
318,192,126,6,25,4,2,0
199,102,97,2,31,1,1,0
66,66,0,1,0,1,0,2
178,94,84,2,31,1,1,0
168,86,82,2,31,1,1,0
62,62,0,1,0,1,0,1
70,70,0,1,0,1,0,2
84111,3300,80811,104,54,41,63,0
186,95,91,2,31,1,1,0
70,70,0,1,0,1,0,2
3908576,93181,3815395,3743,56,1160,2583,0
828875,45659,783216,1020,210,456,564,0
62,62,0,1,0,1,0,1
66,66,0,1,0,1,0,1
167,78,89,2,30,1,1,0
501,94,407,4,52,2,2,0
195,102,93,2,30,1,1,0
66,66,0,1,0,1,0,2
74,74,0,1,0,1,0,1
5601,1203,4398,14,59,9,5,0
492,306,186,8,17,5,3,0
62,62,0,1,0,1,0,1
762,101,661,2,31,1,1,0
258,110,148,2,30,1,1,0
6304,1793,4511,29,255,15,14,0
1917,1468,449,10,20,6,4,0
66,66,0,2,7,2,0,0
102629,3555,99074,114,58,40,74,0
145,145,0,1,0,1,0,1
756,94,662,2,29,1,1,0
452,248,204,4,1199,2,2,0
20979,15982,4997,38,36,22,16,0
66,66,0,1,0,1,0,1
66,66,0,1,0,1,0,1
214,110,104,2,30,1,1,0
1114,534,580,12,16,7,5,0
226,110,116,2,30,1,1,0
70,70,0,1,0,1,0,2
173,94,79,2,30,1,1,0
70,70,0,1,0,1,0,2
185,102,83,2,30,1,1,0
480,150,330,2,1200,1,1,0
66,66,0,1,0,1,0,2
70,70,0,1,0,1,0,2
825,99,726,2,31,1,1,0
928,126,802,2,31,1,1,0
23244,13793,9451,50,29,26,24,0
168,78,90,2,30,1,1,0
181,94,87,2,33,1,1,0
70,70,0,1,0,1,0,2
6053,4104,1949,31,84,17,14,0
70,70,0,1,0,1,0,2
130,66,64,2,4,1,1,0
62,62,0,1,0,1,0,1
70,70,0,1,5,1,0,0
66,66,0,1,0,1,0,1
414,268,146,3,33,2,1,0
276,118,158,2,29,1,1,0
815748,15896,799852,777,90,244,533,0
145,145,0,1,0,1,0,1
62,62,0,1,0,1,0,1
70,70,0,1,0,1,0,2
212,108,104,2,31,1,1,0
70,70,0,1,0,1,0,2
866,221,645,6,56,3,3,0
60,60,0,1,0,1,0,1
13812,3042,10770,29,16,15,14,0
70,70,0,1,0,1,0,2
70,70,0,1,5,1,0,0
70,70,0,1,4,1,0,0
66,66,0,1,0,1,0,2
225,110,115,2,30,1,1,0
159,159,0,1,0,1,0,1
3614,434,3180,11,1,6,5,0
3837,488,3349,15,15,7,8,0
1030,310,720,11,56,6,5,0
70,70,0,1,0,1,0,2
193,102,91,2,29,1,1,0
502,150,352,2,1200,1,1,0
66,66,0,1,0,1,0,1
195,102,93,2,29,1,1,0
66,66,0,1,0,1,0,1
62,62,0,1,0,1,0,1
220,100,120,2,30,1,1,0
178,94,84,2,30,1,1,0
62,62,0,1,0,1,0,1
312,132,180,6,6,3,3,0
258,102,156,2,30,1,1,0
268,110,158,2,30,1,1,0
62,62,0,1,0,1,0,1
3771,3257,514,12,14,7,5,0
70,70,0,1,0,1,0,2
198,101,97,2,31,1,1,0
216,110,106,2,31,1,1,0
66,66,0,1,0,1,0,2
62,62,0,1,0,1,0,1
70,70,0,1,0,1,0,2
1743,1164,579,16,25,10,6,0
145,145,0,1,0,1,0,1
13320,3575,9745,38,26,19,19,0
130,70,60,3,4,2,1,0
160,86,74,2,6,1,1,0
3143,2172,971,19,25,9,10,0
2080,1376,704,17,30,9,8,0
823,98,725,2,30,1,1,0
70,70,0,1,0,1,0,2
6177,1038,5139,22,58,11,11,0
186,95,91,2,31,1,1,0
177,94,83,2,30,1,1,0
3333,2072,1261,21,148,12,9,0
184,94,90,2,30,1,1,0
63766,32148,31618,103,42,51,52,0
66,66,0,1,0,1,0,2
166,85,81,2,30,1,1,0
62,62,0,1,0,1,0,1
8111,5060,3051,31,396,11,20,0
8542,4191,4351,84,616,46,38,0
280,140,140,5,129,3,2,0
70,70,0,1,0,1,0,2
66,66,0,1,0,1,0,1
70,70,0,2,8,2,0,0
6376,1576,4800,24,19,13,11,0
70,70,0,1,0,1,0,2
66,66,0,1,0,1,0,2
2714,2154,560,12,26,7,5,0
66,66,0,1,0,1,0,2
70,70,0,1,0,1,0,2
66,66,0,1,0,1,0,1
66,66,0,1,0,1,0,2
516080,28328,487752,660,95,305,355,0
70,70,0,1,0,1,0,2
8637,2889,5748,40,41,23,17,0
66,66,0,1,0,1,0,2
146,146,0,1,0,1,0,1
62,62,0,1,0,1,0,1
62,62,0,1,0,1,0,1
2589,1443,1146,18,15,8,10,0
62,62,0,1,0,1,0,1
62,62,0,1,0,1,0,1
66,66,0,1,0,1,0,2
2257,1225,1032,15,18,8,7,0
70,70,0,1,0,1,0,2
316,136,180,6,5,3,3,0
235,90,145,2,31,1,1,0
374,240,134,7,15,5,2,0
60,60,0,1,0,1,0,1
62,62,0,1,0,1,0,1
196,102,94,2,30,1,1,0
14558,2653,11905,33,27,18,15,0
148,86,62,2,30,1,1,0
783,197,586,6,70,3,3,0
4502,895,3607,15,25,9,6,0
66,66,0,1,0,1,0,1
195,102,93,2,30,1,1,0
62,62,0,1,0,1,0,1
62,62,0,1,0,1,0,1
62,62,0,1,0,1,0,1
366,180,186,7,29,4,3,0
145,145,0,1,0,1,0,1
62,62,0,1,0,1,0,1
66,66,0,1,0,1,0,1
70,70,0,1,0,1,0,2
70,70,0,1,0,1,0,2
70,70,0,1,0,1,0,2
70,70,0,1,0,1,0,2
70,70,0,2,8,2,0,0
62,62,0,1,0,1,0,1
98424,28850,69574,508,2054,274,234,0
3532,1792,1740,58,88,29,29,0
62,62,0,1,0,1,0,1
62,62,0,1,0,1,0,1
70,70,0,1,0,1,0,2
62,62,0,1,0,1,0,1
5693,499,5194,14,15,7,7,0
66,66,0,1,0,1,0,2
70,70,0,1,0,1,0,2
186718,24971,161747,253,84,127,126,0
70,70,0,1,0,1,0,2
66,66,0,1,0,1,0,1
177,94,83,2,30,1,1,0
66,66,0,1,0,1,0,1
320,94,226,2,29,1,1,0
145,145,0,1,0,1,0,1
62,62,0,1,0,1,0,1
368,80,288,4,30,2,2,0
70,70,0,1,0,1,0,2
4864,2496,2368,33,121,17,16,0
444890,27602,417288,580,176,265,315,0
1479,822,657,11,25,7,4,0
114674,4457,110217,127,48,46,81,0
70,70,0,1,0,1,0,2
209,110,99,2,30,1,1,0
62,62,0,1,0,1,0,1
164,70,94,2,5,1,1,0
62,62,0,1,0,1,0,1
70,70,0,1,0,1,0,2
70,70,0,1,4,1,0,0
701,88,613,2,30,1,1,0
70,70,0,1,4,1,0,0
66,66,0,1,0,1,0,1
62,62,0,1,0,1,0,1
378,192,186,7,42,4,3,0
74,74,0,1,0,1,0,1
200,102,98,2,30,1,1,0
330,330,0,6,1200,6,0,0
60,60,0,1,0,1,0,1
199,94,105,2,30,1,1,0
539,91,448,4,43,2,2,0
70,70,0,1,0,1,0,2
70,70,0,1,0,1,0,2
177,94,83,2,30,1,1,0
760,96,664,2,31,1,1,0
70,70,0,1,4,1,0,0
70,70,0,1,0,1,0,2
62,62,0,1,0,1,0,1
66,66,0,1,0,1,0,1
13599,5335,8264,35,171,18,17,0
70,70,0,1,0,1,0,2
66,66,0,1,0,1,0,2
62,62,0,1,0,1,0,1
62,62,0,1,0,1,0,1
211,102,109,2,30,1,1,0
164,78,86,2,30,1,1,0
66,66,0,1,0,1,0,2
62,62,0,1,0,1,0,1
66,66,0,1,0,1,0,1
766,102,664,2,30,1,1,0
82,82,0,2,40,2,0,0
66,66,0,1,0,1,0,1
66,66,0,1,0,1,0,1
182,94,88,2,30,1,1,0
70,70,0,1,0,1,0,2
25670,13514,12156,46,36,21,25,0
708,384,324,12,195,7,5,0
5584,1168,4416,19,17,11,8,0
70,70,0,1,0,1,0,2
292,126,166,2,29,1,1,0
2946,1812,1134,16,15,8,8,0
168,78,90,2,30,1,1,0
66,66,0,1,0,1,0,2
4490,1234,3256,20,122,9,11,0
188,96,92,2,30,1,1,0
192,98,94,2,30,1,1,0
2760048,78471,2681577,2863,250,962,1901,0
306,94,212,2,30,1,1,0
4455,798,3657,17,136,7,10,0
66,66,0,1,0,1,0,2
7804,1583,6221,26,981,13,13,0
62,62,0,1,0,1,0,1
7123,1331,5792,22,81,11,11,0
1210,637,573,14,34,7,7,0
1849,1130,719,17,36,9,8,0
7720,2815,4905,22,20,10,12,0
157,157,0,1,0,1,0,3
66,66,0,1,0,1,0,2
4994,379,4615,9,15,4,5,0
184,94,90,2,30,1,1,0
66,66,0,1,0,1,0,2
66,66,0,1,0,1,0,1
62,62,0,1,0,1,0,1
62,62,0,1,0,1,0,1
7832,1895,5937,24,83,14,10,0
189,102,87,2,30,1,1,0
70,70,0,1,0,1,0,2
62,62,0,1,0,1,0,1
70,70,0,1,0,1,0,2
889,404,485,10,30,5,5,0
70,70,0,1,0,1,0,2
3223,605,2618,13,15,7,6,0
70,70,0,1,0,1,0,2
193,102,91,2,31,1,1,0
331,88,243,4,32,2,2,0
66,66,0,1,0,1,0,2
88,88,0,1,0,1,0,1
66,66,0,1,0,1,0,1
754,94,660,2,31,1,1,0
5834,1810,4024,24,17,13,11,0
1310,649,661,13,185,7,6,0
199,102,97,2,29,1,1,0
70,70,0,1,0,1,0,2
414,103,311,4,31,2,2,0
194,99,95,2,31,1,1,0
66,66,0,1,0,1,0,2
499,425,74,4,0,3,1,0
70,70,0,1,0,1,0,2
36313,5931,30382,72,108,36,36,0
8058,2038,6020,20,15,11,9,0
330,330,0,6,3609,6,0,0
66,66,0,1,0,1,0,1
195,102,93,2,31,1,1,0
308,94,214,2,30,1,1,0
66,66,0,1,90,1,0,0
318,192,126,6,27,4,2,0
66,66,0,1,0,1,0,1
3169,979,2190,14,135,7,7,0
66,66,0,1,0,1,0,1
26023,3118,22905,38,24,18,20,0
258,110,148,2,30,1,1,0
66,66,0,1,0,1,0,2
8754,2895,5859,26,16,15,11,0
70,70,0,1,0,1,0,2
66,66,0,1,0,1,0,2
66,66,0,1,0,1,0,1
210,110,100,2,30,1,1,0
9504,3379,6125,28,77,15,13,0
96,96,0,1,30,1,0,0
195,102,93,2,29,1,1,0
198,102,96,2,30,1,1,0
70,70,0,1,0,1,0,2
158,158,0,1,1200,1,0,0
66,66,0,1,0,1,0,2
8033,2013,6020,20,15,11,9,0
177,94,83,2,30,1,1,0
228,118,110,2,1200,1,1,0
70,70,0,1,0,1,0,2
168,78,90,2,29,1,1,0
66,66,0,1,0,1,0,1
3283,1030,2253,16,136,8,8,0
62,62,0,1,0,1,0,1
70,70,0,1,0,1,0,2
70,70,0,1,5,1,0,0
70,70,0,1,0,1,0,2
78,78,0,1,0,1,0,1
62,62,0,1,0,1,0,1
17071,1532,15539,17,147,3,14,0
146,146,0,1,0,1,0,1
70,70,0,1,0,1,0,2
1649,980,669,14,28,7,7,0
62,62,0,1,0,1,0,1
70,70,0,1,0,1,0,2
66,66,0,1,0,1,0,1
196,102,94,2,30,1,1,0
62,62,0,1,0,1,0,1
192,98,94,2,31,1,1,0
66,66,0,1,0,1,0,1
70,70,0,1,0,1,0,2
66,66,0,1,0,1,0,2
66,66,0,2,8,2,0,0
330651,13398,317253,404,115,179,225,0
66,66,0,1,0,1,0,1
152,78,74,2,30,1,1,0
137414,6004,131410,170,80,59,111,0
5509,2203,3306,22,3600,10,12,0
62,62,0,1,0,1,0,1
328,152,176,2,1200,1,1,0
66,66,0,1,0,1,0,1
21873,2252,19621,27,21,10,17,0
184,94,90,2,30,1,1,0
854,150,704,4,1200,2,2,0
195,102,93,2,33,1,1,0
167,86,81,2,30,1,1,0
340,134,206,2,30,1,1,0
70,70,0,1,0,1,0,2
70,70,0,1,0,1,0,2
66,66,0,1,0,1,0,1
8071,1789,6282,20,326,10,10,0
62,62,0,1,0,1,0,1
9787,2382,7405,17,120,7,10,0
145,145,0,1,0,1,0,1
7547,2728,4819,26,20,13,13,0
66,66,0,1,0,1,0,2
194,102,92,2,29,1,1,0
274,90,184,4,56,2,2,0
146,146,0,1,0,1,0,1
754,94,660,2,30,1,1,0
62,62,0,1,0,1,0,1
1786,172,1614,7,121,3,4,0
130,70,60,2,15,1,1,0
8634,3251,5383,24,17,14,10,0
3625,1378,2247,14,135,7,7,0
8388,2010,6378,17,23,8,9,0
3120,1862,1258,18,15,11,7,0
508,163,345,2,1200,1,1,0
70,70,0,1,4,1,0,0
70,70,0,1,0,1,0,2
66,66,0,1,0,1,0,1
213,87,126,2,30,1,1,0
70,70,0,1,0,1,0,2
66,66,0,1,0,1,0,2
49417,5511,43906,108,439,54,54,0
286,103,183,4,52,2,2,0
70,70,0,1,0,1,0,2
177,94,83,2,30,1,1,0
2963,1304,1659,28,120,14,14,0
8000,1760,6240,32,43,16,16,0
594,594,0,10,1199,10,0,0
23282,4482,18800,67,17,35,32,0
60,60,0,1,0,1,0,1
148,86,62,2,30,1,1,0
66,66,0,1,0,1,0,2
62,62,0,1,0,1,0,1
179,94,85,2,30,1,1,0
66,66,0,1,0,1,0,1
95212,17857,77355,119,175,53,66,0
310,142,168,2,30,1,1,0
62,62,0,1,0,1,0,1
62,62,0,1,0,1,0,1
70,70,0,1,0,1,0,2
66,66,0,1,0,1,0,2
195,102,93,2,30,1,1,0
3640,606,3034,13,120,6,7,0
6417,1376,5041,19,140,9,10,0
62,62,0,1,0,1,0,1
172,88,84,2,30,1,1,0
192,90,102,2,31,1,1,0
70,70,0,1,0,1,0,2
66,66,0,1,0,1,0,2
62,62,0,1,0,1,0,1
170,87,83,2,30,1,1,0
60,60,0,1,0,1,0,1
5584,1390,4194,19,15,9,10,0
78,78,0,1,0,1,0,1
70,70,0,1,0,1,0,2
70,70,0,1,0,1,0,2
257,102,155,2,30,1,1,0
70,70,0,1,0,1,0,2
66,66,0,1,0,1,0,1
9982,2062,7920,37,120,19,18,0
66,66,0,1,0,1,0,2
2387,930,1457,14,16,7,7,0
130,70,60,2,15,1,1,0
842887,22143,820744,866,19,314,552,0
146,146,0,1,0,1,0,1
7075,2575,4500,21,30,12,9,0
184,94,90,2,30,1,1,0
164,78,86,2,29,1,1,0
210,140,70,4,14,3,1,0
62,62,0,1,0,1,0,1
8005,1985,6020,20,15,11,9,0
60,60,0,1,0,1,0,1
146,146,0,1,0,1,0,1
250,87,163,4,60,2,2,0
491,150,341,2,1200,1,1,0
70,70,0,1,0,1,0,2
66,66,0,1,0,1,0,1
3910,1805,2105,20,18,12,8,0
234,234,0,4,12,4,0,0
66,66,0,1,0,1,0,1
66,66,0,1,0,1,0,1
70,70,0,1,0,1,0,2
70,70,0,1,0,1,0,2
140,78,62,2,30,1,1,0
8048,1360,6688,24,23,12,12,0
156,156,0,3,8,3,0,0
168,78,90,2,30,1,1,0
62,62,0,1,0,1,0,1
62,62,0,1,0,1,0,1
504,382,122,8,16,6,2,0
70,70,0,1,0,1,0,2
66,66,0,1,0,1,0,1
70,70,0,1,0,1,0,2
60,60,0,1,0,1,0,1
70,70,0,1,0,1,0,2
70,70,0,1,0,1,0,2
62,62,0,1,0,1,0,1
66,66,0,1,0,1,0,2
60,60,0,1,0,1,0,1
22687,6933,15754,50,50,26,24,0
154,94,60,2,4,1,1,0
60,60,0,1,0,1,0,1
195,102,93,2,30,1,1,0
66,66,0,1,0,1,0,1
146,60,86,2,9,1,1,0
13859,3232,10627,50,256,21,29,0
165,86,79,2,29,1,1,0
66,66,0,1,0,1,0,2
2523249,58976,2464273,2483,33,820,1663,0
757,102,655,2,29,1,1,0
70,70,0,1,0,1,0,2
214,110,104,2,30,1,1,0
60,60,0,1,0,1,0,1
62,62,0,1,0,1,0,1
8080,2049,6031,23,255,12,11,0
66,66,0,1,0,1,0,2
62,62,0,1,0,1,0,1
133,64,69,3,30,2,1,0
70,70,0,1,0,1,0,2
183,94,89,2,30,1,1,0
70,70,0,1,0,1,0,2
298,102,196,2,29,1,1,0
16965052,382638,16582414,16619,61,5458,11161,0
62,62,0,1,0,1,0,1
70,70,0,1,0,1,0,2
3325,1067,2258,13,135,6,7,0
316,136,180,6,7,3,3,0
74,74,0,1,0,1,0,1
194,102,92,2,31,1,1,0
66,66,0,1,0,1,0,1
7477,3305,4172,21,400,12,9,0
70,70,0,1,0,1,0,2
316,136,180,6,5,3,3,0
1049,679,370,8,16,5,3,0
396,396,0,7,3616,7,0,0
195,102,93,2,33,1,1,0
70,70,0,1,0,1,0,2
62,62,0,1,0,1,0,1
4400,1493,2907,19,31,11,8,0
8504,4770,3734,46,196,25,21,0
677029,102078,574951,1152,455,559,593,0
66,66,0,1,0,1,0,1
62,62,0,1,0,1,0,1
338,110,228,2,300,1,1,0
174,89,85,2,31,1,1,0
732,89,643,2,31,1,1,0
4748,2193,2555,14,135,7,7,0
70,70,0,1,0,1,0,2
2494,1643,851,17,25,9,8,0
1422,734,688,7,99,4,3,0
279,94,185,2,30,1,1,0
183,94,89,2,29,1,1,0
66,66,0,1,0,1,0,2
9015,2221,6794,27,421,13,14,0
62,62,0,1,0,1,0,1
62,62,0,1,0,1,0,1
184,120,64,4,10,3,1,0
60,60,0,1,0,1,0,1
172,88,84,2,31,1,1,0
70,70,0,1,0,1,0,2
70,70,0,1,0,1,0,2
1056,682,374,10,15,6,4,0
70,70,0,1,0,1,0,1
28497,1646,26851,31,138,9,22,0
146,146,0,1,0,1,0,1
66,66,0,1,0,1,0,2
66,66,0,1,0,1,0,1
62,62,0,1,0,1,0,1
66,66,0,1,0,1,0,2
70,70,0,1,0,1,0,2
70,70,0,1,0,1,0,2
145,145,0,1,0,1,0,1
70,70,0,1,0,1,0,2
70,70,0,1,0,1,0,2
161,161,0,1,1200,1,0,0
4454,2001,2453,11,120,6,5,0
66,66,0,1,0,1,0,1
66,66,0,1,0,1,0,2
3961,1595,2366,21,16,12,9,0
146,146,0,1,0,1,0,1
70,70,0,1,0,1,0,2
70,70,0,1,0,1,0,2
509,150,359,2,1200,1,1,0
1571,660,911,13,18,7,6,0
66,66,0,1,0,1,0,1
79665,4371,75294,110,256,45,65,0
86,86,0,1,30,1,0,0
146,146,0,1,0,1,0,1
62,62,0,1,0,1,0,1
187,187,0,1,0,1,0,1
7284,1079,6205,29,53,13,16,0
66,66,0,1,0,1,0,1
432,240,192,8,101,5,3,0
70,70,0,1,0,1,0,2
70,70,0,1,0,1,0,2
66,66,0,1,0,1,0,1
4183,3603,580,14,15,8,6,0
9021,1511,7510,21,121,11,10,0
2455,475,1980,9,81,5,4,0
174,89,85,2,30,1,1,0
70,70,0,1,0,1,0,2
62,62,0,1,0,1,0,1
353,118,235,2,30,1,1,0
62,62,0,1,0,1,0,1
540,540,0,10,194,10,0,0
66,66,0,1,0,1,0,1
198,101,97,2,31,1,1,0
178,94,84,2,30,1,1,0
62,62,0,1,0,1,0,1
166,85,81,2,31,1,1,0
300,174,126,5,15,3,2,0
92638,4519,88119,105,15,39,66,0
3593,2749,844,18,22,11,7,0
1515,481,1034,11,15,6,5,0
193,102,91,2,31,1,1,0
70,70,0,1,0,1,0,2
1539,674,865,11,89,6,5,0
66,66,0,1,0,1,0,1
17412,6917,10495,38,63,20,18,0
70,70,0,1,0,1,0,2
2674,1386,1288,17,120,8,9,0
6462,2102,4360,18,180,8,10,0
62,62,0,1,0,1,0,1
66,66,0,1,0,1,0,2
18829,1995,16834,33,17,17,16,0
8654,2150,6504,20,16,11,9,0
66,66,0,1,0,1,0,2
70,70,0,1,0,1,0,2
70,70,0,1,0,1,0,2
70,70,0,1,5,1,0,0
72,72,0,1,0,1,0,1
280,214,66,2,30,1,1,0
17821,7006,10815,95,448,48,47,0
31480,1953,29527,54,196,20,34,0
1053962,45604,1008358,1190,69,456,734,0
316,89,227,4,50,2,2,0
62,62,0,1,0,1,0,1
70,70,0,1,0,1,0,2
316457,19287,297170,382,80,157,225,0
139303,9065,130238,210,20,120,90,0
177,94,83,2,30,1,1,0
235,90,145,2,33,1,1,0
166,86,80,2,30,1,1,0
2723,1383,1340,29,37,16,13,0
66,66,0,1,0,1,0,1
62,62,0,1,0,1,0,1
70,70,0,1,0,1,0,2
145,145,0,1,0,1,0,1
70,70,0,1,0,1,0,2
91,91,0,1,0,1,0,1
70,70,0,1,0,1,0,2
199,94,105,2,30,1,1,0
231,110,121,2,30,1,1,0
9608,4549,5059,88,199,45,43,0
747,93,654,2,30,1,1,0
6749,2315,4434,24,46,14,10,0
70,70,0,1,0,1,0,2
4592,1685,2907,19,27,11,8,0
70,70,0,1,0,1,0,2
316,136,180,6,6,3,3,0
70,70,0,1,0,1,0,2
226,94,132,2,30,1,1,0
62,62,0,1,0,1,0,1
3574,1669,1905,17,186,10,7,0
217,82,135,2,32,1,1,0
235,90,145,2,32,1,1,0
66,66,0,1,0,1,0,1
195,102,93,2,31,1,1,0
268,78,190,2,30,1,1,0
66,66,0,1,0,1,0,1
146,146,0,1,0,1,0,1
70,70,0,1,0,1,0,2
66,66,0,1,0,1,0,1
70,70,0,2,7,2,0,0
6781,1289,5492,17,15,9,8,0
209,110,99,2,29,1,1,0
3677,1168,2509,17,120,8,9,0
70,70,0,1,0,1,0,2
881,126,755,2,30,1,1,0
70,70,0,1,0,1,0,2
197,102,95,2,30,1,1,0
62,62,0,1,0,1,0,1
62,62,0,1,0,1,0,1
2512,1466,1046,21,87,10,11,0
4344,2974,1370,22,94,12,10,0
160,70,90,2,5,1,1,0
889,404,485,10,30,5,5,0
62,62,0,1,0,1,0,1
182,94,88,2,30,1,1,0
62,62,0,1,0,1,0,1
17072,6138,10934,33,85,18,15,0
216,102,114,2,30,1,1,0
5753,3034,2719,52,281,25,27,0
62,62,0,1,0,1,0,1
70,70,0,1,5,1,0,0
778,103,675,2,30,1,1,0
66,66,0,1,0,1,0,1
215,102,113,2,30,1,1,0
66,66,0,1,0,1,0,1
66,66,0,1,0,1,0,1
1622,1137,485,11,26,7,4,0
146,146,0,1,0,1,0,1
70,70,0,1,0,1,0,2
66,66,0,1,0,1,0,2
3283,951,2332,13,135,6,7,0
66,66,0,1,0,1,0,2
346221,14712,331509,474,107,211,263,0
466,392,74,4,0,3,1,0
66,66,0,1,0,1,0,1
4702,674,4028,15,15,8,7,0
70,70,0,1,0,1,0,2
246,120,126,5,32,3,2,0
70,70,0,1,0,1,0,2
66,66,0,1,0,1,0,1
3474,915,2559,34,685,10,24,0
70,70,0,1,0,1,0,2
134,60,74,3,11,2,1,0
7738,879,6859,19,27,10,9,0
70,70,0,1,0,1,0,2
7073,1556,5517,21,80,11,10,0
269,94,175,2,30,1,1,0
8594,1042,7552,16,120,7,9,0
8075,2723,5352,42,117,24,18,0
11093,1415,9678,18,18,8,10,0
62,62,0,1,0,1,0,1
62,62,0,1,0,1,0,1
13699,2575,11124,30,135,15,15,0
70,70,0,1,5,1,0,0
4380,1473,2907,19,29,11,8,0
66,66,0,1,0,1,0,1
70,70,0,1,0,1,0,2
1114,534,580,12,16,7,5,0
168,78,90,2,30,1,1,0
10926,3915,7011,50,33,28,22,0
66,66,0,1,0,1,0,1
197,94,103,2,30,1,1,0
168,78,90,2,29,1,1,0
164,84,80,2,30,1,1,0
66,66,0,1,0,1,0,1
9152483,314975,8837508,9599,206,3195,6404,0
62,62,0,1,0,1,0,1
1514,962,552,7,16,5,2,0
164,70,94,2,5,1,1,0
62,62,0,1,0,1,0,1
70,70,0,1,0,1,0,2
211,78,133,2,30,1,1,0
498,204,294,6,30,3,3,0
182,93,89,2,31,1,1,0
428,103,325,4,34,2,2,0
5539,1486,4053,21,23,11,10,0
506,152,354,2,1201,1,1,0
70,70,0,1,0,1,0,2
66,66,0,1,0,1,0,1
194,128,66,4,25,3,1,0
66,66,0,1,0,1,0,2
66,66,0,1,0,1,0,1
66,66,0,1,0,1,0,1
3345,823,2522,12,120,6,6,0
66,66,0,1,0,1,0,1
177,94,83,2,30,1,1,0
70,70,0,2,9,2,0,0
7360,2298,5062,22,255,12,10,0
70,70,0,1,0,1,0,2
3562,1936,1626,48,191,24,24,0
70,70,0,1,0,1,0,2
66,66,0,1,0,1,0,1
193,102,91,2,31,1,1,0
60,60,0,1,0,1,0,1
177,94,83,2,30,1,1,0
168,86,82,2,30,1,1,0
62,62,0,1,0,1,0,1
66430,7013,59417,93,156,40,53,0
16553,6930,9623,212,6269,106,106,0
66,66,0,1,0,1,0,2
66,66,0,1,5,1,0,0
70,70,0,1,4,1,0,0
146,146,0,1,0,1,0,1
256,93,163,2,30,1,1,0
167,86,81,2,30,1,1,0
168,86,82,2,29,1,1,0
66,66,0,1,0,1,0,1
78,78,0,1,0,1,0,1
70,70,0,1,0,1,0,2
146,146,0,1,0,1,0,1
70,70,0,1,0,1,0,2
62,62,0,1,0,1,0,1
881,126,755,2,31,1,1,0
209,110,99,2,30,1,1,0
883,126,757,2,31,1,1,0
66,66,0,1,0,1,0,1
70,70,0,1,0,1,0,2
10372,4341,6031,28,319,15,13,0
197,102,95,2,30,1,1,0
66,66,0,1,0,1,0,1
66,66,0,1,0,1,0,2
74,74,0,1,0,1,0,1
66,66,0,1,0,1,0,1
1377,300,1077,6,1200,3,3,0
6834,2189,4645,40,29,26,14,0
269,110,159,2,30,1,1,0
156,156,0,3,8,3,0,0
5475,1610,3865,19,255,11,8,0
60,60,0,1,0,1,0,1
146,146,0,1,0,1,0,1
60,60,0,1,0,1,0,1
66,66,0,1,0,1,0,1
7372,954,6418,17,18,9,8,0
66,66,0,1,0,1,0,2
70,70,0,1,0,1,0,2
62,62,0,1,0,1,0,1
206,83,123,2,0,1,1,0
228,110,118,2,29,1,1,0
5612,1051,4561,20,16,11,9,0
199,102,97,2,29,1,1,0
178,82,96,2,30,1,1,0
4596,1689,2907,19,27,11,8,0
334,70,264,5,17,1,4,0
70,70,0,1,0,1,0,2
221,102,119,2,30,1,1,0
256,87,169,4,36,2,2,0
62,62,0,1,0,1,0,1
300,100,200,4,44,2,2,0
60,60,0,1,0,1,0,1
66,66,0,1,0,1,0,1
168,86,82,2,29,1,1,0
21456,6153,15303,120,491,46,74,0
62,62,0,1,0,1,0,1
2768,1722,1046,17,20,8,9,0
66,66,0,1,0,1,0,1
70,70,0,1,0,1,0,2
62,62,0,1,0,1,0,1
135293,6214,129079,161,24,71,90,0
5519,945,4574,15,23,8,7,0
6307,2851,3456,18,150,9,9,0
60,60,0,1,0,1,0,1
70,70,0,1,0,1,0,2
195,102,93,2,31,1,1,0
62,62,0,1,0,1,0,1
62,62,0,1,0,1,0,1
184,94,90,2,30,1,1,0
4635,2460,2175,21,18,12,9,0
3287,2049,1238,12,32,7,5,0
130,70,60,2,15,1,1,0
146,146,0,1,0,1,0,1
70,70,0,2,7,2,0,0
62,62,0,1,0,1,0,1
146,146,0,1,0,1,0,1
126815,114702,12113,243,86,139,104,0
66,66,0,1,0,1,0,2
384,166,218,2,30,1,1,0
199,94,105,2,30,1,1,0
60,60,0,1,0,1,0,1
168,86,82,2,30,1,1,0
10548172,142265,10405907,9105,134,1982,7123,0
403,91,312,4,34,2,2,0
875,126,749,2,30,1,1,0
62,62,0,1,0,1,0,1
70,70,0,1,0,1,0,2
70,70,0,1,0,1,0,2
66,66,0,1,0,1,0,1
78537,4022,74515,120,386,55,65,0
7549,2807,4742,42,78,22,20,0
70,70,0,1,0,1,0,2
70,70,0,1,0,1,0,2
263,104,159,2,30,1,1,0
66,66,0,1,0,1,0,2
124,64,60,2,15,1,1,0
1048,1048,0,9,16,9,0,0
70,70,0,1,5,1,0,0
179,94,85,2,29,1,1,0
62,62,0,1,0,1,0,1
66,66,0,1,0,1,0,1
70,70,0,1,0,1,0,2
626132,21332,604800,730,33,294,436,0
194,134,60,2,5,1,1,0
887,126,761,2,30,1,1,0
70,70,0,1,4,1,0,0
216,88,128,2,31,1,1,0
4639,1732,2907,19,30,11,8,0
11141,2777,8364,33,58,14,19,0
70,70,0,2,8,2,0,0
338,110,228,2,29,1,1,0
62,62,0,1,0,1,0,1
408,78,330,6,25,1,5,0
212,102,110,2,29,1,1,0
66,66,0,1,0,1,0,2
198,101,97,2,31,1,1,0
70,70,0,1,0,1,0,2
193,102,91,2,30,1,1,0
278,94,184,2,30,1,1,0
200,102,98,2,30,1,1,0
196,102,94,2,31,1,1,0
70,70,0,1,0,1,0,2
754,94,660,2,31,1,1,0
62,62,0,1,0,1,0,1
70,70,0,1,0,1,0,2
179,94,85,2,29,1,1,0
167,78,89,2,30,1,1,0
215,102,113,2,30,1,1,0
70,70,0,1,0,1,0,2
246,246,0,4,47,4,0,0
66,66,0,1,0,1,0,2
220,220,0,1,0,1,0,1
7903,1914,5989,20,15,11,9,0
479,98,381,4,57,2,2,0
60,60,0,1,0,1,0,1
234,234,0,4,12,4,0,0
146,146,0,1,0,1,0,1
70,70,0,1,0,1,0,2
194,102,92,2,29,1,1,0
62,62,0,1,0,1,0,1
70,70,0,1,0,1,0,2
70,70,0,1,4,1,0,0
94,94,0,1,29,1,0,0
98,98,0,1,0,1,0,1
398,88,310,4,54,2,2,0
66,66,0,1,0,1,0,1
62,62,0,1,0,1,0,1
66,66,0,1,0,1,0,1
70,70,0,1,0,1,0,2
496852,12216,484636,499,16,167,332,0
62,62,0,1,0,1,0,1
8380,1882,6498,29,396,9,20,0
70,70,0,1,0,1,0,2
70,70,0,1,0,1,0,2
62,62,0,1,0,1,0,1
6032,1049,4983,18,26,9,9,0
200,102,98,2,33,1,1,0
62,62,0,1,0,1,0,1
62,62,0,1,0,1,0,1
66,66,0,1,0,1,0,2
338,110,228,2,299,1,1,0
11984,6772,5212,52,222,30,22,0
66,66,0,1,0,1,0,1
749,94,655,2,30,1,1,0
178,94,84,2,30,1,1,0
454,262,192,8,37,5,3,0
150,150,0,1,0,1,0,1
763,101,662,2,31,1,1,0
272,94,178,2,30,1,1,0
3354,1792,1562,46,194,23,23,0
70,70,0,1,0,1,0,2
70,70,0,1,0,1,0,2
1353,903,450,12,78,7,5,0
491,150,341,2,1200,1,1,0
66,66,0,1,0,1,0,2
70,70,0,1,0,1,0,2
130,70,60,2,5,1,1,0
318,192,126,6,26,4,2,0
146,146,0,1,0,1,0,1
198,101,97,2,31,1,1,0
11588,4383,7205,39,46,22,17,0
66,66,0,1,0,1,0,1
62,62,0,1,0,1,0,1
70,70,0,1,0,1,0,2
66,66,0,1,0,1,0,2
62,62,0,1,0,1,0,1
1803,1029,774,16,185,9,7,0
352,86,266,4,36,2,2,0
66,66,0,1,0,1,0,2
183,94,89,2,30,1,1,0
8735,1819,6916,23,22,14,9,0
199,102,97,2,30,1,1,0
770,102,668,2,31,1,1,0
5167,700,4467,16,14,7,9,0
70,70,0,1,0,1,0,2
66,66,0,1,0,1,0,1
9340,4256,5084,24,16,13,11,0
4929,2773,2156,17,42,9,8,0
2163,676,1487,14,16,7,7,0
62,62,0,1,0,1,0,1
66,66,0,1,5,1,0,0
168,86,82,2,31,1,1,0
66,66,0,1,0,1,0,2
6821,1076,5745,21,27,12,9,0
4350,1443,2907,19,26,11,8,0
100,100,0,1,0,1,0,1
212,102,110,2,30,1,1,0
234,234,0,4,12,4,0,0
4378,1471,2907,19,26,11,8,0
711,87,624,2,31,1,1,0
411,225,186,6,16,3,3,0
6185,1994,4191,27,16,16,11,0
8034,2014,6020,20,15,11,9,0
66,66,0,1,0,1,0,2
62,62,0,1,0,1,0,1
178,118,60,2,15,1,1,0
330,330,0,6,1200,6,0,0
66,66,0,1,0,1,0,1
919,126,793,2,30,1,1,0
209,110,99,2,30,1,1,0
184,94,90,2,29,1,1,0
62,62,0,1,0,1,0,1
70,70,0,1,4,1,0,0
274,87,187,4,31,2,2,0
70,70,0,1,4,1,0,0
70,70,0,1,0,1,0,2
66,66,0,1,0,1,0,2
66,66,0,1,0,1,0,2
1527,940,587,14,22,8,6,0
3564,1850,1714,18,35,10,8,0
770,102,668,2,30,1,1,0
1399,406,993,15,43,5,10,0
70,70,0,1,0,1,0,2
4417,2187,2230,16,135,8,8,0
168,86,82,2,31,1,1,0
62,62,0,1,0,1,0,1
70,70,0,1,0,1,0,2
1159,668,491,11,31,6,5,0
62,62,0,1,0,1,0,1
94,94,0,1,30,1,0,0
5430,687,4743,15,73,6,9,0
356,98,258,4,35,2,2,0
70,70,0,1,0,1,0,2
62,62,0,1,0,1,0,1
8247,2116,6131,23,360,11,12,0
290,118,172,2,30,1,1,0
777,87,690,2,31,1,1,0
62,62,0,1,0,1,0,1
1515,481,1034,11,15,6,5,0
887,126,761,2,31,1,1,0
6737,1006,5731,20,162,11,9,0
4997074,153969,4843105,5249,343,1861,3388,0
66,66,0,1,0,1,0,1
190,97,93,2,31,1,1,0
8535,1936,6599,22,87,12,10,0
8900,2090,6810,26,80,14,12,0
71105,20647,50458,107,38,53,54,0
100,100,0,1,0,1,0,1
3186,1836,1350,16,17,10,6,0
320,140,180,6,6,3,3,0
228,110,118,2,30,1,1,0
177,94,83,2,31,1,1,0
6701,3487,3214,35,196,19,16,0
60,60,0,1,0,1,0,1
70,70,0,1,0,1,0,2
442,110,332,4,44,2,2,0
783,96,687,2,31,1,1,0
66,66,0,1,0,1,0,2
70,70,0,2,8,2,0,0
60,60,0,1,0,1,0,1
184,86,98,2,30,1,1,0
70,70,0,1,0,1,0,2
11226,3340,7886,28,16,16,12,0
204,118,86,2,30,1,1,0
66,66,0,1,0,1,0,2
172,88,84,2,30,1,1,0
2139,1167,972,10,20,6,4,0
211,102,109,2,30,1,1,0
200,102,98,2,29,1,1,0
10015,3476,6539,30,28,19,11,0
25214,14000,11214,66,99,34,32,0
385,106,279,4,33,2,2,0
70,70,0,1,0,1,0,2
70,70,0,1,0,1,0,2
213,78,135,2,30,1,1,0
62,62,0,1,0,1,0,1
213,89,124,2,30,1,1,0
62,62,0,1,0,1,0,1
772,103,669,2,31,1,1,0
199,102,97,2,31,1,1,0
514,246,268,9,82,5,4,0
66,66,0,1,0,1,0,2
70,70,0,1,0,1,0,2
422,164,258,6,30,3,3,0
66,66,0,1,0,1,0,1
210,110,100,2,30,1,1,0
235,90,145,2,32,1,1,0
60,60,0,1,0,1,0,1
70,70,0,2,5,2,0,0
70,70,0,1,0,1,0,2
199,102,97,2,30,1,1,0
10572,5109,5463,24,122,12,12,0
66,66,0,1,0,1,0,1
6475,4197,2278,22,16,12,10,0
70,70,0,1,0,1,0,2
490,101,389,4,45,2,2,0
62,62,0,1,0,1,0,1
62,62,0,1,0,1,0,1
47830,23388,24442,74,51,37,37,0
3098,1611,1487,16,15,9,7,0
66,66,0,1,0,1,0,1
492,94,398,4,45,2,2,0
994,86,908,2,30,1,1,0
70,70,0,1,0,1,0,2
237,86,151,2,29,1,1,0
4268,2836,1432,25,19,13,12,0
168,86,82,2,30,1,1,0
7221,2265,4956,16,127,7,9,0
70,70,0,1,0,1,0,2
66,66,0,1,0,1,0,1
7256,1682,5574,14,40,6,8,0
1080714,29230,1051484,1137,174,436,701,0
183,94,89,2,30,1,1,0
66,66,0,1,0,1,0,2
380,88,292,2,30,1,1,0
62,62,0,1,0,1,0,1
379,94,285,2,30,1,1,0
211,78,133,2,30,1,1,0
62,62,0,1,0,1,0,1
232198,9152,223046,290,21,134,156,0
184,102,82,2,31,1,1,0
143,143,0,1,0,1,0,1
468,320,148,5,49,3,2,0
5552,1179,4373,24,80,13,11,0
316,136,180,6,5,3,3,0
2062,872,1190,13,83,7,6,0
8317,6126,2191,23,151,14,9,0
384,384,0,5,51,5,0,0
7149,1719,5430,18,326,9,9,0
60,60,0,1,0,1,0,1
70,70,0,1,0,1,0,2
14281,2906,11375,15,122,4,11,0
177,94,83,2,31,1,1,0
62,62,0,1,0,1,0,1
198,102,96,2,30,1,1,0
184,94,90,2,31,1,1,0
66,66,0,1,0,1,0,1
66,66,0,1,0,1,0,1
70,70,0,1,0,1,0,2
66,66,0,1,0,1,0,2
22407,7251,15156,35,23,16,19,0
70,70,0,1,0,1,0,2
70,70,0,1,0,1,0,2
66,66,0,1,0,1,0,2
194,102,92,2,30,1,1,0
66,66,0,1,0,1,0,1
66,66,0,1,0,1,0,2
66,66,0,1,0,1,0,1
195,102,93,2,29,1,1,0
62,62,0,1,0,1,0,1
70,70,0,1,0,1,0,2
177,94,83,2,30,1,1,0
66,66,0,1,5,1,0,0
404,259,145,3,32,2,1,0
70,70,0,1,0,1,0,2
4562,2466,2096,20,119,11,9,0
62,62,0,1,0,1,0,1
177,94,83,2,29,1,1,0
70,70,0,1,0,1,0,2
4429,2593,1836,34,1126,18,16,0
66,66,0,1,0,1,0,1
66,66,0,1,0,1,0,2
177,94,83,2,30,1,1,0
9503,5267,4236,56,218,31,25,0
278,94,184,2,30,1,1,0
316,136,180,6,7,3,3,0
66,66,0,1,0,1,0,2
210,78,132,2,30,1,1,0
17360,5578,11782,71,281,39,32,0
10066,4676,5390,27,123,15,12,0
70,70,0,1,0,1,0,2
70,70,0,1,5,1,0,0
70,70,0,1,5,1,0,0
177,94,83,2,30,1,1,0
193,102,91,2,29,1,1,0
3342,1983,1359,16,15,8,8,0
388,134,254,2,30,1,1,0
70,70,0,1,0,1,0,2
70,70,0,1,0,1,0,2
341,215,126,5,16,3,2,0
336615,15190,321425,383,31,159,224,0
172,94,78,2,31,1,1,0
870,330,540,12,1496,6,6,0
4518,1665,2853,19,25,11,8,0
66,66,0,1,0,1,0,1
66,66,0,1,0,1,0,1
600,156,444,8,25,2,6,0
70,70,0,1,0,1,0,2
196,102,94,2,29,1,1,0
66,66,0,1,0,1,0,2
70,70,0,1,0,1,0,2
7397,1784,5613,27,306,13,14,0
70,70,0,2,7,2,0,0
66,66,0,1,0,1,0,1
62,62,0,1,0,1,0,1
66,66,0,1,0,1,0,2
66,66,0,1,5,1,0,0
66,66,0,1,0,1,0,1
92597,47158,45439,747,1187,422,325,0
7748,3859,3889,20,148,10,10,0
66,66,0,1,0,1,0,1
197,102,95,2,30,1,1,0
5393,1263,4130,21,18,11,10,0
195,102,93,2,30,1,1,0
711,87,624,2,30,1,1,0
422,164,258,6,30,3,3,0
70,70,0,1,0,1,0,2
225,86,139,2,30,1,1,0
202,70,132,3,11,1,2,0
70,70,0,1,0,1,0,2
749,89,660,2,30,1,1,0
66,66,0,1,0,1,0,1
70,70,0,1,0,1,0,2
70,70,0,1,0,1,0,2
159,159,0,1,0,1,0,1
70,70,0,1,0,1,0,2
295,101,194,4,31,2,2,0
234,94,140,2,30,1,1,0
2611,1811,800,13,15,7,6,0
144290,9387,134903,217,42,110,107,0
70,70,0,1,0,1,0,2
70,70,0,1,0,1,0,2
184,94,90,2,30,1,1,0
62,62,0,1,0,1,0,1
275,96,179,4,41,2,2,0
66,66,0,1,0,1,0,1
150,150,0,1,1199,1,0,0
70,70,0,1,0,1,0,2
234,234,0,4,12,4,0,0
3182,1568,1614,8,120,4,4,0
6095,1965,4130,26,46,15,11,0
146,146,0,1,0,1,0,1
62,62,0,1,0,1,0,1
66,66,0,1,0,1,0,1
70,70,0,1,0,1,0,2
70,70,0,2,8,2,0,0
146,146,0,1,0,1,0,1
1056,682,374,10,16,6,4,0
66,66,0,1,0,1,0,2
311,94,217,2,30,1,1,0
70,70,0,1,0,1,0,2
70,70,0,1,5,1,0,0
66,66,0,1,0,1,0,1
46202,8086,38116,131,243,69,62,0
70,70,0,1,0,1,0,2
2162,1113,1049,18,16,10,8,0
194,99,95,2,31,1,1,0
491,150,341,2,1200,1,1,0
168,86,82,2,30,1,1,0
1695880,25777,1670103,1423,118,264,1159,0
70,70,0,1,0,1,0,2
66,66,0,1,0,1,0,2
220,220,0,1,0,1,0,1
66,66,0,1,0,1,0,1
179,94,85,2,30,1,1,0
760,97,663,2,31,1,1,0
70,70,0,1,0,1,0,2
156,156,0,2,0,2,0,1
70,70,0,1,0,1,0,2
200,102,98,2,30,1,1,0
74,74,0,1,0,1,0,1
267,94,173,2,30,1,1,0
70,70,0,1,0,1,0,2
62,62,0,1,0,1,0,1
263,78,185,2,29,1,1,0
733,85,648,2,0,1,1,0
70,70,0,1,0,1,0,2
70,70,0,2,8,2,0,0
70,70,0,1,0,1,0,2
66,66,0,1,0,1,0,1
504,318,186,8,16,5,3,0
5860,1151,4709,18,283,10,8,0
8209,2789,5420,24,42,14,10,0
404,259,145,3,32,2,1,0
70,70,0,1,0,1,0,2
8571,1789,6782,20,326,10,10,0
747,93,654,2,30,1,1,0
174,89,85,2,31,1,1,0
3255,1089,2166,10,122,5,5,0
214,82,132,4,5,2,2,0
184,120,64,4,11,3,1,0
780,104,676,2,31,1,1,0
462,462,0,8,3632,8,0,0
8349,1987,6362,23,30,12,11,0
164,78,86,2,30,1,1,0
60,60,0,1,0,1,0,1
66,66,0,1,0,1,0,2
70,70,0,1,0,1,0,2
5167,700,4467,16,15,7,9,0
66,66,0,1,0,1,0,2
62,62,0,1,0,1,0,1
62,62,0,1,0,1,0,1
62,62,0,1,0,1,0,1
62,62,0,1,0,1,0,1
130,70,60,2,6,1,1,0
62,62,0,1,0,1,0,1
1348,844,504,13,255,8,5,0
62,62,0,1,0,1,0,1
807,94,713,2,29,1,1,0
255,102,153,2,29,1,1,0
3649,424,3225,12,15,6,6,0
499,425,74,4,0,3,1,0
66,66,0,1,0,1,0,2
193,102,91,2,30,1,1,0
62,62,0,1,0,1,0,1
193,102,91,2,30,1,1,0
7775,1963,5812,22,77,13,9,0
167,86,81,2,29,1,1,0
62,62,0,1,0,1,0,1
183,94,89,2,30,1,1,0
145,145,0,1,0,1,0,1
638,292,346,10,28,5,5,0
70,70,0,1,0,1,0,2
209,110,99,2,31,1,1,0
66,66,0,1,0,1,0,1
62,62,0,1,0,1,0,1
60,60,0,1,0,1,0,1
146,146,0,1,0,1,0,1
66,66,0,1,0,1,0,2
70,70,0,1,0,1,0,2
70,70,0,2,7,2,0,0
66,66,0,1,0,1,0,1
626,352,274,10,15,6,4,0
11195,2218,8977,36,80,18,18,0
9810,819,8991,19,15,9,10,0
206,105,101,2,30,1,1,0
70,70,0,1,0,1,0,2
1965,1402,563,13,16,7,6,0
199,102,97,2,31,1,1,0
70,70,0,1,0,1,0,2
19740,993,18747,28,15,12,16,0
66,66,0,1,0,1,0,2
300,100,200,4,43,2,2,0
316,80,236,2,31,1,1,0
7134,2478,4656,18,75,10,8,0
70,70,0,1,0,1,0,2
199,102,97,2,31,1,1,0
70,70,0,1,0,1,0,2
199,102,97,2,30,1,1,0
62,62,0,1,0,1,0,1
60,60,0,1,0,1,0,1
504,318,186,8,15,5,3,0
70,70,0,2,8,2,0,0
70,70,0,1,0,1,0,2
226,110,116,2,30,1,1,0
177,94,83,2,29,1,1,0
291,171,120,4,15,2,2,0
70,70,0,1,5,1,0,0
96,96,0,1,31,1,0,0
2990,1599,1391,15,15,8,7,0
66,66,0,1,0,1,0,2
66,66,0,1,0,1,0,2
70,70,0,1,0,1,0,2
70,70,0,1,0,1,0,2
66,66,0,2,7,2,0,0
70,70,0,1,0,1,0,2
66,66,0,1,0,1,0,2
60,60,0,1,0,1,0,1
62,62,0,1,0,1,0,1
66,66,0,1,0,1,0,2
66,66,0,1,0,1,0,1
172,172,0,2,5,2,0,0
195,102,93,2,30,1,1,0
6749,1593,5156,23,123,12,11,0
320,140,180,6,6,3,3,0
62,62,0,1,0,1,0,1
104,104,0,1,0,1,0,1
62,62,0,1,0,1,0,1
1658,1344,314,10,15,5,5,0
12481,2743,9738,53,20,26,27,0
66,66,0,1,5,1,0,0
62,62,0,1,0,1,0,1
194,102,92,2,31,1,1,0
168,86,82,2,30,1,1,0
70,70,0,1,0,1,0,2
62,62,0,1,0,1,0,1
66,66,0,1,0,1,0,2
66,66,0,1,0,1,0,1
3697,2379,1318,26,16,14,12,0
1452,817,635,16,20,9,7,0
243,94,149,2,30,1,1,0
200,102,98,2,30,1,1,0
70,70,0,1,0,1,0,2
70,70,0,1,0,1,0,2
70,70,0,1,0,1,0,2
62,62,0,1,0,1,0,1
66,66,0,1,0,1,0,1
3704,1428,2276,14,135,7,7,0
4118,2209,1909,36,239,21,15,0
86,86,0,1,30,1,0,0
749,89,660,2,31,1,1,0
146,146,0,1,0,1,0,1
832,106,726,2,30,1,1,0
499,425,74,4,0,3,1,0
62,62,0,1,0,1,0,1
70,70,0,1,0,1,0,2
146,146,0,1,0,1,0,1
18261,2059,16202,40,31,20,20,0
66,66,0,1,0,1,0,1
12690,1918,10772,39,195,19,20,0
70,70,0,1,0,1,0,2
91,91,0,1,31,1,0,0
66,66,0,1,0,1,0,1
60,60,0,1,0,1,0,1
826,826,0,8,44,8,0,0
176,90,86,2,31,1,1,0
66,66,0,1,30,1,0,0
70,70,0,1,0,1,0,2
8949,1200,7749,21,85,10,11,0
184,102,82,2,29,1,1,0
62,62,0,1,0,1,0,1
784,94,690,2,30,1,1,0
145,145,0,1,0,1,0,1
402,132,270,6,1208,3,3,0
82,82,0,1,30,1,0,0
11462,4282,7180,61,37,28,33,0
70,70,0,1,0,1,0,2
66,66,0,1,0,1,0,2
66,66,0,1,91,1,0,0
70,70,0,1,0,1,0,2
402,132,270,6,1209,3,3,0
62,62,0,1,0,1,0,1
1524,1028,496,10,21,7,3,0
177,94,83,2,30,1,1,0
10186,3128,7058,26,16,13,13,0
5892088,193411,5698677,6287,213,2098,4189,0
209,102,107,2,30,1,1,0
172,172,0,2,4,2,0,0
70,70,0,1,0,1,0,2
70,70,0,1,5,1,0,0
17899,5015,12884,33,36,14,19,0
885,126,759,2,30,1,1,0
3960,3960,0,61,3411,61,0,0
70,70,0,1,0,1,0,2
1950,1338,612,11,14,5,6,0
887,126,761,2,31,1,1,0
194,102,92,2,30,1,1,0
168,78,90,2,30,1,1,0
326,186,140,6,29,4,2,0
70,70,0,1,0,1,0,2
70,70,0,1,0,1,0,2
9102,1205,7897,25,14,14,11,0
4887,895,3992,16,29,9,7,0
194,87,107,2,30,1,1,0
177,94,83,2,30,1,1,0
172,94,78,2,30,1,1,0
1779,1375,404,11,40,5,6,0
70,70,0,1,0,1,0,2
250,108,142,2,30,1,1,0
954,454,500,14,21,8,6,0
150,150,0,1,1200,1,0,0
66,66,0,1,0,1,0,2
66,66,0,1,0,1,0,2
156,156,0,2,0,2,0,1
66,66,0,1,0,1,0,2
229,94,135,2,30,1,1,0
6202,3033,3169,28,167,13,15,0
6919,1220,5699,20,104,12,8,0
29436,9695,19741,54,34,30,24,0
62,62,0,1,0,1,0,1
66,66,0,1,0,1,0,1
60,60,0,1,0,1,0,1
66,66,0,1,0,1,0,2
194,87,107,2,31,1,1,0
4134,2109,2025,18,17,9,9,0
66,66,0,1,5,1,0,0
194,102,92,2,30,1,1,0
9642,3343,6299,37,16,17,20,0
62,62,0,1,0,1,0,1
90,90,0,1,0,1,0,1
70,70,0,2,8,2,0,0
499,425,74,4,0,3,1,0
70,70,0,1,0,1,0,2
958,384,574,14,34,7,7,0
70,70,0,1,0,1,0,2
315,102,213,2,30,1,1,0
372,186,186,6,15,3,3,0
150,150,0,1,1200,1,0,0
103466,11111,92355,258,140,119,139,0
168,78,90,2,30,1,1,0
195,102,93,2,30,1,1,0
474745,13542,461203,502,17,189,313,0
194,102,92,2,30,1,1,0
60,60,0,1,0,1,0,1
124,64,60,3,5,2,1,0
70,70,0,1,0,1,0,2
200,102,98,2,31,1,1,0
62,62,0,1,0,1,0,1
402,132,270,6,1209,3,3,0
754,94,660,2,31,1,1,0
70,70,0,1,0,1,0,2
184,94,90,2,30,1,1,0
62,62,0,1,0,1,0,1
209,110,99,2,30,1,1,0
2198,193,2005,6,90,3,3,0
60,60,0,1,0,1,0,1
70,70,0,1,0,1,0,2
70,70,0,1,0,1,0,2
70,70,0,2,8,2,0,0
7211,823,6388,16,15,10,6,0
9823,2600,7223,46,195,23,23,0
8830,1950,6880,27,25,14,13,0
66,66,0,1,0,1,0,1
62,62,0,1,0,1,0,1
60,60,0,1,0,1,0,1
100,100,0,1,0,1,0,1
193,102,91,2,29,1,1,0
284,118,166,2,30,1,1,0
62,62,0,1,0,1,0,1
9530,2183,7347,45,256,21,24,0
152,90,62,2,31,1,1,0
11946,8904,3042,42,42,26,16,0
193,102,91,2,29,1,1,0
499,425,74,4,1,3,1,0
66,66,0,1,0,1,0,2
60,60,0,1,0,1,0,1
11123,2634,8489,22,121,10,12,0
66,66,0,1,0,1,0,2
165,86,79,2,30,1,1,0
6128,763,5365,17,29,9,8,0
70,70,0,2,7,2,0,0
194,99,95,2,30,1,1,0
132575,6675,125900,206,94,91,115,0
267,87,180,4,59,2,2,0
182,93,89,2,31,1,1,0
200,102,98,2,31,1,1,0
318,192,126,6,25,4,2,0
66,66,0,1,0,1,0,1
11347,2434,8913,28,62,15,13,0
4695,859,3836,17,30,9,8,0
66,66,0,1,0,1,0,2
214163,29159,185004,242,20,108,134,0
165,86,79,2,30,1,1,0
70,70,0,1,0,1,0,2
7950,1925,6025,26,66,14,12,0
66,66,0,1,0,1,0,2
70,70,0,1,0,1,0,2
13049,4849,8200,31,31,15,16,0
66,66,0,1,0,1,0,2
70,70,0,1,0,1,0,2
62,62,0,1,0,1,0,1
6528,1918,4610,23,45,13,10,0
66,66,0,1,0,1,0,2
66,66,0,1,0,1,0,2
550,133,417,4,47,2,2,0
7240,2265,4975,24,351,13,11,0
70,70,0,1,0,1,0,2
66,66,0,1,0,1,0,2
918,358,560,14,40,6,8,0
66,66,0,1,0,1,0,2
7518,2862,4656,18,75,10,8,0
146,146,0,1,0,1,0,1
492,306,186,8,15,5,3,0
83,83,0,1,0,1,0,1
66,66,0,1,0,1,0,1
62,62,0,1,0,1,0,1
150,150,0,1,1200,1,0,0
170,87,83,2,31,1,1,0
62,62,0,1,0,1,0,1
70,70,0,1,5,1,0,0
62,62,0,1,0,1,0,1
146,146,0,1,0,1,0,1
198,93,105,2,31,1,1,0
183,94,89,2,30,1,1,0
70,70,0,1,5,1,0,0
10569,3485,7084,27,515,15,12,0
320,140,180,6,7,3,3,0
177,94,83,2,30,1,1,0
50097,3666,46431,79,256,36,43,0
66,66,0,1,0,1,0,1
242,118,124,2,30,1,1,0
186,95,91,2,31,1,1,0
8464,2699,5765,48,147,26,22,0
7407,2650,4757,24,20,12,12,0
70,70,0,1,0,1,0,2
62,62,0,1,0,1,0,1
70,70,0,1,0,1,0,2
10225,5069,5156,30,106,17,13,0
146,146,0,1,0,1,0,1
46992,4773,42219,89,160,36,53,0
146,146,0,1,0,1,0,1
66,66,0,1,0,1,0,1
70,70,0,2,8,2,0,0
62,62,0,1,0,1,0,1
66,66,0,1,0,1,0,2
66,66,0,1,0,1,0,1
762,97,665,2,30,1,1,0
70,70,0,1,0,1,0,2
1928,906,1022,11,145,6,5,0
25053,19627,5426,38,76,23,15,0
66,66,0,1,0,1,0,2
146,146,0,1,0,1,0,1
62,62,0,1,0,1,0,1
70,70,0,1,0,1,0,2
222,94,128,2,29,1,1,0
148,86,62,2,30,1,1,0
569,164,405,2,30,1,1,0
3469,1006,2463,15,121,7,8,0
7110,2183,4927,22,16,12,10,0
198,102,96,2,30,1,1,0
198,102,96,2,31,1,1,0
70,70,0,1,0,1,0,2
66,66,0,2,8,2,0,0
266,87,179,4,32,2,2,0
1636,699,937,10,15,5,5,0
205,86,119,2,29,1,1,0
70,70,0,1,0,1,0,2
228,110,118,2,30,1,1,0
8033,2013,6020,20,16,11,9,0
272,110,162,2,30,1,1,0
146,146,0,1,0,1,0,1
196,102,94,2,30,1,1,0
6423,744,5679,16,16,9,7,0
70,70,0,1,0,1,0,2
9895,2094,7801,52,262,23,29,0
66,66,0,1,0,1,0,2
70,70,0,1,4,1,0,0
70,70,0,1,0,1,0,2
7825,2062,5763,36,17,17,19,0
70,70,0,2,8,2,0,0
70,70,0,1,0,1,0,2
531,90,441,4,41,2,2,0
66,66,0,1,0,1,0,2
66,66,0,1,0,1,0,1
62,62,0,1,0,1,0,1
5944,1501,4443,27,163,13,14,0
66,66,0,1,0,1,0,1
168,86,82,2,30,1,1,0
66,66,0,1,0,1,0,2
74,74,0,1,0,1,0,1
66,66,0,1,0,1,0,1
1352,691,661,14,42,8,6,0
66,66,0,1,0,1,0,2
897,126,771,2,30,1,1,0
66,66,0,1,0,1,0,2
70,70,0,1,0,1,0,2
5214,1101,4113,22,123,12,10,0
62,62,0,1,0,1,0,1
4533,1626,2907,19,29,11,8,0
25263,2606,22657,41,90,19,22,0
6650,950,5700,18,75,9,9,0
62,62,0,1,0,1,0,1
1718,1404,314,11,15,6,5,0
62,62,0,1,0,1,0,1
120,120,0,2,5,2,0,0
1786,172,1614,7,120,3,4,0
60,60,0,1,0,1,0,1
4939,2553,2386,51,72,28,23,0
60,60,0,1,0,1,0,1
70,70,0,2,8,2,0,0
66,66,0,1,0,1,0,2
178,94,84,2,30,1,1,0
266,87,179,4,33,2,2,0
4245,2461,1784,18,31,9,9,0
233,94,139,2,30,1,1,0
6525,1695,4830,19,51,8,11,0
70,70,0,1,5,1,0,0
322,134,188,2,30,1,1,0
192,98,94,2,30,1,1,0
237,91,146,2,33,1,1,0
4891,2237,2654,12,121,6,6,0
167,167,0,1,0,1,0,1
12526,5944,6582,24,3599,11,13,0
213,102,111,2,29,1,1,0
70,70,0,1,5,1,0,0
65732,3951,61781,102,65,40,62,0
66,66,0,1,0,1,0,2
106,106,0,1,60,1,0,0
101,101,0,2,31,2,0,0
62,62,0,1,0,1,0,1
156,156,0,1,0,1,0,1
28807,2716,26091,54,466,21,33,0
167,86,81,2,31,1,1,0
70,70,0,1,0,1,0,2
70,70,0,1,0,1,0,2
193,102,91,2,30,1,1,0
426,240,186,8,26,5,3,0
167,86,81,2,30,1,1,0
146,146,0,1,0,1,0,1
751,95,656,2,31,1,1,0
416,210,206,7,32,4,3,0
304,110,194,4,35,2,2,0
5436,3022,2414,17,32,11,6,0
1658,126,1532,4,30,2,2,0
414,136,278,6,16,3,3,0
66,66,0,1,0,1,0,1
66,66,0,1,0,1,0,2
78,78,0,1,30,1,0,0
66,66,0,1,0,1,0,1
202,103,99,2,30,1,1,0
70,70,0,1,0,1,0,2
70,70,0,1,0,1,0,2
3709,1390,2319,17,19,10,7,0
190,97,93,2,31,1,1,0
564,382,182,9,15,6,3,0
7878,3197,4681,22,18,11,11,0
62,62,0,1,0,1,0,1
140,78,62,2,30,1,1,0
70,70,0,1,0,1,0,2
66,66,0,1,0,1,0,2
62,62,0,1,0,1,0,1
70,70,0,1,0,1,0,2
7310,967,6343,18,25,10,8,0
195,102,93,2,30,1,1,0
70,70,0,1,0,1,0,2
70,70,0,1,0,1,0,2
70,70,0,1,0,1,0,2
70,70,0,1,0,1,0,2
70,70,0,1,0,1,0,2
4668,1745,2923,21,76,12,9,0
5630,3451,2179,39,67,20,19,0
62,62,0,1,0,1,0,1
183,94,89,2,30,1,1,0
454,262,192,8,41,5,3,0
70,70,0,1,0,1,0,2
70,70,0,1,0,1,0,2
79878,10479,69399,138,120,68,70,0
70,70,0,1,5,1,0,0
62,62,0,1,0,1,0,1
199,102,97,2,31,1,1,0
70,70,0,1,0,1,0,2
70,70,0,1,0,1,0,2
210,94,116,2,30,1,1,0
62,62,0,1,0,1,0,1
66,66,0,1,0,1,0,2
66,66,0,1,0,1,0,1
146,146,0,1,0,1,0,1
3707,1245,2462,11,119,6,5,0
19221,5366,13855,88,113,36,52,0
6919,1449,5470,21,186,12,9,0
5711,1208,4503,21,121,11,10,0
230,110,120,2,30,1,1,0
70,70,0,1,5,1,0,0
318,192,126,6,28,4,2,0
6058,1749,4309,22,200,13,9,0
66,66,0,1,0,1,0,1
167,86,81,2,30,1,1,0
60,60,0,1,0,1,0,1
70,70,0,1,0,1,0,2
166,86,80,2,29,1,1,0
66,66,0,1,0,1,0,2
66,66,0,1,0,1,0,2
146,64,82,3,9,2,1,0
177,94,83,2,30,1,1,0
70,70,0,2,7,2,0,0
62,62,0,1,0,1,0,1
887,126,761,2,31,1,1,0
3524,2698,826,14,16,8,6,0
320,320,0,1,0,1,0,1
66,66,0,1,0,1,0,2
222,86,136,2,30,1,1,0
146,146,0,1,0,1,0,1
66,66,0,1,0,1,0,1
15032,5689,9343,51,35,27,24,0
66,66,0,1,0,1,0,2
194,102,92,2,30,1,1,0
20565,2848,17717,31,27,10,21,0
277,94,183,2,30,1,1,0
66,66,0,1,0,1,0,2
70,70,0,1,0,1,0,2
62,62,0,1,0,1,0,1
209,110,99,2,29,1,1,0
66,66,0,1,0,1,0,1
66,66,0,1,0,1,0,1
207,85,122,4,30,2,2,0
66,66,0,1,0,1,0,1
66,66,0,1,0,1,0,2
60,60,0,1,0,1,0,1
70,70,0,1,0,1,0,2
62,62,0,1,0,1,0,1
264,89,175,4,47,2,2,0
273,94,179,2,30,1,1,0
268,93,175,4,58,2,2,0
70,70,0,1,0,1,0,2
812,110,702,2,30,1,1,0
78,78,0,1,30,1,0,0
819,102,717,2,30,1,1,0
66,66,0,1,0,1,0,2
322,94,228,4,49,2,2,0
66,66,0,1,0,1,0,2
66,66,0,1,0,1,0,2
145,145,0,1,0,1,0,1
66,66,0,1,0,1,0,2
718,94,624,2,30,1,1,0
132,132,0,3,1200,3,0,0
62,62,0,1,0,1,0,1
66,66,0,1,0,1,0,2
34707,1796,32911,45,45,20,25,0
733,85,648,2,31,1,1,0
62,62,0,1,0,1,0,1
1540,553,987,10,15,6,4,0
371,311,60,4,1199,3,1,0
168,78,90,2,30,1,1,0
70,70,0,1,0,1,0,2
66,66,0,1,0,1,0,2
166,85,81,2,31,1,1,0
62,62,0,1,0,1,0,1
753,93,660,2,31,1,1,0
8161,1929,6232,26,46,15,11,0
78,78,0,1,0,1,0,1
70,70,0,1,0,1,0,2
162,102,60,2,5,1,1,0
62,62,0,1,0,1,0,1
197,102,95,2,33,1,1,0
70,70,0,1,0,1,0,2
66,66,0,1,0,1,0,1
200,102,98,2,30,1,1,0
280,78,202,2,30,1,1,0
543,166,377,2,1199,1,1,0
407,261,146,3,32,2,1,0
2917,870,2047,14,16,8,6,0
90,90,0,1,0,1,0,1
70,70,0,1,0,1,0,2
70,70,0,2,5,2,0,0
2543,691,1852,13,30,8,5,0
74,74,0,1,0,1,0,1
168,86,82,2,30,1,1,0
70,70,0,1,0,1,0,2
66,66,0,1,0,1,0,2
228,110,118,2,30,1,1,0
62,62,0,1,0,1,0,1
66,66,0,1,0,1,0,1
66,66,0,1,0,1,0,2
66,66,0,1,0,1,0,1
166,86,80,2,30,1,1,0
62,62,0,1,0,1,0,1
196,136,60,4,8,3,1,0
66,66,0,1,0,1,0,1
189,102,87,2,30,1,1,0
460,150,310,2,1200,1,1,0
66,66,0,1,0,1,0,1
70,70,0,1,0,1,0,2
4378,1471,2907,19,27,11,8,0
14838,2048,12790,32,25,18,14,0
60,60,0,1,0,1,0,1
62,62,0,1,0,1,0,1
172,88,84,2,30,1,1,0
6123,3105,3018,16,38,8,8,0
74,74,0,1,0,1,0,1
70,70,0,1,0,1,0,2
770,102,668,2,30,1,1,0
213,89,124,4,31,2,2,0
1923,1474,449,10,20,6,4,0
66,66,0,1,0,1,0,2
185,102,83,2,31,1,1,0
70,70,0,1,0,1,0,2
257,110,147,2,30,1,1,0
66,66,0,1,0,1,0,2
70,70,0,1,0,1,0,2
528,528,0,9,1200,9,0,0
7914,1925,5989,20,15,11,9,0
305183,9715,295468,312,44,107,205,0
74,74,0,1,0,1,0,1
202,70,132,3,11,1,2,0
60,60,0,1,0,1,0,1
146,146,0,1,0,1,0,1
98,98,0,1,0,1,0,1
4916,2083,2833,24,43,13,11,0
262,88,174,4,59,2,2,0
70,70,0,1,0,1,0,2
60,60,0,1,0,1,0,1
4945,2798,2147,27,141,14,13,0
70,70,0,1,0,1,0,2
398,102,296,2,30,1,1,0
70,70,0,1,0,1,0,2
13562,3104,10458,38,201,22,16,0
199,94,105,2,30,1,1,0
70,70,0,1,0,1,0,2
168,78,90,2,30,1,1,0
2725,1610,1115,20,3600,10,10,0
168,78,90,2,30,1,1,0
66,66,0,1,0,1,0,2
66,66,0,1,0,1,0,2
211,110,101,2,30,1,1,0
66,66,0,1,0,1,0,1
26538,8416,18122,54,121,25,29,0
1239919,29325,1210594,1214,46,409,805,0
60,60,0,1,0,1,0,1
504,382,122,8,15,6,2,0
66,66,0,1,5,1,0,0
12611,3681,8930,26,61,15,11,0
62,62,0,1,0,1,0,1
5541,2778,2763,24,15,14,10,0
62,62,0,1,0,1,0,1
864,436,428,13,29,7,6,0
1373,712,661,14,105,8,6,0
172,88,84,2,30,1,1,0
8456,3501,4955,20,90,11,9,0
70,70,0,2,8,2,0,0
7256,1669,5587,27,318,15,12,0
183,94,89,2,30,1,1,0
60,60,0,1,0,1,0,1
196,102,94,2,30,1,1,0
62,62,0,1,0,1,0,1
8170,844,7326,17,42,7,10,0
70,70,0,1,0,1,0,2
70,70,0,1,0,1,0,2
70,70,0,1,0,1,0,2
178,94,84,2,30,1,1,0
74,74,0,1,0,1,0,1
137,137,0,1,0,1,0,1
62,62,0,1,0,1,0,1
70,70,0,1,0,1,0,2
62,62,0,1,0,1,0,1
62,62,0,1,0,1,0,1
318,192,126,6,34,4,2,0
195,78,117,2,30,1,1,0
62,62,0,1,0,1,0,1
66,66,0,1,0,1,0,2
70,70,0,1,0,1,0,2
578,286,292,9,15,5,4,0
4913,751,4162,18,28,8,10,0
768,99,669,2,30,1,1,0
62,62,0,1,0,1,0,1
9114,2713,6401,33,82,15,18,0
883,126,757,2,31,1,1,0
70,70,0,1,0,1,0,2
3354,1792,1562,46,195,23,23,0
183,94,89,2,29,1,1,0
70,70,0,1,0,1,0,2
66,66,0,1,0,1,0,1
316,136,180,6,5,3,3,0
66,66,0,1,0,1,0,1
376,94,282,2,30,1,1,0
70,70,0,1,0,1,0,2
66,66,0,1,0,1,0,2
60,60,0,1,0,1,0,1
66,66,0,1,0,1,0,2
62067,24127,37940,79,34,33,46,0
60,60,0,1,0,1,0,1
24895,2856,22039,46,270,22,24,0
66,66,0,1,0,1,0,2
66,66,0,1,0,1,0,2
353,94,259,2,30,1,1,0
62,62,0,1,0,1,0,1
70,70,0,1,4,1,0,0
5498,3406,2092,28,95,16,12,0
70,70,0,1,0,1,0,2
66,66,0,1,0,1,0,2
10223,3933,6290,49,115,22,27,0
126,60,66,3,4,2,1,0
62,62,0,1,0,1,0,1
70,70,0,1,4,1,0,0
179,86,93,2,30,1,1,0
499,425,74,4,0,3,1,0
17161,1619,15542,18,143,4,14,0
6363,1073,5290,18,38,10,8,0
70,70,0,1,5,1,0,0
766,102,664,2,30,1,1,0
1518,1396,122,12,45,10,2,0
718,94,624,2,31,1,1,0
268,93,175,4,58,2,2,0
62,62,0,1,0,1,0,1
8493,2314,6179,33,16,18,15,0
168,78,90,2,30,1,1,0
152,86,66,2,5,1,1,0
273,102,171,2,30,1,1,0
193,94,99,2,30,1,1,0
274,78,196,2,30,1,1,0
12339,2392,9947,36,287,15,21,0
3032,1082,1950,9,120,5,4,0
817,102,715,2,30,1,1,0
66,66,0,1,0,1,0,1
66,66,0,1,0,1,0,1
66,66,0,1,0,1,0,2
197,94,103,2,29,1,1,0
62,62,0,1,0,1,0,1
66,66,0,1,0,1,0,2
1726,963,763,13,80,7,6,0
66,66,0,1,0,1,0,2
66,66,0,1,0,1,0,2
70,70,0,1,0,1,0,2
70,70,0,1,0,1,0,2
2144,900,1244,11,26,7,4,0
469,403,66,4,0,3,1,0
60,60,0,1,0,1,0,1
66,66,0,1,0,1,0,2
306,180,126,6,26,4,2,0
70,70,0,1,0,1,0,2
768,99,669,2,30,1,1,0
82,82,0,1,30,1,0,0
70,70,0,2,8,2,0,0
70,70,0,1,0,1,0,2
240,94,146,2,29,1,1,0
277,102,175,2,30,1,1,0
177,94,83,2,30,1,1,0
194,102,92,2,29,1,1,0
1119,589,530,12,28,6,6,0
2895,1484,1411,10,15,6,4,0
233,91,142,2,31,1,1,0
236,78,158,2,30,1,1,0
62,62,0,1,0,1,0,1
4139,511,3628,12,15,6,6,0
66,66,0,1,0,1,0,1
66,66,0,1,0,1,0,2
2227,1224,1003,20,1200,11,9,0
214,110,104,2,30,1,1,0
232,88,144,2,31,1,1,0
70,70,0,1,0,1,0,2
5309,1043,4266,22,72,11,11,0
196,100,96,2,31,1,1,0
1401,940,461,11,29,7,4,0
3470,1776,1694,20,48,10,10,0
365,105,260,4,47,2,2,0
6866,1958,4908,21,20,13,8,0
2166,600,1566,10,45,6,4,0
251,102,149,2,30,1,1,0
157,157,0,1,0,1,0,1
70,70,0,1,4,1,0,0
146,146,0,1,0,1,0,1
66,66,0,1,0,1,0,1
66,66,0,1,0,1,0,2
70,70,0,2,9,2,0,0
66,66,0,1,0,1,0,1
10597,2910,7687,24,47,14,10,0
9083,2087,6996,28,18,16,12,0
1342,918,424,10,25,6,4,0
6974,1513,5461,21,81,11,10,0
62,62,0,1,0,1,0,1
22729,6539,16190,54,93,27,27,0
70,70,0,1,0,1,0,2
62,62,0,1,0,1,0,1
70,70,0,1,0,1,0,2
21083,3108,17975,45,80,24,21,0
146,146,0,1,0,1,0,1
196,94,102,2,30,1,1,0
62,62,0,1,0,1,0,1
261,198,63,2,29,1,1,0
178,91,87,2,31,1,1,0
66,66,0,1,0,1,0,2
66,66,0,1,0,1,0,2
186,95,91,2,31,1,1,0
5083,969,4114,18,32,10,8,0
66,66,0,1,0,1,0,2
66,66,0,1,0,1,0,1
70,70,0,1,0,1,0,2
66,66,0,1,0,1,0,1
4506,1599,2907,19,28,11,8,0
460,150,310,2,1200,1,1,0
2226,1077,1149,13,79,7,6,0
7648,2967,4681,23,15,13,10,0
62,62,0,1,0,1,0,1
62,62,0,1,0,1,0,1
9352,2524,6828,27,46,14,13,0
62,62,0,1,0,1,0,1
755,94,661,2,29,1,1,0
66,66,0,1,0,1,0,1
875,126,749,2,30,1,1,0
422,164,258,6,30,3,3,0
66,66,0,1,0,1,0,2
70,70,0,1,4,1,0,0
110070,5374,104696,112,156,36,76,0
9194,5026,4168,24,32,11,13,0
66,66,0,1,0,1,0,1
70,70,0,1,0,1,0,2
70,70,0,1,0,1,0,2
70,70,0,1,0,1,0,2
72,72,0,1,0,1,0,1
146,146,0,1,0,1,0,1
62,62,0,1,0,1,0,1
1513,694,819,10,15,5,5,0
66,66,0,1,0,1,0,1
177,94,83,2,30,1,1,0
70,70,0,1,0,1,0,2
1345,679,666,9,30,5,4,0
281,98,183,4,57,2,2,0
870,330,540,12,1298,6,6,0
62,62,0,1,0,1,0,1
66,66,0,1,0,1,0,1
62,62,0,1,0,1,0,3
10390,3051,7339,16,121,6,10,0
66,66,0,1,0,1,0,1
199,102,97,2,30,1,1,0
62,62,0,1,0,1,0,1
280,126,154,2,30,1,1,0
62,62,0,1,0,1,0,1
25540,8247,17293,187,574,79,108,0
66,66,0,1,0,1,0,2
271,85,186,4,30,2,2,0
172,94,78,2,30,1,1,0
70,70,0,1,0,1,0,2
70,70,0,1,0,1,0,2
1577,594,983,20,1624,10,10,0
70,70,0,1,0,1,0,2
6935,1415,5520,22,186,12,10,0
66,66,0,1,0,1,0,1
145,145,0,1,0,1,0,1
66,66,0,1,0,1,0,2
1201,707,494,12,35,7,5,0
6033,770,5263,18,15,8,10,0
70,70,0,1,5,1,0,0
66,66,0,1,0,1,0,2
6676,2316,4360,34,318,16,18,0
188,96,92,2,31,1,1,0
62,62,0,1,0,1,0,1
209,86,123,2,30,1,1,0
66,66,0,1,0,1,0,2
66,66,0,1,0,1,0,1
7914,1925,5989,20,15,11,9,0
26927,1133,25794,36,15,16,20,0
1635,945,690,15,72,8,7,0
146,146,0,1,0,1,0,1
216,110,106,2,30,1,1,0
70,70,0,1,0,1,0,2
70,70,0,1,5,1,0,0
62,62,0,1,0,1,0,1
3402,1258,2144,13,135,6,7,0
778,103,675,2,31,1,1,0
70,70,0,2,7,2,0,0
20313,6637,13676,45,24,23,22,0
210,78,132,2,30,1,1,0
168,78,90,2,30,1,1,0
66,66,0,1,0,1,0,2
168,78,90,2,29,1,1,0
70,70,0,1,0,1,0,2
4181,998,3183,14,27,7,7,0
66,66,0,1,0,1,0,2
70,70,0,1,0,1,0,2
62,62,0,1,0,1,0,1
9273,2712,6561,50,615,25,25,0
62,62,0,1,0,1,0,1
70,70,0,1,0,1,0,2
258,70,188,4,8,2,2,0
207418,4580,202838,194,143,50,144,0
70,70,0,1,0,1,0,2
66,66,0,1,0,1,0,1
3388,2236,1152,28,904,16,12,0
4470,1597,2873,16,138,8,8,0
13938,3220,10718,44,93,21,23,0
62,62,0,1,0,1,0,1
214,102,112,2,30,1,1,0
258,102,156,2,30,1,1,0
62,62,0,1,0,1,0,1
200,94,106,2,30,1,1,0
2227,1018,1209,17,16,8,9,0
61,61,0,1,0,1,0,1
62,62,0,1,0,1,0,1
66,66,0,1,0,1,0,1
3616,429,3187,11,16,6,5,0
558,318,240,9,143,5,4,0
62,62,0,1,0,1,0,1
62,62,0,1,0,1,0,1
767,102,665,2,31,1,1,0
66,66,0,1,0,1,0,1
480,244,236,4,0,2,2,0
5734,1543,4191,24,26,13,11,0
886,886,0,1,120,1,0,0
366,180,186,7,30,4,3,0
210,110,100,2,30,1,1,0
296,101,195,4,31,2,2,0
216,90,126,2,29,1,1,0
198,101,97,2,31,1,1,0
197,90,107,2,30,1,1,0
6789,1020,5769,20,101,11,9,0
145,145,0,1,0,1,0,1
209,102,107,2,30,1,1,0
225,110,115,2,30,1,1,0
66,66,0,1,0,1,0,1
552,306,246,9,38,5,4,0
162,162,0,1,0,1,0,1
193,102,91,2,31,1,1,0
70,70,0,1,0,1,0,2
66,66,0,1,0,1,0,2
62,62,0,1,0,1,0,1
78,78,0,1,0,1,0,1
6333,2018,4315,25,17,15,10,0
66,66,0,1,0,1,0,2
60,60,0,1,0,1,0,1
70,70,0,1,5,1,0,0
195,102,93,2,30,1,1,0
78,78,0,1,0,1,0,1
300,86,214,2,30,1,1,0
66,66,0,1,0,1,0,1
60,60,0,1,0,1,0,1
13119,3359,9760,39,120,19,20,0
70,70,0,1,0,1,0,2
66,66,0,1,0,1,0,1
60,60,0,1,0,1,0,1
5254,927,4327,20,84,9,11,0
100,100,0,1,0,1,0,1
320,94,226,2,30,1,1,0
200,102,98,2,30,1,1,0
66,66,0,1,0,1,0,2
193,102,91,2,30,1,1,0
66,66,0,1,0,1,0,1
314,192,122,6,15,4,2,0
66,66,0,1,0,1,0,1
70,70,0,1,0,1,0,1
199,94,105,2,30,1,1,0
62,62,0,1,0,1,0,1
734,102,632,2,30,1,1,0
72,72,0,1,0,1,0,1
70,70,0,1,4,1,0,0
70,70,0,1,4,1,0,0
432,246,186,7,40,4,3,0
202,103,99,2,31,1,1,0
66,66,0,1,0,1,0,1
70,70,0,1,5,1,0,0
70,70,0,1,0,1,0,2
70,70,0,1,0,1,0,2
10200,2180,8020,26,19,15,11,0
62,62,0,1,0,1,0,1
70,70,0,1,0,1,0,2
209,110,99,2,31,1,1,0
70,70,0,1,0,1,0,2
177,94,83,2,29,1,1,0
150,150,0,1,1200,1,0,0
62,62,0,1,0,1,0,1
13981183,155668,13825515,11482,136,2194,9288,0
8102,2685,5417,24,17,15,9,0
216,94,122,4,29,2,2,0
100,100,0,1,0,1,0,1
505589,13504,492085,462,345,91,371,0
3486,2064,1422,26,177,14,12,0
62,62,0,1,0,1,0,1
5378,2359,3019,35,3786,16,19,0
130,70,60,2,14,1,1,0
62,62,0,1,0,1,0,1
66,66,0,1,0,1,0,1
62,62,0,1,0,1,0,1
4700,1793,2907,19,28,11,8,0
130,70,60,2,5,1,1,0
196,102,94,2,30,1,1,0
66,66,0,1,0,1,0,1
188316,24744,163572,302,172,119,183,0
9160636,285656,8874980,9685,189,3160,6525,0
552,306,246,9,15,5,4,0
190,97,93,2,31,1,1,0
5516,1774,3742,21,46,13,8,0
10675,4478,6197,25,16,13,12,0
10377,3140,7237,23,52,11,12,0
70,70,0,1,0,1,0,2
258,70,188,4,9,2,2,0
62,62,0,1,0,1,0,1
11749346,149441,11599905,10089,147,2116,7973,0
2542,1879,663,12,14,6,6,0
66,66,0,1,0,1,0,1
186,95,91,2,31,1,1,0
70,70,0,2,7,2,0,0
7619,3064,4555,14,121,6,8,0
70,70,0,1,0,1,0,2
198,102,96,2,29,1,1,0
3354,1792,1562,46,194,23,23,0
62,62,0,1,0,1,0,1
66,66,0,1,0,1,0,1
62,62,0,1,0,1,0,1
62,62,0,1,0,1,0,1
66,66,0,1,0,1,0,1
18059,13615,4444,29,27,16,13,0
74,74,0,1,0,1,0,1
145,145,0,1,0,1,0,1
509,150,359,2,1199,1,1,0
172,94,78,2,30,1,1,0
174,89,85,2,31,1,1,0
70,70,0,1,0,1,0,2
240,98,142,2,29,1,1,0
9194,1066,8128,21,27,12,9,0
60,60,0,1,0,1,0,1
70,70,0,1,0,1,0,2
70,70,0,1,0,1,0,2
66,66,0,1,0,1,0,2
881,126,755,2,30,1,1,0
70,70,0,2,8,2,0,0
168,86,82,2,30,1,1,0
177,94,83,2,30,1,1,0
62,62,0,1,0,1,0,1
70,70,0,1,0,1,0,2
66,66,0,1,0,1,0,1
62,62,0,1,0,1,0,1
177,94,83,2,30,1,1,0
168,86,82,2,30,1,1,0
66,66,0,1,0,1,0,1
70,70,0,1,0,1,0,2
60,60,0,1,0,1,0,1
62,62,0,1,0,1,0,1
341,134,207,2,30,1,1,0
324,150,174,2,1199,1,1,0
62,62,0,1,0,1,0,1
70,70,0,1,0,1,0,2
190,97,93,2,30,1,1,0
180,94,86,2,31,1,1,0
70,70,0,1,0,1,0,2
145,145,0,1,0,1,0,1
426,118,308,2,31,1,1,0
309,102,207,4,53,2,2,0
139,139,0,1,0,1,0,1
1796,252,1544,5,31,3,2,0
212,102,110,2,30,1,1,0
7417,1760,5657,21,256,12,9,0
62,62,0,1,0,1,0,1
263,118,145,2,30,1,1,0
86,86,0,1,30,1,0,0
62,62,0,1,0,1,0,1
70,70,0,1,0,1,0,2
10816,1112,9704,22,125,10,12,0
13515,3057,10458,40,21,20,20,0
2406,1218,1188,21,16,11,10,0
1794,750,1044,12,4220,6,6,0
8302,3583,4719,24,17,14,10,0
8573,2039,6534,25,32,14,11,0
94949,5974,88975,118,148,45,73,0
4114,2535,1579,25,139,13,12,0
62,62,0,1,0,1,0,1
60,60,0,1,0,1,0,1
552,306,246,9,14,5,4,0
419763,12080,407683,429,16,147,282,0
200,102,98,2,31,1,1,0
211,110,101,2,30,1,1,0
214,140,74,4,25,3,1,0
70,70,0,1,0,1,0,2
179,94,85,2,30,1,1,0
887,126,761,2,31,1,1,0
62,62,0,1,0,1,0,1
66,66,0,1,0,1,0,1
793,101,692,2,31,1,1,0
132,132,0,3,1199,3,0,0
70,70,0,1,0,1,0,2
62,62,0,1,0,1,0,1
51651,48866,2785,74,20,38,36,0
70,70,0,1,0,1,0,2
209,110,99,2,30,1,1,0
179,94,85,2,31,1,1,0
10692,4532,6160,31,134,16,15,0
4730,1823,2907,19,28,11,8,0
196,102,94,2,30,1,1,0
738,86,652,2,30,1,1,0
62,62,0,1,0,1,0,1
66,66,0,1,0,1,0,1
62,62,0,1,0,1,0,1
70,70,0,1,0,1,0,2
70,70,0,1,0,1,0,2
60,60,0,1,0,1,0,1
20255,5440,14815,32,122,16,16,0
66,66,0,1,0,1,0,2
1056,682,374,10,15,6,4,0
75,75,0,1,0,1,0,1
192,98,94,2,31,1,1,0
70,70,0,1,0,1,0,2
10099,4296,5803,30,124,13,17,0
62,62,0,1,0,1,0,1
62,62,0,1,0,1,0,1
66,66,0,1,0,1,0,2
134,60,74,3,5,2,1,0
66,66,0,1,0,1,0,2
66,66,0,1,0,1,0,2
70,70,0,1,0,1,0,2
164,86,78,2,29,1,1,0
62,62,0,1,0,1,0,1
7338,2419,4919,19,17,12,7,0
3910,1805,2105,20,19,12,8,0
789207,20847,768360,812,23,294,518,0
62,62,0,1,0,1,0,1
228,118,110,2,1199,1,1,0
1625,1038,587,14,34,8,6,0
62,62,0,1,0,1,0,1
66,66,0,1,0,1,0,1
193,102,91,2,30,1,1,0
66,66,0,1,0,1,0,2
78,78,0,1,0,1,0,1
66,66,0,1,0,1,0,2
3697,2062,1635,16,61,9,7,0
239,94,145,2,29,1,1,0
62,62,0,1,0,1,0,1
66,66,0,1,0,1,0,1
6108,3916,2192,51,1143,31,20,0
70,70,0,1,0,1,0,2
9458,2227,7231,23,15,12,11,0
318,192,126,6,21,4,2,0
70,70,0,1,0,1,0,2
1745,1068,677,18,95,10,8,0
66,66,0,1,0,1,0,2
1579,421,1158,9,15,4,5,0
66,66,0,1,0,1,0,1
62,62,0,1,0,1,0,1
70,70,0,1,0,1,0,2
66,66,0,1,0,1,0,1
220,90,130,2,30,1,1,0
4318,726,3592,14,16,7,7,0
62,62,0,1,0,1,0,1
66,66,0,1,0,1,0,2
66,66,0,1,0,1,0,1
193,90,103,2,30,1,1,0
70,70,0,1,0,1,0,2
181,86,95,2,30,1,1,0
70,70,0,1,0,1,0,2
173218,14836,158382,227,48,114,113,0
183,94,89,2,30,1,1,0
66,66,0,1,0,1,0,1
66,66,0,1,0,1,0,2
186,95,91,2,31,1,1,0
3715,1791,1924,23,203,12,11,0
210,94,116,2,30,1,1,0
164,164,0,1,0,1,0,1
718,94,624,2,30,1,1,0
6693,1072,5621,18,26,10,8,0
60,60,0,1,0,1,0,1
4425,876,3549,15,29,8,7,0
211,78,133,2,30,1,1,0
210,102,108,2,30,1,1,0
70,70,0,1,0,1,0,2
196,102,94,2,30,1,1,0
70,70,0,1,0,1,0,2
1590,858,732,10,110,6,4,0
70,70,0,1,0,1,0,2
718,94,624,2,30,1,1,0
199757,7497,192260,216,45,80,136,0
66,66,0,1,0,1,0,2
62,62,0,1,0,1,0,1
66,66,0,1,0,1,0,2
70,70,0,1,0,1,0,2
1972,1464,508,15,16,7,8,0
6327,833,5494,19,26,10,9,0
188,96,92,2,31,1,1,0
167,86,81,2,29,1,1,0
66,66,0,1,0,1,0,1
182,93,89,2,31,1,1,0
6087687,127446,5960241,5920,28,1981,3939,0
70,70,0,1,4,1,0,0
94099,5885,88214,140,104,69,71,0
62,62,0,1,0,1,0,1
193,102,91,2,30,1,1,0
70,70,0,1,5,1,0,0
960,539,421,9,35,5,4,0
146,146,0,1,0,1,0,1
1209,656,553,13,16,8,5,0
533166,22786,510380,905,50,321,584,0
237,91,146,2,32,1,1,0
70,70,0,1,0,1,0,2
14030,7043,6987,32,123,18,14,0
6998,1906,5092,22,24,12,10,0
1067,650,417,10,35,6,4,0
487,180,307,6,26,4,2,0
499,425,74,4,0,3,1,0
168,78,90,2,29,1,1,0
177,94,83,2,31,1,1,0
70,70,0,1,0,1,0,2
17285,4005,13280,26,120,11,15,0
1013,566,447,8,162,5,3,0
183,94,89,2,29,1,1,0
1462,703,759,8,16,5,3,0
214,110,104,2,30,1,1,0
66,66,0,1,0,1,0,1
9937,4191,5746,27,17,13,14,0
11381441,121813,11259628,9309,119,1741,7568,0
10546,2453,8093,28,15,16,12,0
70,70,0,1,0,1,0,2
130,70,60,2,15,1,1,0
286,79,207,2,30,1,1,0
70,70,0,1,0,1,0,2
74,74,0,1,0,1,0,1
70,70,0,2,8,2,0,0
8963,2190,6773,18,138,8,10,0
70,70,0,1,0,1,0,2
48740,2961,45779,73,46,33,40,0
238,118,120,2,1200,1,1,0
166,86,80,2,31,1,1,0
74,74,0,1,0,1,0,1
482,210,272,8,15,4,4,0
146,146,0,1,0,1,0,1
178,94,84,2,30,1,1,0
62,62,0,1,0,1,0,1
3531,1965,1566,14,29,8,6,0
70,70,0,1,0,1,0,2
62,62,0,1,0,1,0,1
70,70,0,1,0,1,0,2
320,140,180,6,6,3,3,0
8095,2586,5509,38,90,19,19,0
66,66,0,1,0,1,0,1
146,146,0,1,0,1,0,1
186,95,91,2,31,1,1,0
209,110,99,2,29,1,1,0
60,60,0,1,0,1,0,1
62,62,0,1,0,1,0,1
330,105,225,4,37,2,2,0
49981,15486,34495,269,138,136,133,0
70,70,0,1,0,1,0,2
306,94,212,2,29,1,1,0
166,86,80,2,31,1,1,0
66,66,0,1,0,1,0,2
318,192,126,6,45,4,2,0
302,98,204,4,47,2,2,0
74,74,0,1,0,1,0,1
66,66,0,1,0,1,0,1
60,60,0,1,0,1,0,1
780,104,676,2,31,1,1,0
212,94,118,2,29,1,1,0
70,70,0,1,0,1,0,2
209,110,99,2,29,1,1,0
179,94,85,2,30,1,1,0
70,70,0,1,4,1,0,0
66,66,0,1,0,1,0,1
211,102,109,2,31,1,1,0
60,60,0,1,0,1,0,1
179,94,85,2,29,1,1,0
200,102,98,2,31,1,1,0
66,66,0,1,0,1,0,1
62,62,0,1,0,1,0,1
825,685,140,6,33,4,2,0
233,71,162,2,30,1,1,0
126490514,2726981,123763533,123275,553,41466,81809,0
70,70,0,1,0,1,0,2
146,146,0,1,0,1,0,1
66,66,0,1,0,1,0,2
70,70,0,1,0,1,0,2
70,70,0,1,0,1,0,2
9781,3108,6673,28,15,15,13,0
9415,9415,0,11,30,11,0,0
104444,4047,100397,122,126,52,70,0
66,66,0,1,0,1,0,1
150,150,0,1,1200,1,0,0
66,66,0,1,0,1,0,2
164,86,78,2,30,1,1,0
70,70,0,1,0,1,0,2
316,136,180,6,6,3,3,0
8127,1796,6331,21,79,12,9,0
66,66,0,1,0,1,0,1
168,78,90,2,30,1,1,0
70,70,0,1,0,1,0,2
82,82,0,2,31,2,0,0
4116645,96572,4020073,4029,58,1356,2673,0
251620,16028,235592,353,371,159,194,0
66,66,0,1,0,1,0,2
179,86,93,2,30,1,1,0
60,60,0,1,0,1,0,1
146,146,0,1,0,1,0,1
66,66,0,1,0,1,0,2
66,66,0,1,0,1,0,1
3153,2232,921,15,15,8,7,0
168,78,90,2,29,1,1,0
226,86,140,2,30,1,1,0
66,66,0,1,0,1,0,1
198,101,97,2,31,1,1,0
186,95,91,2,31,1,1,0
66,66,0,1,0,1,0,1
195,102,93,2,30,1,1,0
3403,1891,1512,24,42,13,11,0
66,66,0,1,0,1,0,2
229,102,127,2,30,1,1,0
721741,131746,589995,1518,322,787,731,0
66,66,0,1,0,1,0,2
66,66,0,1,0,1,0,1
200,102,98,2,29,1,1,0
70,70,0,1,0,1,0,2
70,70,0,1,0,1,0,2
146,146,0,1,0,1,0,1
70,70,0,1,0,1,0,2
4735,3589,1146,18,15,10,8,0
66,66,0,1,0,1,0,2
62,62,0,1,0,1,0,1
886,126,760,2,30,1,1,0
62,62,0,1,5,1,0,0
62,62,0,1,0,1,0,1
66,66,0,1,0,1,0,1
66,66,0,2,7,2,0,0
66,66,0,1,0,1,0,1
9034,1860,7174,17,16,8,9,0
70,70,0,1,0,1,0,2
62,62,0,1,0,1,0,1
6435,1089,5346,18,75,9,9,0
4362,1145,3217,17,26,9,8,0
9705,4332,5373,32,321,17,15,0
66,66,0,1,0,1,0,1
8926,2746,6180,27,46,16,11,0
1503,984,519,13,31,8,5,0
146,146,0,1,0,1,0,1
137024,6442,130582,171,109,61,110,0
12411,7888,4523,33,17,19,14,0
285,103,182,4,50,2,2,0
164,78,86,2,30,1,1,0
66,66,0,1,0,1,0,2
6100,580,5520,17,53,5,12,0
5677,918,4759,18,15,10,8,0
156,156,0,2,0,2,0,1
258,110,148,2,30,1,1,0
62,62,0,1,0,1,0,1
66,66,0,1,0,1,0,2
4851,1269,3582,21,148,9,12,0
70,70,0,1,0,1,0,2
66,66,0,1,0,1,0,2
62,62,0,1,0,1,0,1
209,110,99,2,30,1,1,0
62,62,0,1,0,1,0,1
70,70,0,1,0,1,0,2
62,62,0,1,0,1,0,1
1236,676,560,13,15,7,6,0
66,66,0,1,0,1,0,1
443,182,261,6,30,3,3,0
66,66,0,1,0,1,0,2
62,62,0,1,0,1,0,1
6760,1346,5414,18,325,9,9,0
481,150,331,2,1201,1,1,0
66,66,0,1,0,1,0,1
60,60,0,1,0,1,0,1
5954,1607,4347,27,215,14,13,0
70,70,0,1,0,1,0,2
70,70,0,1,5,1,0,0
564,318,246,9,15,5,4,0
70,70,0,2,8,2,0,0
324,110,214,2,30,1,1,0
4266,1776,2490,20,367,11,9,0
193,102,91,2,31,1,1,0
177,94,83,2,29,1,1,0
233,91,142,2,31,1,1,0
6334,910,5424,20,360,10,10,0
66,66,0,1,0,1,0,2
388,134,254,2,30,1,1,0
70,70,0,1,0,1,0,2
146,146,0,1,0,1,0,1
70,70,0,1,0,1,0,2
66,66,0,1,0,1,0,1
101,101,0,2,34,2,0,0
1469,979,490,10,125,6,4,0
1806,1806,0,22,224,22,0,0
146,146,0,1,0,1,0,1
146,146,0,1,0,1,0,1
70,70,0,1,0,1,0,2
62,62,0,1,0,1,0,1
86,86,0,1,30,1,0,0
66,66,0,1,0,1,0,1
164,84,80,2,31,1,1,0
66,66,0,1,0,1,0,1
259,118,141,2,30,1,1,0
70,70,0,1,0,1,0,2
178,82,96,2,30,1,1,0
62,62,0,1,0,1,0,1
311,94,217,2,30,1,1,0
92427,4519,87908,105,15,39,66,0
66,66,0,1,0,1,0,2
14344,1146,13198,25,19,11,14,0
10434,1041,9393,20,45,11,9,0
70,70,0,1,30,1,0,0
11313,2617,8696,27,47,15,12,0
66,66,0,1,0,1,0,2
70,70,0,1,0,1,0,2
5045,2005,3040,14,119,7,7,0
499,425,74,4,0,3,1,0
182,81,101,2,30,1,1,0
434,226,208,7,28,4,3,0
4234,2185,2049,36,1099,16,20,0
7209,2331,4878,20,23,11,9,0
1658,1247,411,8,15,5,3,0
66,66,0,1,0,1,0,1
195,102,93,2,30,1,1,0
70,70,0,1,0,1,0,2
70,70,0,1,0,1,0,2
70,70,0,1,0,1,0,2
70,70,0,2,7,2,0,0
4362,1145,3217,17,26,9,8,0
194,99,95,2,30,1,1,0
9125,2616,6509,30,76,14,16,0
62,62,0,1,0,1,0,1
228,110,118,2,30,1,1,0
361,361,0,1,0,1,0,1
70,70,0,2,8,2,0,0
70,70,0,1,0,1,0,2
216,98,118,2,30,1,1,0
884,126,758,2,30,1,1,0
9121,2486,6635,22,45,13,9,0
1173,665,508,13,16,7,6,0
410,210,200,7,92,4,3,0
2158,1419,739,11,150,6,5,0
146,146,0,1,0,1,0,1
4039,2616,1423,24,45,14,10,0
7856,2410,5446,30,17,16,14,0
711,87,624,2,30,1,1,0
66,66,0,1,0,1,0,2
70,70,0,1,0,1,0,2
198,102,96,2,29,1,1,0
66,66,0,1,0,1,0,2
1386,751,635,15,181,8,7,0
3928,2467,1461,27,144,14,13,0
448,78,370,7,20,2,5,0
748,95,653,2,31,1,1,0
1466,856,610,13,27,6,7,0
62,62,0,1,0,1,0,1
66,66,0,1,0,1,0,1
193,102,91,2,30,1,1,0
146,146,0,1,0,1,0,1
8754,2616,6138,34,96,19,15,0
12521,2892,9629,64,356,27,37,0
8882,3013,5869,29,137,14,15,0
70,70,0,1,0,1,0,2
377,94,283,2,30,1,1,0
62,62,0,1,0,1,0,1
70,70,0,1,0,1,0,2
251,94,157,2,29,1,1,0
70,70,0,1,0,1,0,2
70,70,0,1,0,1,0,2
78,78,0,1,0,1,0,1
1743,1164,579,16,25,10,6,0
70,70,0,2,8,2,0,0
5747,1892,3855,19,16,11,8,0
184,94,90,2,30,1,1,0
70,70,0,1,0,1,0,2
84945,5052,79893,120,360,61,59,0
66,66,0,1,0,1,0,2
70,70,0,1,0,1,0,2
60,60,0,1,0,1,0,1
225,110,115,2,30,1,1,0
183,94,89,2,30,1,1,0
198,89,109,2,30,1,1,0
184,102,82,2,30,1,1,0
188,96,92,2,31,1,1,0
62,62,0,1,0,1,0,1
230,91,139,2,30,1,1,0
70,70,0,2,7,2,0,0
148,86,62,2,30,1,1,0
70,70,0,1,0,1,0,2
62,62,0,1,0,1,0,1
1323,335,988,10,15,5,5,0
70,70,0,2,9,2,0,0
5656,1009,4647,24,87,10,14,0
62,62,0,1,0,1,0,1
279,93,186,4,32,2,2,0
62,62,0,1,0,1,0,1
216,110,106,2,30,1,1,0
78,78,0,1,30,1,0,0
178,94,84,2,30,1,1,0
62,62,0,1,0,1,0,1
66,66,0,1,0,1,0,1
1118864,18787,1100077,1036,132,280,756,0
62,62,0,1,0,1,0,1
198,110,88,2,30,1,1,0
152,78,74,2,29,1,1,0
62,62,0,1,0,1,0,1
62,62,0,1,0,1,0,1
211,110,101,2,30,1,1,0
188,96,92,2,30,1,1,0
60,60,0,1,0,1,0,1
70,70,0,2,8,2,0,0
197,94,103,2,30,1,1,0
243,102,141,2,30,1,1,0
64440,16508,47932,101,142,44,57,0
66,66,0,1,0,1,0,1
62,62,0,1,0,1,0,1
70,70,0,1,0,1,0,2
146,146,0,1,0,1,0,1
168,78,90,2,30,1,1,0
62,62,0,1,0,1,0,1
62,62,0,1,0,1,0,1
9976,3230,6746,22,56,13,9,0
6363,3093,3270,36,130,19,17,0
2941,1499,1442,10,16,6,4,0
376,126,250,2,29,1,1,0
195,102,93,2,29,1,1,0
62,62,0,1,0,1,0,1
6453,1210,5243,14,23,8,6,0
70,70,0,1,0,1,0,2
70,70,0,1,0,1,0,2
275011,235921,39090,651,350,363,288,0
1233,902,331,12,17,8,4,0
13155,3815,9340,29,24,13,16,0
70,70,0,1,0,1,0,2
195,102,93,2,29,1,1,0
320,140,180,6,5,3,3,0
66,66,0,1,0,1,0,1
86,86,0,1,60,1,0,0
168,78,90,2,30,1,1,0
66,66,0,1,0,1,0,1
10260,1360,8900,22,18,7,15,0
23168,3380,19788,36,19,18,18,0
18963,9580,9383,211,348,109,102,0
146,146,0,1,0,1,0,1
5372,1221,4151,23,18,14,9,0
304,110,194,4,34,2,2,0
146,146,0,1,0,1,0,1
711,87,624,2,30,1,1,0
245,245,0,2,30,2,0,0
62,62,0,1,0,1,0,1
66,66,0,1,0,1,0,1
70,70,0,1,0,1,0,2
62,62,0,1,0,1,0,1
252,78,174,2,30,1,1,0
200,94,106,2,30,1,1,0
66,66,0,1,0,1,0,2
225,110,115,2,30,1,1,0
384,166,218,2,29,1,1,0
215,102,113,2,30,1,1,0
754,94,660,2,31,1,1,0
940,502,438,14,18,7,7,0
404,259,145,3,32,2,1,0
2653,1558,1095,18,124,10,8,0
62,62,0,1,0,1,0,1
1996,691,1305,10,359,6,4,0
15452,3787,11665,36,62,19,17,0
62,62,0,1,0,1,0,1
1307,649,658,8,75,5,3,0
9238,3472,5766,43,75,24,19,0
10385,4932,5453,21,135,9,12,0
6350,1369,4981,18,151,9,9,0
66,66,0,1,0,1,0,2
183,94,89,2,31,1,1,0
24984,2042,22942,41,32,19,22,0
6394,3923,2471,42,176,22,20,0
320,140,180,6,7,3,3,0
70,70,0,1,0,1,0,2
70,70,0,1,0,1,0,2
70,70,0,1,4,1,0,0
70,70,0,1,0,1,0,2
906,126,780,2,30,1,1,0
1143,672,471,12,129,7,5,0
66,66,0,1,0,1,0,1
70,70,0,1,0,1,0,2
70,70,0,1,0,1,0,2
148,148,0,1,0,1,0,1
304,86,218,2,30,1,1,0
748,95,653,2,30,1,1,0
130,70,60,2,15,1,1,0
70,70,0,1,0,1,0,2
49938,20855,29083,165,216,81,84,0
66,66,0,1,0,1,0,1
250,78,172,2,31,1,1,0
1676620,41953,1634667,1725,25,636,1089,0
7937,3883,4054,65,4602,25,40,0
1589,941,648,11,121,6,5,0
221,75,146,2,30,1,1,0
184,94,90,2,30,1,1,0
876,126,750,3,31,2,1,0
66,66,0,1,0,1,0,1
60,60,0,1,0,1,0,1
70,70,0,1,0,1,0,2
883,126,757,2,30,1,1,0
58975,3359,55616,78,26,34,44,0
231,88,143,2,32,1,1,0
1262,1262,0,1,0,1,0,1
70,70,0,1,0,1,0,2
889,126,763,2,30,1,1,0
186,102,84,2,30,1,1,0
816,102,714,2,30,1,1,0
499,425,74,4,0,3,1,0
70,70,0,1,5,1,0,0
6015,3964,2051,32,361,18,14,0
884,464,420,13,28,7,6,0
70,70,0,1,30,1,0,0
255,78,177,2,30,1,1,0
10240,2295,7945,38,121,20,18,0
70,70,0,1,0,1,0,2
146,146,0,1,0,1,0,1
66,66,0,1,0,1,0,2
15730,2196,13534,32,436,17,15,0
184,78,106,3,10,2,1,0
3499,1732,1767,15,16,9,6,0
338,110,228,2,30,1,1,0
18542,1778,16764,30,17,15,15,0
62,62,0,1,0,1,0,1
237,91,146,2,32,1,1,0
60,60,0,1,0,1,0,1
62,62,0,1,0,1,0,1
755,94,661,2,30,1,1,0
62,62,0,1,0,1,0,1
756,95,661,2,31,1,1,0
204,118,86,2,31,1,1,0
198,102,96,2,29,1,1,0
118,118,0,1,1200,1,0,0
639,279,360,8,121,4,4,0
82,82,0,1,30,1,0,0
816,102,714,2,30,1,1,0
66,66,0,1,0,1,0,2
172,94,78,2,30,1,1,0
70,70,0,1,0,1,0,2
62,62,0,1,0,1,0,1
70,70,0,1,0,1,0,2
35031,3490,31541,60,363,28,32,0
33489,19602,13887,98,43,51,47,0
410,100,310,4,55,2,2,0
225,102,123,2,30,1,1,0
62,62,0,1,0,1,0,1
70,70,0,2,8,2,0,0
177,94,83,2,31,1,1,0
5108,700,4408,15,15,7,8,0
236,86,150,2,30,1,1,0
1832,1113,719,18,110,10,8,0
14262,5874,8388,31,138,15,16,0
216,102,114,2,30,1,1,0
1413,85,1328,4,47,2,2,0
66,66,0,1,0,1,0,2
182677,4908,177769,213,25,73,140,0
1568,759,809,17,43,9,8,0
167,86,81,2,30,1,1,0
62,62,0,1,0,1,0,1
51742,10734,41008,85,44,33,52,0
8443,1430,7013,17,141,8,9,0
412,90,322,4,34,2,2,0
62,62,0,1,0,1,0,1
624,318,306,10,15,5,5,0
70,70,0,1,0,1,0,2
1095845,7641,1088204,839,35,114,725,0
190,97,93,2,31,1,1,0
13187,2075,11112,35,420,11,24,0
190,97,93,2,30,1,1,0
4072,434,3638,12,15,6,6,0
70,70,0,1,0,1,0,2
3440,2371,1069,17,96,10,7,0
8981,4625,4356,22,135,11,11,0
70,70,0,1,0,1,0,2
70,70,0,1,0,1,0,2
66,66,0,1,0,1,0,1
343,100,243,4,52,2,2,0
4572,1665,2907,19,27,11,8,0
25370,5607,19763,40,138,18,22,0
70,70,0,1,0,1,0,2
385,102,283,2,30,1,1,0
66,66,0,1,0,1,0,1
70,70,0,1,0,1,0,2
35092,3319,31773,48,31,21,27,0
70,70,0,1,0,1,0,2
66,66,0,1,0,1,0,2
70,70,0,1,0,1,0,2
169,169,0,1,0,1,0,1
3096,962,2134,13,135,6,7,0
70,70,0,1,0,1,0,2
70,70,0,1,0,1,0,2
7097,3553,3544,15,31,8,7,0
78,78,0,1,30,1,0,0
70,70,0,1,0,1,0,2
66,66,0,1,0,1,0,2
62,62,0,1,0,1,0,1
164,86,78,2,30,1,1,0
422,164,258,6,30,3,3,0
5167,700,4467,16,15,7,9,0
9215,1795,7420,32,140,16,16,0
711,87,624,2,31,1,1,0
70,70,0,1,5,1,0,0
66,66,0,1,0,1,0,1
6489,1065,5424,22,255,12,10,0
1377,300,1077,6,1200,3,3,0
70,70,0,1,0,1,0,2
62,62,0,1,0,1,0,1
509,150,359,2,1199,1,1,0
199,102,97,2,30,1,1,0
312,140,172,4,30,2,2,0
8031,1915,6116,24,17,12,12,0
330,330,0,6,1199,6,0,0
211,102,109,2,30,1,1,0
66,66,0,1,0,1,0,2
182,93,89,2,31,1,1,0
181,94,87,2,29,1,1,0
2163,676,1487,14,15,7,7,0
7218,4166,3052,38,133,19,19,0
7280,1441,5839,17,89,9,8,0
3923,2459,1464,17,17,8,9,0
62,62,0,1,0,1,0,1
66,66,0,1,0,1,0,2
6220,1790,4430,19,120,10,9,0
66,66,0,1,0,1,0,2
70,70,0,1,0,1,0,2
62,62,0,1,0,1,0,1
70,70,0,1,5,1,0,0
62,62,0,1,0,1,0,1
45394,5743,39651,133,233,49,84,0
60,60,0,1,0,1,0,1
325,102,223,2,30,1,1,0
1114,534,580,12,15,7,5,0
78,78,0,1,0,1,0,1
70,70,0,1,0,1,0,2
2189,1143,1046,10,16,6,4,0
199,102,97,2,30,1,1,0
178,94,84,2,29,1,1,0
210,110,100,2,29,1,1,0
8453,961,7492,18,20,9,9,0
459,94,365,4,45,2,2,0
182,93,89,2,30,1,1,0
62,62,0,1,0,1,0,1
763,434,329,8,14,5,3,0
62,62,0,1,0,1,0,1
6180,1241,4939,18,982,8,10,0
70,70,0,1,0,1,0,2
117116,5692,111424,153,18,56,97,0
213,102,111,2,30,1,1,0
7775,3104,4671,18,76,10,8,0
62,62,0,1,0,1,0,1
62,62,0,1,0,1,0,1
161,161,0,1,0,1,0,1
16032,13508,2524,37,36,19,18,0
66,66,0,1,0,1,0,1
155070,7155,147915,186,81,74,112,0
2882,1622,1260,20,86,10,10,0
2948,782,2166,10,121,5,5,0
1056,362,694,10,49,6,4,0
198,102,96,2,30,1,1,0
888,126,762,2,30,1,1,0
164,86,78,2,30,1,1,0
66,66,0,1,0,1,0,2
992,524,468,10,125,6,4,0
1196,682,514,12,15,6,6,0
11828,2811,9017,31,76,16,15,0
145,145,0,1,0,1,0,1
70,70,0,1,0,1,0,2
21163,16003,5160,47,151,30,17,0
60,60,0,1,0,1,0,1
240,78,162,2,30,1,1,0
62,62,0,1,0,1,0,1
4462,500,3962,13,15,7,6,0
1210,637,573,14,51,7,7,0
186,95,91,2,31,1,1,0
8385,3143,5242,35,98,18,17,0
443,182,261,6,30,3,3,0
70,70,0,1,0,1,0,2
70,70,0,1,0,1,0,2
146,146,0,1,0,1,0,1
245,110,135,2,30,1,1,0
66,66,0,1,0,1,0,2
62,62,0,1,0,1,0,1
4023,620,3403,14,15,7,7,0
1574,1089,485,13,15,8,5,0
70,70,0,1,0,1,0,2
66,66,0,1,0,1,0,1
66,66,0,1,0,1,0,1
66,66,0,1,0,1,0,1
193,102,91,2,31,1,1,0
166,86,80,2,30,1,1,0
62,62,0,1,0,1,0,1
1991,1190,801,21,32,11,10,0
4743,1836,2907,19,26,11,8,0
66,66,0,1,0,1,0,2
216,110,106,2,29,1,1,0
270,94,176,2,30,1,1,0
216,110,106,2,30,1,1,0
10328,5341,4987,26,35,13,13,0
995086,50081,945005,1281,216,515,766,0
66,66,0,1,0,1,0,2
70,70,0,1,0,1,0,2
66,66,0,1,0,1,0,2
23856,3218,20638,40,18,16,24,0
66,66,0,1,0,1,0,1
262,90,172,4,53,2,2,0
239,94,145,2,30,1,1,0
832,106,726,2,30,1,1,0
70,70,0,1,0,1,0,2
16580,1400,15180,33,48,15,18,0
70,70,0,1,0,1,0,2
356,118,238,2,29,1,1,0
21812,900,20912,27,26,9,18,0
66,66,0,1,0,1,0,1
216,90,126,2,29,1,1,0
66,66,0,1,0,1,0,1
8396,1919,6477,27,116,12,15,0
211,102,109,2,30,1,1,0
66,66,0,1,5,1,0,0
66,66,0,1,0,1,0,2
177,94,83,2,29,1,1,0
66,66,0,1,5,1,0,0
5995,974,5021,19,66,10,9,0
200,94,106,2,29,1,1,0
66,66,0,1,0,1,0,2
396,66,330,7,17,2,5,0
70,70,0,2,8,2,0,0
62,62,0,1,0,1,0,1
62,62,0,1,0,1,0,1
23929,10333,13596,51,43,25,26,0
251092,8989,242103,282,123,98,184,0
10138,2213,7925,27,30,16,11,0
16200,10803,5397,42,18,24,18,0
70,70,0,1,0,1,0,2
194,87,107,2,30,1,1,0
66,66,0,1,0,1,0,1
9224,2055,7169,37,41,19,18,0
13459,1604,11855,27,187,14,13,0
70,70,0,1,0,1,0,2
60,60,0,1,0,1,0,1
86,86,0,1,0,1,0,1
66,66,0,1,0,1,0,2
241,94,147,2,29,1,1,0
70,70,0,1,4,1,0,0
66,66,0,1,0,1,0,1
193,102,91,2,29,1,1,0
47048,9293,37755,63,412,28,35,0
70,70,0,1,0,1,0,2
184,94,90,2,30,1,1,0
70,70,0,1,0,1,0,2
1854,735,1119,8,16,5,3,0
62,62,0,1,0,1,0,1
62,62,0,1,0,1,0,1
66,66,0,1,0,1,0,2
875,126,749,2,29,1,1,0
60,60,0,1,0,1,0,1
6885,3239,3646,53,190,24,29,0
1403,651,752,10,16,6,4,0
177,94,83,2,31,1,1,0
66,66,0,1,0,1,0,1
12683,8567,4116,53,271,33,20,0
70,70,0,1,5,1,0,0
49428,2702,46726,70,136,30,40,0
1638,1324,314,10,15,5,5,0
70,70,0,1,0,1,0,2
66,66,0,1,0,1,0,2
7673,1637,6036,31,23,16,15,0
170,87,83,2,30,1,1,0
1597,783,814,10,15,5,5,0
499,425,74,4,0,3,1,0
62,62,0,1,0,1,0,1
62,62,0,1,0,1,0,1
199,102,97,2,30,1,1,0
298,102,196,2,30,1,1,0
268,89,179,4,45,2,2,0
70,70,0,1,0,1,0,2
70,70,0,1,5,1,0,0
199,94,105,2,30,1,1,0
70,70,0,1,0,1,0,2
5614,733,4881,16,15,9,7,0
70,70,0,1,0,1,0,2
66,66,0,1,0,1,0,1
1294,594,700,20,1781,10,10,0
229,90,139,2,30,1,1,0
21194,5779,15415,118,115,47,71,0
399,86,313,4,49,2,2,0
146,146,0,1,0,1,0,1
66,66,0,1,0,1,0,1
60,60,0,1,0,1,0,1
172,88,84,2,31,1,1,0
734,94,640,2,29,1,1,0
66,66,0,1,0,1,0,1
96323,4044,92279,113,139,44,69,0
422,140,282,6,16,3,3,0
26468,3325,23143,41,147,16,25,0
817,102,715,2,30,1,1,0
66,66,0,1,0,1,0,1
2343,1296,1047,17,196,10,7,0
821,97,724,2,30,1,1,0
62,62,0,1,0,1,0,1
66,66,0,1,0,1,0,1
327,102,225,2,30,1,1,0
216,110,106,2,29,1,1,0
62,62,0,1,0,1,0,1
182,102,80,2,29,1,1,0
62,62,0,1,0,1,0,1
70,70,0,1,0,1,0,2
199,102,97,2,30,1,1,0
60,60,0,1,0,1,0,1
338,110,228,2,30,1,1,0
143,143,0,1,0,1,0,1
62,62,0,1,0,1,0,1
312,132,180,6,6,3,3,0
13978,8842,5136,46,52,26,20,0
62,62,0,1,0,1,0,1
6094,1073,5021,19,15,10,9,0
186,95,91,2,31,1,1,0
66,66,0,1,0,1,0,1
66,66,0,1,0,1,0,2
209,110,99,2,30,1,1,0
70,70,0,1,0,1,0,2
707,94,613,2,30,1,1,0
184,94,90,2,30,1,1,0
66,66,0,1,0,1,0,2
66,66,0,1,0,1,0,1
146,146,0,1,0,1,0,1
24341,15170,9171,78,461,39,39,0
60,60,0,1,0,1,0,1
66,66,0,1,0,1,0,2
177,94,83,2,30,1,1,0
4697,1470,3227,20,131,9,11,0
62,62,0,1,0,1,0,1
25979,7217,18762,36,15,19,17,0
228,75,153,4,31,2,2,0
62,62,0,1,0,1,0,1
70,70,0,2,8,2,0,0
875,126,749,2,30,1,1,0
66,66,0,1,0,1,0,2
391,102,289,2,30,1,1,0
66,66,0,1,0,1,0,1
66,66,0,1,0,1,0,1
66,66,0,1,0,1,0,2
209,110,99,2,30,1,1,0
6647,4891,1756,23,21,13,10,0
184,94,90,2,30,1,1,0
59122,7352,51770,85,322,41,44,0
184,94,90,2,30,1,1,0
66,66,0,1,0,1,0,1
193,102,91,2,31,1,1,0
196,102,94,2,29,1,1,0
79513,7480,72033,106,122,39,67,0
66,66,0,1,0,1,0,2
62,62,0,1,0,1,0,1
241272,234761,6511,2872,89,2833,39,0
70,70,0,1,0,1,0,2
172,94,78,2,30,1,1,0
1622,126,1496,4,31,2,2,0
66,66,0,1,0,1,0,1
177,94,83,2,30,1,1,0
193,102,91,2,29,1,1,0
70,70,0,2,7,2,0,0
316,136,180,6,5,3,3,0
199,102,97,2,30,1,1,0
198,101,97,2,30,1,1,0
779,110,669,2,30,1,1,0
62,62,0,1,0,1,0,1
334,158,176,2,1200,1,1,0
70,70,0,1,0,1,0,2
62,62,0,1,0,1,0,1
60,60,0,1,0,1,0,1
60,60,0,1,0,1,0,1
66,66,0,1,0,1,0,2
177,94,83,2,30,1,1,0
99,99,0,1,30,1,0,0
70,70,0,1,0,1,0,2
499,425,74,4,0,3,1,0
66,66,0,1,0,1,0,1
276,126,150,2,30,1,1,0
66,66,0,1,0,1,0,1
480,244,236,4,0,2,2,0
389,110,279,2,30,1,1,0
448,78,370,6,25,1,5,0
66,66,0,1,0,1,0,2
66,66,0,1,0,1,0,1
78,78,0,1,0,1,0,1
66,66,0,1,0,1,0,2
66,66,0,1,0,1,0,2
8774,3355,5419,19,36,11,8,0
165,86,79,2,30,1,1,0
70,70,0,2,8,2,0,0
760,97,663,2,31,1,1,0
182,62,120,4,30,2,2,0
62,62,0,1,0,1,0,1
14205,1527,12678,13,145,2,11,0
72,72,0,1,0,1,0,1
146,146,0,1,0,1,0,1
1806,1806,0,22,225,22,0,0
66,66,0,1,0,1,0,1
36974,3935,33039,56,61,27,29,0
70,70,0,1,0,1,0,2
7440,4032,3408,48,629,25,23,0
8394,3155,5239,28,271,16,12,0
183,94,89,2,30,1,1,0
183,94,89,2,30,1,1,0
62,62,0,1,0,1,0,1
4976,1826,3150,19,151,9,10,0
499,425,74,4,0,3,1,0
199,102,97,2,30,1,1,0
177,94,83,2,30,1,1,0
70,70,0,1,5,1,0,0
70,70,0,1,0,1,0,2
758,93,665,2,30,1,1,0
70,70,0,1,0,1,0,2
16427,3830,12597,28,25,12,16,0
994,86,908,2,30,1,1,0
194,102,92,2,30,1,1,0
5341,2434,2907,19,135,9,10,0
448,78,370,6,24,1,5,0
70,70,0,1,0,1,0,2
921,126,795,2,31,1,1,0
86,86,0,1,30,1,0,0
320,320,0,5,0,5,0,0
318,192,126,6,26,4,2,0
33344,25806,7538,105,130,56,49,0
70,70,0,1,0,1,0,2
70,70,0,2,7,2,0,0
146,146,0,1,0,1,0,1
2960,1928,1032,13,75,8,5,0
5861,1151,4710,18,34,10,8,0
66,66,0,1,0,1,0,2
62,62,0,1,0,1,0,1
70,70,0,1,4,1,0,0
499,425,74,4,0,3,1,0
66,66,0,1,0,1,0,1
66,66,0,1,0,1,0,2
197,102,95,2,31,1,1,0
184,94,90,2,29,1,1,0
146,146,0,1,0,1,0,1
66,66,0,1,0,1,0,2
371,126,245,2,30,1,1,0
7283,2384,4899,25,361,12,13,0
178,94,84,2,30,1,1,0
234,234,0,4,12,4,0,0
60,60,0,1,0,1,0,1
70,70,0,1,0,1,0,2
8180,2643,5537,19,121,9,10,0
12022,2731,9291,53,20,26,27,0
66,66,0,1,0,1,0,1
70,70,0,1,0,1,0,2
60,60,0,1,0,1,0,1
62,62,0,1,0,1,0,1
194,94,100,2,31,1,1,0
53826,3670,50156,85,275,41,44,0
70,70,0,1,0,1,0,2
62,62,0,1,0,1,0,1
323,94,229,2,30,1,1,0
70,70,0,1,0,1,0,2
70,70,0,1,0,1,0,2
70,70,0,1,0,1,0,2
70,70,0,1,0,1,0,2
6990,2057,4933,19,121,9,10,0
180,94,86,2,30,1,1,0
5278,1026,4252,20,15,11,9,0
324,150,174,2,1200,1,1,0
70,70,0,1,0,1,0,2
824,469,355,9,360,5,4,0
62,62,0,1,0,1,0,1
11281,5398,5883,21,125,11,10,0
62,62,0,1,0,1,0,1
70,70,0,1,0,1,0,2
146,146,0,1,0,1,0,1
1332,876,456,11,56,6,5,0
146,146,0,1,0,1,0,1
190,97,93,2,31,1,1,0
136,136,0,3,14,3,0,0
82,82,0,1,0,1,0,1
11570,3005,8565,43,255,20,23,0
62,62,0,1,0,1,0,1
200,102,98,2,29,1,1,0
250,86,164,4,30,2,2,0
1671,862,809,10,15,5,5,0
220,90,130,2,30,1,1,0
156,94,62,2,30,1,1,0
70,70,0,2,8,2,0,0
5907,2302,3605,22,30,11,11,0
1494,954,540,13,51,8,5,0
4019,1462,2557,21,120,11,10,0
199,102,97,2,31,1,1,0
499,425,74,4,0,3,1,0
144,82,62,2,30,1,1,0
70,70,0,1,0,1,0,2
9739,3414,6325,59,928,30,29,0
66,66,0,1,0,1,0,1
4373,1466,2907,19,28,11,8,0
70,70,0,1,5,1,0,0
66,66,0,1,0,1,0,2
3850,1745,2105,19,18,11,8,0
70,70,0,1,0,1,0,2
4618,840,3778,16,26,9,7,0
70,70,0,1,0,1,0,2
3951,3437,514,13,15,8,5,0
66,66,0,1,0,1,0,1
62,62,0,1,0,1,0,1
66,66,0,1,0,1,0,1
70,70,0,1,0,1,0,2
70,70,0,1,0,1,0,2
7245,1282,5963,16,135,7,9,0
66,66,0,1,0,1,0,1
2497,1528,969,22,46,13,9,0
7356,1014,6342,20,75,10,10,0
318,192,126,6,28,4,2,0
546,306,240,9,142,5,4,0
70,70,0,1,0,1,0,2
807,94,713,2,30,1,1,0
814,110,704,2,30,1,1,0
146,146,0,1,0,1,0,1
70,70,0,1,0,1,0,2
183,86,97,2,30,1,1,0
164,78,86,2,30,1,1,0
78663,4968,73695,85,47,24,61,0
198,102,96,2,30,1,1,0
200,102,98,2,33,1,1,0
70,70,0,1,4,1,0,0
66,66,0,1,0,1,0,1
146,146,0,1,0,1,0,1
62,62,0,1,0,1,0,1
186,95,91,2,31,1,1,0
209,110,99,2,29,1,1,0
4669,1762,2907,19,30,11,8,0
1139,878,261,2,30,1,1,0
66,66,0,1,0,1,0,2
26540,1137,25403,36,136,15,21,0
66,66,0,1,0,1,0,2
62,62,0,1,0,1,0,1
66,66,0,1,0,1,0,2
70,70,0,1,0,1,0,2
62,62,0,1,0,1,0,1
189,102,87,2,30,1,1,0
70,70,0,1,0,1,0,2
70,70,0,1,0,1,0,2
70,70,0,1,0,1,0,2
66,66,0,1,0,1,0,2
199,94,105,2,30,1,1,0
195,102,93,2,33,1,1,0
232,77,155,2,32,1,1,0
198,101,97,2,30,1,1,0
70,70,0,1,0,1,0,2
130,70,60,2,14,1,1,0
66,66,0,1,0,1,0,1
70,70,0,1,0,1,0,2
167,86,81,2,29,1,1,0
716,95,621,2,31,1,1,0
60,60,0,1,0,1,0,1
95958,6670,89288,139,80,68,71,0
498,204,294,6,29,3,3,0
214,140,74,4,15,3,1,0
20433,10970,9463,34,42,19,15,0
70,70,0,1,0,1,0,2
10326,4295,6031,29,62,16,13,0
198,102,96,2,33,1,1,0
3667,2243,1424,22,80,11,11,0
9505,3214,6291,33,19,19,14,0
1544,1073,471,13,15,8,5,0
178,94,84,2,30,1,1,0
7693,1284,6409,24,81,12,12,0
3015,2086,929,16,15,9,7,0
734,86,648,2,30,1,1,0
66,66,0,1,0,1,0,2
70,70,0,1,0,1,0,2
1950,1176,774,18,103,11,7,0
8696,3245,5451,36,47,16,20,0
70,70,0,1,0,1,0,2
70,70,0,1,0,1,0,2
70,70,0,2,8,2,0,0
70,70,0,1,0,1,0,2
62,62,0,1,0,1,0,1
173,94,79,2,30,1,1,0
7014,1719,5295,18,326,9,9,0
241,78,163,2,30,1,1,0
66,66,0,1,0,1,0,1
209,110,99,2,30,1,1,0
66,66,0,1,0,1,0,2
62,62,0,1,0,1,0,1
62,62,0,1,0,1,0,1
312,132,180,6,7,3,3,0
266,86,180,2,30,1,1,0
168,86,82,2,32,1,1,0
9032,2673,6359,30,142,16,14,0
15702,3473,12229,50,70,23,27,0
224,102,122,2,29,1,1,0
177,94,83,2,30,1,1,0
24686,1935,22751,36,18,17,19,0
1514,1514,0,1,0,1,0,1
146,146,0,1,0,1,0,1
70,70,0,1,0,1,0,2
891,126,765,2,31,1,1,0
60,60,0,1,0,1,0,1
70,70,0,1,0,1,0,2
184,94,90,2,30,1,1,0
70,70,0,1,0,1,0,2
1231,726,505,10,18,6,4,0
3562,1936,1626,48,193,24,24,0
178,94,84,2,29,1,1,0
422,164,258,6,30,3,3,0
166,86,80,2,30,1,1,0
4419,3179,1240,17,17,10,7,0
66,66,0,1,0,1,0,2
70,70,0,1,0,1,0,2
264,110,154,2,30,1,1,0
164,70,94,2,5,1,1,0
898,543,355,10,255,6,4,0
760,96,664,2,31,1,1,0
814,110,704,2,30,1,1,0
198,94,104,2,30,1,1,0
62,62,0,1,0,1,0,1
62,62,0,1,0,1,0,1
66,66,0,1,0,1,0,1
66,66,0,1,0,1,0,2
70,70,0,1,0,1,0,2
177,94,83,2,30,1,1,0
66,66,0,1,0,1,0,2
66,66,0,1,0,1,0,1
62,62,0,1,0,1,0,1
70,70,0,2,8,2,0,0
1651,550,1101,13,15,7,6,0
7488,2474,5014,23,3600,12,11,0
66,66,0,1,0,1,0,1
9477,1950,7527,31,181,14,17,0
60,60,0,1,0,1,0,1
8554,2353,6201,29,138,14,15,0
4589,2090,2499,15,120,7,8,0
70,70,0,1,0,1,0,2
70,70,0,1,0,1,0,2
7732,3046,4686,22,26,12,10,0
70,70,0,2,7,2,0,0
7472,2014,5458,29,16,16,13,0
66,66,0,1,0,1,0,1
4819,2004,2815,22,80,11,11,0
74,74,0,1,0,1,0,1
70,70,0,1,0,1,0,2
62,62,0,1,0,1,0,1
708,384,324,12,195,7,5,0
7282,653,6629,16,16,8,8,0
66,66,0,1,0,1,0,1
62,62,0,1,0,1,0,1
4568,1661,2907,19,29,11,8,0
66,66,0,1,0,1,0,1
186,95,91,2,30,1,1,0
7592,2966,4626,26,15,15,11,0
62,62,0,1,0,1,0,1
9022,3349,5673,57,43,26,31,0
62,62,0,1,0,1,0,1
70,70,0,1,4,1,0,0
774806,25835,748971,772,52,253,519,0
100132,17467,82665,325,619,168,157,0
247,76,171,2,30,1,1,0
241,98,143,2,30,1,1,0
60,60,0,1,0,1,0,1
66,66,0,1,0,1,0,1
821,102,719,2,30,1,1,0
70,70,0,1,0,1,0,2
331,86,245,2,30,1,1,0
31138,6772,24366,40,149,17,23,0
70,70,0,1,0,1,0,2
316,136,180,6,7,3,3,0
7755,4481,3274,17,135,9,8,0
66,66,0,1,0,1,0,1
66,66,0,1,0,1,0,1
209,110,99,2,31,1,1,0
1571,877,694,11,180,6,5,0
66,66,0,1,0,1,0,2
732,239,493,6,51,3,3,0
70,70,0,1,4,1,0,0
66,66,0,1,0,1,0,2
858,858,0,14,1199,14,0,0
16063,2691,13372,38,38,18,20,0
70,70,0,1,0,1,0,2
209,110,99,2,30,1,1,0
66,66,0,1,0,1,0,1
211,78,133,2,30,1,1,0
102,102,0,1,0,1,0,1
72023,4897,67126,97,115,46,51,0
66,66,0,1,0,1,0,2
7112,5916,1196,20,30,10,10,0
234,234,0,4,11,4,0,0
66,66,0,1,0,1,0,2
221,81,140,2,31,1,1,0
303,85,218,2,30,1,1,0
70,70,0,1,0,1,0,2
194,102,92,2,30,1,1,0
184,94,90,2,29,1,1,0
70,70,0,2,8,2,0,0
186,95,91,2,31,1,1,0
3239,740,2499,15,40,8,7,0
499,425,74,4,0,3,1,0
70,70,0,1,0,1,0,2
66,66,0,1,0,1,0,1
186,95,91,2,30,1,1,0
12509,1447,11062,28,122,16,12,0
94,94,0,1,30,1,0,0
62,62,0,1,0,1,0,1
70,70,0,1,0,1,0,2
5167,700,4467,16,15,7,9,0
62,62,0,1,0,1,0,1
75,75,0,1,30,1,0,0
70,70,0,1,0,1,0,2
66,66,0,1,0,1,0,1
1038219,43977,994242,1734,30,616,1118,0
497,497,0,1,0,1,0,1
267,93,174,4,47,2,2,0
333668,12291,321377,321,170,72,249,0
62,62,0,1,0,1,0,1
66,66,0,1,0,1,0,1
66,66,0,1,0,1,0,1
70,70,0,2,7,2,0,0
94,94,0,1,30,1,0,0
66,66,0,1,0,1,0,1
66,66,0,1,0,1,0,1
66,66,0,1,0,1,0,2
456387,11878,444509,427,81,121,306,0
184,94,90,2,30,1,1,0
66,66,0,1,0,1,0,2
60,60,0,1,0,1,0,1
70,70,0,1,0,1,0,2
244,98,146,2,32,1,1,0
70,70,0,1,0,1,0,2
7741,2692,5049,24,16,13,11,0
1129,599,530,12,25,6,6,0
306,180,126,6,25,4,2,0
27125,14251,12874,99,23,57,42,0
66,66,0,1,0,1,0,2
206,105,101,2,31,1,1,0
66,66,0,1,0,1,0,2
66,66,0,1,0,1,0,2
313,102,211,2,30,1,1,0
62,62,0,1,0,1,0,1
8073,2053,6020,20,16,11,9,0
258,102,156,2,30,1,1,0
66,66,0,1,0,1,0,2
217,90,127,2,29,1,1,0
165,86,79,2,30,1,1,0
66,66,0,1,0,1,0,1
70,70,0,1,0,1,0,2
165,86,79,2,30,1,1,0
145,145,0,1,0,1,0,1
217,87,130,2,30,1,1,0
70,70,0,1,0,1,0,2
179,94,85,2,30,1,1,0
237,91,146,2,32,1,1,0
78,78,0,1,5,1,0,0
7644,3087,4557,26,46,15,11,0
70,70,0,1,0,1,0,2
62,62,0,1,0,1,0,1
1177,624,553,12,16,7,5,0
416,210,206,7,24,4,3,0
66,66,0,1,0,1,0,2
23684,13193,10491,84,63,44,40,0
60,60,0,1,0,1,0,1
3562,2096,1466,18,336,9,9,0
307,94,213,2,29,1,1,0
761,102,659,2,30,1,1,0
366,240,126,7,26,5,2,0
2412,1750,662,13,36,9,4,0
167,86,81,2,30,1,1,0
157,157,0,1,0,1,0,1
164,70,94,2,8,1,1,0
2898,1485,1413,10,15,6,4,0
66,66,0,1,0,1,0,2
162,162,0,1,0,1,0,1
86,86,0,1,30,1,0,0
70,70,0,1,0,1,0,2
70,70,0,2,8,2,0,0
70,70,0,1,0,1,0,2
62,62,0,1,0,1,0,1
20984,1380,19604,34,15,18,16,0
217,87,130,2,31,1,1,0
146,146,0,1,0,1,0,1
66,66,0,1,0,1,0,2
257,71,186,2,30,1,1,0
66,66,0,1,0,1,0,1
200,102,98,2,30,1,1,0
340,94,246,2,30,1,1,0
66,66,0,1,0,1,0,2
182017,6621,175396,189,181,55,134,0
70,70,0,1,0,1,0,2
3901,1858,2043,19,23,11,8,0
60,60,0,1,0,1,0,1
355822,186974,168848,1039,1626,433,606,0
392,102,290,2,30,1,1,0
181,98,83,2,30,1,1,0
5378,1423,3955,19,56,11,8,0
480,149,331,2,1200,1,1,0
4498,916,3582,18,17,9,9,0
145,145,0,1,0,1,0,1
70,70,0,1,0,1,0,2
6251,1706,4545,16,88,9,7,0
62,62,0,1,0,1,0,1
70,70,0,1,0,1,0,2
66,66,0,1,0,1,0,2
181,94,87,2,30,1,1,0
7548,2583,4965,26,362,12,14,0
250600,11390,239210,268,23,98,170,0
66,66,0,1,0,1,0,1
9193,2770,6423,51,5193,28,23,0
60,60,0,1,0,1,0,1
7982,1962,6020,20,15,11,9,0
23950,2135,21815,43,35,16,27,0
9657,1944,7713,31,82,15,16,0
197,94,103,2,30,1,1,0
62,62,0,1,0,1,0,1
199,102,97,2,29,1,1,0
70,70,0,1,0,1,0,2
318,192,126,6,21,4,2,0
254,128,126,5,15,3,2,0
66,66,0,1,0,1,0,2
6350,1071,5279,18,42,10,8,0
4338,1431,2907,19,30,11,8,0
209,110,99,2,30,1,1,0
38045,26409,11636,105,476,68,37,0
66,66,0,1,0,1,0,2
569666,25343,544323,721,46,320,401,0
819841,23462,796379,897,56,298,599,0
146,146,0,1,0,1,0,1
66,66,0,1,0,1,0,1
66,66,0,2,7,2,0,0
35968,13816,22152,77,96,34,43,0
60,60,0,1,0,1,0,1
1465,729,736,12,16,7,5,0
1264333,25315,1239018,1197,16,355,842,0
180,92,88,2,31,1,1,0
6938,2686,4252,25,27,12,13,0
183,94,89,2,30,1,1,0
5167,700,4467,16,15,7,9,0
66,66,0,1,0,1,0,1
70,70,0,1,0,1,0,2
62,62,0,1,0,1,0,1
66,66,0,1,0,1,0,1
1141,529,612,10,18,6,4,0
143597,6963,136634,206,439,103,103,0
168,94,74,2,30,1,1,0
66,66,0,1,0,1,0,2
62,62,0,1,0,1,0,1
184,94,90,2,29,1,1,0
70,70,0,1,0,1,0,2
70,70,0,1,0,1,0,2
194,102,92,2,32,1,1,0
578,286,292,9,16,5,4,0
70,70,0,1,0,1,0,2
210,110,100,2,30,1,1,0
62,62,0,1,0,1,0,1
66,66,0,1,0,1,0,2
5956,1595,4361,17,19,10,7,0
177,94,83,2,30,1,1,0
70,70,0,1,0,1,0,2
37694,8319,29375,85,153,36,49,0
70,70,0,2,7,2,0,0
210,210,0,3,0,3,0,1
2927,2062,865,14,134,8,6,0
62,62,0,1,0,1,0,1
571121,38361,532760,718,69,342,376,0
178,94,84,2,31,1,1,0
520306,17622,502684,582,210,210,372,0
278,96,182,4,53,2,2,0
832,832,0,14,96,14,0,0
92101,4799,87302,107,16,43,64,0
70,70,0,1,5,1,0,0
215,102,113,2,30,1,1,0
66,66,0,1,0,1,0,2
6981,948,6033,17,28,10,7,0
100,100,0,1,0,1,0,1
18549,5061,13488,54,30,27,27,0
5474,3658,1816,27,76,14,13,0
60,60,0,1,0,1,0,1
165,86,79,2,30,1,1,0
66,66,0,1,0,1,0,2
248845,14935,233910,308,49,148,160,0
727,86,641,2,29,1,1,0
62,62,0,1,0,1,0,1
7576,2983,4593,33,42,18,15,0
66,66,0,1,0,1,0,1
338,225,113,3,30,2,1,0
260,86,174,2,30,1,1,0
66,66,0,1,0,1,0,1
62,62,0,1,0,1,0,1
204,104,100,2,31,1,1,0
70,70,0,1,0,1,0,2
70,70,0,1,0,1,0,2
192,98,94,2,30,1,1,0
66,66,0,1,0,1,0,1
318,192,126,6,25,4,2,0
70,70,0,1,0,1,0,2
66,66,0,1,0,1,0,2
189,102,87,2,31,1,1,0
11549,6152,5397,28,156,16,12,0
70,70,0,1,4,1,0,0
70,70,0,1,0,1,0,2
199,199,0,1,0,1,0,1
176,90,86,2,31,1,1,0
10845900,123386,10722514,8862,139,1081,7781,0
66,66,0,1,0,1,0,1
9938,1398,8540,9,128,1,8,0
183,94,89,2,31,1,1,0
4007,1690,2317,15,0,8,7,0
450,246,204,8,28,5,3,0
2881,346,2535,12,120,5,7,0
345,110,235,2,29,1,1,0
506,204,302,6,57,3,3,0
13734,3206,10528,26,150,13,13,0
66,66,0,1,0,1,0,2
2819,541,2278,12,31,6,6,0
271,88,183,4,38,2,2,0
2975,719,2256,14,136,7,7,0
1181,722,459,10,147,6,4,0
734,94,640,2,30,1,1,0
60,60,0,1,0,1,0,1
66,66,0,1,5,1,0,0
62,62,0,1,0,1,0,1
352,94,258,2,30,1,1,0
226,110,116,2,29,1,1,0
66,66,0,1,0,1,0,1
184,94,90,2,31,1,1,0
211,110,101,2,30,1,1,0
210,102,108,2,30,1,1,0
194,102,92,2,30,1,1,0
70,70,0,1,0,1,0,2
200,94,106,2,30,1,1,0
66,66,0,1,0,1,0,2
2125,1159,966,13,61,7,6,0
3135,1603,1532,22,632,7,15,0
70,70,0,1,0,1,0,2
183,94,89,2,30,1,1,0
70,70,0,1,0,1,0,2
145,145,0,1,0,1,0,1
296,78,218,4,19,1,3,0
1569,1077,492,11,30,6,5,0
7982,1962,6020,20,15,11,9,0
187927,12115,175812,276,42,137,139,0
617,67,550,2,30,1,1,0
199,102,97,2,31,1,1,0
70,70,0,1,0,1,0,2
318,192,126,6,26,4,2,0
8742,2483,6259,41,114,22,19,0
12674,1396,11278,12,139,2,10,0
70,70,0,1,0,1,0,2
70,70,0,1,0,1,0,2
749,94,655,2,30,1,1,0
887,126,761,2,30,1,1,0
70,70,0,1,0,1,0,2
448,78,370,6,25,1,5,0
70,70,0,1,0,1,0,2
3354,1792,1562,46,192,23,23,0
225609,13986,211623,285,31,134,151,0
66,66,0,1,0,1,0,2
179,94,85,2,30,1,1,0
70,70,0,1,0,1,0,2
145,145,0,1,0,1,0,1
78,78,0,1,29,1,0,0
912,126,786,2,31,1,1,0
215,102,113,2,30,1,1,0
100364,4917,95447,133,241,67,66,0
16260,10863,5397,39,19,21,18,0
70,70,0,1,0,1,0,2
70,70,0,1,0,1,0,2
375786,11380,364406,388,16,137,251,0
6107,2079,4028,19,68,11,8,0
1743,1164,579,16,25,10,6,0
66,66,0,1,0,1,0,2
396,396,0,7,3616,7,0,0
183,94,89,2,30,1,1,0
98,98,0,1,0,1,0,1
70,70,0,1,0,1,0,2
66,66,0,1,0,1,0,1
60,60,0,1,0,1,0,1
2889,1482,1407,10,15,6,4,0
130,70,60,2,15,1,1,0
62,62,0,1,0,1,0,1
62,62,0,1,0,1,0,1
70,70,0,1,0,1,0,2
70,70,0,1,4,1,0,0
354,94,260,2,30,1,1,0
774,101,673,2,30,1,1,0
789,110,679,2,31,1,1,0
62,62,0,1,0,1,0,1
502,150,352,2,1200,1,1,0
258,110,148,2,30,1,1,0
66,66,0,1,0,1,0,1
181,94,87,2,29,1,1,0
70,70,0,1,5,1,0,0
66,66,0,1,0,1,0,2
200,102,98,2,31,1,1,0
70,70,0,1,0,1,0,2
300,90,210,4,30,2,2,0
70,70,0,1,0,1,0,2
3283,1019,2264,10,120,5,5,0
7644833,215496,7429337,8664,135,2509,6155,0
204,64,140,4,11,2,2,0
70,70,0,1,0,1,0,2
66,66,0,1,0,1,0,2
329,94,235,4,31,2,2,0
188,96,92,2,30,1,1,0
564,318,246,9,18,5,4,0
4889,1079,3810,15,25,8,7,0
168,78,90,2,29,1,1,0
9111,2919,6192,27,19,14,13,0
70,70,0,1,0,1,0,2
70,70,0,1,0,1,0,2
218,78,140,2,30,1,1,0
825,99,726,2,30,1,1,0
66,66,0,1,0,1,0,2
70,70,0,1,5,1,0,0
1548,847,701,10,15,5,5,0
316,136,180,6,6,3,3,0
195,102,93,2,31,1,1,0
70,70,0,1,0,1,0,2
177,94,83,2,30,1,1,0
11928,3226,8702,23,160,11,12,0
216,110,106,2,30,1,1,0
730,102,628,2,30,1,1,0
60,60,0,1,0,1,0,1
198,102,96,2,33,1,1,0
10204,2106,8098,37,255,19,18,0
4864,3011,1853,20,234,12,8,0
62,62,0,1,0,1,0,1
328,328,0,1,0,1,0,1
70,70,0,1,0,1,0,2
1270,679,591,13,15,7,6,0
130,70,60,2,30,1,1,0
490,264,226,8,32,5,3,0
66,66,0,1,0,1,0,1
231,110,121,2,30,1,1,0
66,66,0,1,0,1,0,2
414,268,146,3,32,2,1,0
66,66,0,1,0,1,0,2
826,826,0,8,44,8,0,0
3247,1630,1617,8,120,4,4,0
5644,3210,2434,22,86,13,9,0
524887,14310,510577,546,18,201,345,0
66,66,0,1,0,1,0,1
366,240,126,7,21,5,2,0
66,66,0,1,0,1,0,1
180,94,86,2,30,1,1,0
66,66,0,1,0,1,0,1
60,60,0,1,90,1,0,0
62,62,0,1,0,1,0,1
178,94,84,2,30,1,1,0
66,66,0,1,0,1,0,1
70,70,0,1,0,1,0,2
6798,4486,2312,42,107,22,20,0
70,70,0,1,5,1,0,0
256,136,120,5,5,3,2,0
62,62,0,1,0,1,0,1
62,62,0,1,0,1,0,1
159,159,0,1,0,1,0,1
338,110,228,2,30,1,1,0
737,94,643,2,30,1,1,0
66,66,0,1,0,1,0,1
70,70,0,1,0,1,0,2
70,70,0,1,4,1,0,0
66,66,0,1,0,1,0,1
70,70,0,1,0,1,0,2
1277,705,572,13,25,7,6,0
62,62,0,1,0,1,0,1
66,66,0,1,0,1,0,2
212,102,110,2,29,1,1,0
62,62,0,1,0,1,0,1
1775,169,1606,7,120,3,4,0
206,136,70,4,13,3,1,0
3641,846,2795,18,44,7,11,0
66,66,0,1,0,1,0,1
86,86,0,1,29,1,0,0
4114,2920,1194,19,80,11,8,0
9155,2109,7046,27,31,15,12,0
7152,1299,5853,22,16,12,10,0
70,70,0,2,7,2,0,0
66,66,0,1,0,1,0,1
70,70,0,1,0,1,0,2
215,94,121,2,29,1,1,0
60,60,0,1,0,1,0,1
183,94,89,2,30,1,1,0
66,66,0,1,0,1,0,1
499,425,74,4,0,3,1,0
78701,4331,74370,77,75,21,56,0
70,70,0,1,0,1,0,2
170,87,83,2,30,1,1,0
1614,1300,314,10,15,5,5,0
7723,2282,5441,22,255,11,11,0
499,425,74,4,1,3,1,0
70,70,0,1,0,1,0,2
70,70,0,2,7,2,0,0
2646,1322,1324,28,36,15,13,0
70,70,0,1,0,1,0,2
70,70,0,1,0,1,0,2
70,70,0,1,0,1,0,2
223,86,137,2,30,1,1,0
178,94,84,2,30,1,1,0
5528,3392,2136,31,80,16,15,0
8863,3511,5352,20,120,9,11,0
70,70,0,1,4,1,0,0
70,70,0,2,7,2,0,0
70,70,0,2,8,2,0,0
14661588,141996,14519592,11768,134,2012,9756,0
168,86,82,2,31,1,1,0
86,86,0,1,30,1,0,0
146,146,0,1,0,1,0,1
66,66,0,1,0,1,0,1
66,66,0,1,0,1,0,1
106904,5958,100946,139,66,62,77,0
2520,1267,1253,17,83,9,8,0
4887,2346,2541,16,120,8,8,0
6100,777,5323,17,25,9,8,0
600,306,294,6,0,3,3,0
770,101,669,2,30,1,1,0
10409,2670,7739,94,5805,17,77,0
146,146,0,1,0,1,0,1
62,62,0,1,0,1,0,1
62,62,0,1,0,1,0,1
517,95,422,4,44,2,2,0
198,102,96,2,29,1,1,0
199,102,97,2,31,1,1,0
62,62,0,1,0,1,0,1
62,62,0,1,0,1,0,1
196,100,96,2,31,1,1,0
66,66,0,1,0,1,0,2
62,62,0,1,0,1,0,1
3614,434,3180,11,15,6,5,0
177,94,83,2,29,1,1,0
31452,6667,24785,54,32,29,25,0
403,94,309,4,38,2,2,0
66,66,0,1,0,1,0,1
60,60,0,1,0,1,0,1
66,66,0,1,0,1,0,2
182,93,89,2,31,1,1,0
198,93,105,2,31,1,1,0
78,78,0,1,30,1,0,0
70,70,0,1,0,1,0,2
170,87,83,2,30,1,1,0
16131,4542,11589,45,139,21,24,0
70,70,0,1,0,1,0,2
210,78,132,2,30,1,1,0
66,66,0,1,0,1,0,2
8979,5057,3922,89,110,51,38,0
70,70,0,1,0,1,0,2
70,70,0,1,0,1,0,2
70,70,0,1,0,1,0,2
66,66,0,1,0,1,0,1
132,132,0,3,1200,3,0,0
143,143,0,1,0,1,0,1
7049,1412,5637,24,16,14,10,0
70,70,0,1,0,1,0,2
259,78,181,2,29,1,1,0
70,70,0,1,4,1,0,0
70,70,0,1,0,1,0,2
66,66,0,1,0,1,0,2
194,102,92,2,30,1,1,0
70,70,0,1,0,1,0,2
70,70,0,2,7,2,0,0
912754,34972,877782,1035,294,410,625,0
70,70,0,1,0,1,0,2
66,66,0,1,0,1,0,1
315,95,220,4,50,2,2,0
62,62,0,1,0,1,0,1
60,60,0,1,0,1,0,1
62,62,0,1,0,1,0,1
66,66,0,1,0,1,0,2
2385,1462,923,18,200,10,8,0
780,780,0,1,0,1,0,1
66,66,0,1,0,1,0,1
62,62,0,1,0,1,0,1
16362,3716,12646,79,601,38,41,0
66,66,0,1,0,1,0,1
239,94,145,2,30,1,1,0
715,94,621,2,31,1,1,0
199,102,97,2,30,1,1,0
8058,2038,6020,20,15,11,9,0
60,60,0,1,0,1,0,1
70,70,0,1,0,1,0,2
290,102,188,2,30,1,1,0
195,102,93,2,30,1,1,0
168,86,82,2,29,1,1,0
247,86,161,3,31,2,1,0
70,70,0,1,0,1,0,2
200,102,98,2,30,1,1,0
4885,983,3902,21,53,10,11,0
214,110,104,2,30,1,1,0
70,70,0,1,0,1,0,2
320,140,180,6,5,3,3,0
3910,1805,2105,20,19,12,8,0
62,62,0,1,0,1,0,1
60,60,0,1,0,1,0,1
600,306,294,6,0,3,3,0
66,66,0,1,0,1,0,1
70,70,0,1,0,1,0,2
100,100,0,1,0,1,0,1
62,62,0,1,0,1,0,1
70,70,0,2,8,2,0,0
204,118,86,2,31,1,1,0
146,146,0,1,0,1,0,1
62,62,0,1,0,1,0,1
1786,172,1614,7,120,3,4,0
70,70,0,2,8,2,0,0
66,66,0,1,0,1,0,2
242,78,164,2,30,1,1,0
70,70,0,1,0,1,0,2
62,62,0,1,0,1,0,1
100,100,0,1,0,1,0,1
188,128,60,3,15,2,1,0
70,70,0,1,0,1,0,2
70,70,0,1,0,1,0,2
355,118,237,2,30,1,1,0
211,102,109,2,30,1,1,0
3640,606,3034,13,120,6,7,0
60,60,0,1,0,1,0,1
6374,2446,3928,26,217,13,13,0
8476,2030,6446,38,91,19,19,0
8935,4627,4308,22,121,12,10,0
70,70,0,1,5,1,0,0
1068717,27931,1040786,1093,45,351,742,0
1541,1004,537,14,26,8,6,0
578,286,292,9,16,5,4,0
68851,3430,65421,93,121,35,58,0
66,66,0,1,0,1,0,1
31418,1784,29634,37,126,14,23,0
16413,6367,10046,60,17,28,32,0
70,70,0,1,5,1,0,0
130,70,60,3,5,2,1,0
66,66,0,1,0,1,0,1
146,146,0,1,0,1,0,1
8201,2795,5406,43,18,26,17,0
70,70,0,1,0,1,0,2
495,421,74,4,0,3,1,0
1088,599,489,13,315,7,6,0
8007,1987,6020,20,15,11,9,0
239,78,161,2,30,1,1,0
200,94,106,2,30,1,1,0
70,70,0,1,0,1,0,2
70,70,0,1,0,1,0,2
37094,22774,14320,125,27,72,53,0
264,94,170,2,30,1,1,0
70,70,0,1,0,1,0,2
146,146,0,1,0,1,0,1
734,94,640,2,30,1,1,0
178,94,84,2,31,1,1,0
78,78,0,1,0,1,0,1
66,66,0,1,0,1,0,1
66,66,0,1,0,1,0,1
1650,1650,0,26,1537,26,0,0
1638,1324,314,10,15,5,5,0
70,70,0,1,0,1,0,2
62,62,0,1,0,1,0,1
11756,4004,7752,26,121,12,14,0
62,62,0,1,0,1,0,1
816,102,714,2,29,1,1,0
70,70,0,1,0,1,0,2
9763,749,9014,17,15,8,9,0
66,66,0,1,0,1,0,2
62,62,0,1,0,1,0,1
66,66,0,1,0,1,0,1
320,140,180,6,7,3,3,0
66,66,0,1,0,1,0,1
422,164,258,6,30,3,3,0
190,97,93,2,31,1,1,0
148,148,0,1,0,1,0,1
437,437,0,1,0,1,0,1
259,104,155,2,30,1,1,0
7548,1543,6005,22,18,12,10,0
66,66,0,1,0,1,0,1
62,62,0,1,0,1,0,1
66,66,0,1,0,1,0,2
11975,2907,9068,24,38,14,10,0
1701,1048,653,15,39,8,7,0
70,70,0,1,5,1,0,0
66,66,0,1,0,1,0,1
66,66,0,1,0,1,0,1
66,66,0,1,0,1,0,2
759,102,657,2,30,1,1,0
106571,3881,102690,128,16,56,72,0
215,102,113,2,30,1,1,0
70,70,0,2,8,2,0,0
766,102,664,2,30,1,1,0
1350,689,661,14,18,8,6,0
66,66,0,1,0,1,0,2
192,98,94,2,31,1,1,0
168,86,82,2,30,1,1,0
66,66,0,1,0,1,0,2
70,70,0,1,0,1,0,2
1165,473,692,10,14,5,5,0
48303,3997,44306,69,271,30,39,0
308,94,214,2,30,1,1,0
62,62,0,1,0,1,0,1
190,97,93,2,31,1,1,0
62,62,0,1,5,1,0,0
62,62,0,1,0,1,0,1
70,70,0,1,0,1,0,2
168,78,90,2,30,1,1,0
5167,700,4467,16,15,7,9,0
1452,817,635,16,20,9,7,0
5613,733,4880,16,15,9,7,0
66,66,0,1,0,1,0,2
276,70,206,5,26,2,3,0
70,70,0,1,0,1,0,2
261,87,174,4,44,2,2,0
889,126,763,3,31,2,1,0
66,66,0,1,0,1,0,2
70,70,0,1,0,1,0,2
66,66,0,1,0,1,0,1
1582,866,716,11,20,7,4,0
247,118,129,2,30,1,1,0
1462,965,497,13,18,7,6,0
908,842,66,7,18,6,1,0
70,70,0,1,0,1,0,2
195,102,93,2,31,1,1,0
164,78,86,2,31,1,1,0
170,87,83,2,31,1,1,0
512,326,186,9,22,6,3,0
66,66,0,1,0,1,0,1
109,109,0,1,0,1,0,1
70,70,0,1,0,1,0,2
66,66,0,1,0,1,0,2
21805,2081,19724,38,34,19,19,0
70,70,0,1,0,1,0,2
70,70,0,1,0,1,0,2
66,66,0,1,0,1,0,1
62,62,0,1,0,1,0,1
213,79,134,2,32,1,1,0
62,62,0,1,0,1,0,1
70,70,0,2,8,2,0,0
3775,1791,1984,24,203,12,12,0
82,82,0,2,40,2,0,0
460,150,310,2,1200,1,1,0
62,62,0,1,0,1,0,1
180,94,86,2,31,1,1,0
97934,5018,92916,124,20,55,69,0
66,66,0,1,0,1,0,2
70,70,0,1,0,1,0,2
184,94,90,2,30,1,1,0
170,87,83,2,31,1,1,0
66,66,0,1,0,1,0,2
164,78,86,2,29,1,1,0
51588,40242,11346,107,418,53,54,0
70,70,0,2,8,2,0,0
66,66,0,1,0,1,0,2
2945,779,2166,10,121,5,5,0
70,70,0,2,8,2,0,0
199,102,97,2,30,1,1,0
6515,1516,4999,23,16,12,11,0
193,102,91,2,30,1,1,0
60,60,0,1,0,1,0,1
194,99,95,2,31,1,1,0
170,87,83,2,31,1,1,0
62,62,0,1,0,1,0,1
8269,1423,6846,20,75,10,10,0
66,66,0,1,0,1,0,2
3549,1594,1955,18,16,10,8,0
3855,828,3027,11,15,5,6,0
36302,2869,33433,67,180,32,35,0
320,320,0,5,0,5,0,0
62,62,0,1,0,1,0,1
62,62,0,1,0,1,0,1
4477,2605,1872,22,248,12,10,0
195,102,93,2,29,1,1,0
62,62,0,1,0,1,0,1
215,94,121,2,29,1,1,0
5500,1277,4223,17,180,8,9,0
70,70,0,2,7,2,0,0
167,86,81,2,30,1,1,0
372,246,126,6,28,4,2,0
48165,2605,45560,63,15,31,32,0
70,70,0,1,0,1,0,2
70,70,0,1,0,1,0,2
22938,14436,8502,43,41,23,20,0
66,66,0,1,0,1,0,2
70,70,0,1,0,1,0,2
70,70,0,1,0,1,0,2
156,156,0,3,7,3,0,0
183,86,97,2,30,1,1,0
216,110,106,2,30,1,1,0
66,66,0,1,0,1,0,2
66,66,0,1,0,1,0,1
156,156,0,3,8,3,0,0
197,102,95,2,33,1,1,0
212,108,104,2,30,1,1,0
62,62,0,1,0,1,0,1
320,140,180,6,7,3,3,0
2828,1800,1028,27,184,15,12,0
9276,1884,7392,23,32,13,10,0
346,111,235,2,30,1,1,0
168,78,90,2,30,1,1,0
70,70,0,1,0,1,0,2
397391,8624,388767,380,49,118,262,0
62,62,0,1,0,1,0,1
183,94,89,2,31,1,1,0
148,86,62,2,30,1,1,0
877,126,751,2,31,1,1,0
200,102,98,2,31,1,1,0
3330,2281,1049,17,16,9,8,0
70,70,0,1,5,1,0,0
66,66,0,1,0,1,0,1
60,60,0,1,0,1,0,1
1738,1061,677,18,94,10,8,0
170,87,83,2,30,1,1,0
9801,3049,6752,29,20,15,14,0
70,70,0,1,0,1,0,2
162,162,0,1,0,1,0,1
8006,1986,6020,20,16,11,9,0
216,110,106,2,30,1,1,0
62,62,0,1,0,1,0,1
72,72,0,1,0,1,0,1
177,94,83,2,31,1,1,0
394,96,298,4,47,2,2,0
1314,653,661,13,184,7,6,0
199,102,97,2,30,1,1,0
66,66,0,1,0,1,0,1
66,66,0,1,0,1,0,1
181,94,87,2,29,1,1,0
70,70,0,1,0,1,0,2
722,300,422,11,158,5,6,0
167,78,89,2,31,1,1,0
70,70,0,1,5,1,0,0
74,74,0,1,0,1,0,1
178,91,87,2,30,1,1,0
66,66,0,1,0,1,0,2
2668,543,2125,12,28,6,6,0
66,66,0,1,0,1,0,2
70,70,0,1,0,1,0,2
3164,815,2349,12,144,6,6,0
70,70,0,1,0,1,0,2
178,94,84,2,30,1,1,0
62,62,0,1,0,1,0,1
60,60,0,1,0,1,0,1
60,60,0,1,0,1,0,1
70,70,0,1,0,1,0,2
2374,936,1438,13,45,7,6,0
9666,1682,7984,25,16,13,12,0
196,102,94,2,30,1,1,0
760,97,663,2,31,1,1,0
62,62,0,1,0,1,0,1
198,101,97,2,30,1,1,0
70,70,0,2,8,2,0,0
7416,1777,5639,23,74,12,11,0
62,62,0,1,0,1,0,1
62,62,0,1,0,1,0,1
70,70,0,1,0,1,0,2
1743,934,809,15,32,7,8,0
62,62,0,1,0,1,0,1
6267,1810,4457,25,18,14,11,0
167,86,81,2,31,1,1,0
178,91,87,2,31,1,1,0
70,70,0,2,8,2,0,0
66,66,0,2,7,2,0,0
499,425,74,4,0,3,1,0
184,94,90,2,30,1,1,0
1356,300,1056,6,1200,3,3,0
1066,545,521,11,28,5,6,0
70,70,0,1,0,1,0,2
177,94,83,2,30,1,1,0
70,70,0,1,0,1,0,2
200,102,98,2,30,1,1,0
62,62,0,1,0,1,0,1
70,70,0,1,0,1,0,2
66,66,0,1,0,1,0,1
60,60,0,1,0,1,0,1
212,102,110,2,29,1,1,0
388,102,286,2,30,1,1,0
184,94,90,2,30,1,1,0
270,78,192,2,30,1,1,0
70,70,0,1,0,1,0,2
66,66,0,1,0,1,0,1
198,102,96,2,31,1,1,0
62,62,0,1,0,1,0,1
42070,2703,39367,53,135,22,31,0
643,88,555,2,31,1,1,0
3182,1568,1614,8,121,4,4,0
200,94,106,2,29,1,1,0
70,70,0,1,0,1,0,2
6150,914,5236,18,16,10,8,0
62,62,0,1,0,1,0,1
62,62,0,1,5,1,0,0
199,94,105,2,29,1,1,0
214,110,104,2,31,1,1,0
70,70,0,1,0,1,0,2
216,110,106,2,30,1,1,0
236,86,150,2,30,1,1,0
66,66,0,1,0,1,0,2
66,66,0,1,0,1,0,1
60,60,0,1,0,1,0,1
70,70,0,2,7,2,0,0
168,86,82,2,31,1,1,0
66,66,0,1,0,1,0,2
70,70,0,1,0,1,0,2
70,70,0,1,5,1,0,0
480,149,331,2,1201,1,1,0
166,86,80,2,30,1,1,0
66,66,0,1,0,1,0,2
177,94,83,2,29,1,1,0
166,86,80,2,31,1,1,0
62,62,0,1,0,1,0,1
2541,1158,1383,19,16,9,10,0
5993,974,5019,19,70,10,9,0
70,70,0,1,0,1,0,2
186,102,84,2,30,1,1,0
168,78,90,2,30,1,1,0
20365,2035,18330,36,15,17,19,0
70,70,0,1,0,1,0,2
70,70,0,1,0,1,0,2
62,62,0,1,0,1,0,1
7725,1980,5745,25,20,14,11,0
188,96,92,2,31,1,1,0
70,70,0,1,0,1,0,2
118,118,0,1,0,1,0,1
66,66,0,1,5,1,0,0
1717,1153,564,13,26,7,6,0
62,62,0,1,0,1,0,1
286404,12478,273926,379,118,130,249,0
94202,5247,88955,115,37,41,74,0
70,70,0,2,8,2,0,0
66,66,0,1,0,1,0,1
284320,14149,270171,398,244,203,195,0
70,70,0,2,8,2,0,0
3577,1983,1594,18,153,9,9,0
233,90,143,2,32,1,1,0
70,70,0,2,8,2,0,0
3020,1414,1606,30,118,16,14,0
138,78,60,2,5,1,1,0
350,210,140,6,25,4,2,0
1026,292,734,8,50,4,4,0
403,110,293,2,31,1,1,0
60,60,0,1,0,1,0,1
70,70,0,1,0,1,0,2
307,110,197,2,29,1,1,0
499,425,74,4,0,3,1,0
182,102,80,2,30,1,1,0
70,70,0,1,0,1,0,2
195,102,93,2,33,1,1,0
66,66,0,1,0,1,0,1
146,146,0,1,0,1,0,1
331828,15003,316825,363,141,140,223,0
360,360,0,7,4,7,0,0
213,79,134,2,33,1,1,0
1332,876,456,11,27,6,5,0
44951,1019,43932,48,15,15,33,0
178,91,87,2,30,1,1,0
220,220,0,1,0,1,0,1
6350,1550,4800,23,41,12,11,0
193,102,91,2,30,1,1,0
215,94,121,2,30,1,1,0
5168,700,4468,16,16,7,9,0
197,102,95,2,33,1,1,0
70,70,0,1,0,1,0,2
70,70,0,1,0,1,0,2
503,503,0,1,0,1,0,1
70,70,0,1,4,1,0,0
66,66,0,1,0,1,0,2
1277,460,817,16,77,5,11,0
9340,5582,3758,36,38,21,15,0
318,192,126,6,27,4,2,0
70,70,0,1,0,1,0,2
183,94,89,2,30,1,1,0
199,94,105,2,30,1,1,0
62,62,0,1,0,1,0,1
11938,4533,7405,33,98,20,13,0
10286,1326,8960,25,1017,8,17,0
62,62,0,1,0,1,0,1
184,94,90,2,30,1,1,0
168,86,82,2,30,1,1,0
183,94,89,2,30,1,1,0
27575,18478,9097,64,22,36,28,0
70,70,0,1,0,1,0,2
306,180,126,6,26,4,2,0
77650,64697,12953,148,902,81,67,0
2074,1309,765,10,124,6,4,0
20351,3359,16992,52,103,27,25,0
2977,680,2297,11,161,6,5,0
12831,2277,10554,37,145,17,20,0
62,62,0,1,5,1,0,0
70,70,0,1,0,1,0,2
491,150,341,2,1199,1,1,0
3498,1872,1626,48,205,24,24,0
66,66,0,1,0,1,0,2
70,70,0,1,0,1,0,2
66,66,0,1,0,1,0,1
66,66,0,1,0,1,0,2
146,146,0,1,0,1,0,1
60,60,0,1,91,1,0,0
70,70,0,1,0,1,0,2
172,94,78,2,30,1,1,0
177,94,83,2,30,1,1,0
231,90,141,2,30,1,1,0
194,87,107,2,30,1,1,0
70,70,0,1,0,1,0,2
168,78,90,2,30,1,1,0
177,94,83,2,31,1,1,0
486,280,206,8,26,5,3,0
62,62,0,1,0,1,0,1
530764,27638,503126,528,175,179,349,0
152,78,74,2,30,1,1,0
70,70,0,1,5,1,0,0
74,74,0,1,0,1,0,1
70,70,0,1,0,1,0,2
9115,6806,2309,37,80,20,17,0
296,102,194,4,41,2,2,0
66,66,0,1,0,1,0,1
66,66,0,1,0,1,0,1
78,78,0,1,0,1,0,1
4999,1313,3686,36,667,8,28,0
200,90,110,2,30,1,1,0
62,62,0,1,0,1,0,1
62,62,0,1,0,1,0,1
304,86,218,2,30,1,1,0
66,66,0,1,0,1,0,2
70,70,0,1,0,1,0,2
14489,12206,2283,25,120,15,10,0
216,110,106,2,30,1,1,0
66,66,0,1,0,1,0,2
180,82,98,2,30,1,1,0
1702,1388,314,10,16,5,5,0
274,94,180,2,29,1,1,0
742,88,654,2,30,1,1,0
107500,4003,103497,173,16,57,116,0
309,110,199,2,30,1,1,0
70,70,0,1,0,1,0,2
194,87,107,2,30,1,1,0
262,70,192,5,21,2,3,0
2898,1485,1413,10,15,6,4,0
5684,3042,2642,32,46,18,14,0
7907,1918,5989,20,15,11,9,0
5206,1389,3817,22,15,10,12,0
66,66,0,1,0,1,0,2
62,62,0,1,0,1,0,1
62,62,0,1,0,1,0,1
9495,2281,7214,22,78,11,11,0
62,62,0,1,0,1,0,1
3890599,46254,3844345,3173,116,609,2564,0
443,182,261,6,29,3,3,0
26538,7971,18567,70,128,38,32,0
1054,567,487,10,15,6,4,0
12452,10841,1611,26,27,14,12,0
385,134,251,2,31,1,1,0
168,86,82,2,30,1,1,0
70,70,0,1,0,1,0,2
70,70,0,1,0,1,0,2
1548,265,1283,4,1201,2,2,0
60,60,0,1,0,1,0,1
184,94,90,2,29,1,1,0
22215289,662818,21552471,25924,349,8862,17062,0
194,102,92,2,30,1,1,0
13784,6865,6919,38,47,21,17,0
387,134,253,2,29,1,1,0
604,530,74,7,15,6,1,0
26724,2570,24154,52,42,26,26,0
738,86,652,2,30,1,1,0
413,170,243,6,31,3,3,0
62,62,0,1,0,1,0,1
74,74,0,1,0,1,0,1
16896,1514,15382,30,255,16,14,0
70,70,0,1,5,1,0,0
62,62,0,1,0,1,0,1
184,94,90,2,31,1,1,0
70,70,0,1,0,1,0,2
70,70,0,1,0,1,0,2
170,87,83,2,31,1,1,0
66,66,0,1,0,1,0,2
66,66,0,1,0,1,0,2
550,310,240,10,35,6,4,0
2020,1090,930,18,1200,15,3,0
239,110,129,2,30,1,1,0
62,62,0,1,0,1,0,1
211,78,133,2,30,1,1,0
182,93,89,2,30,1,1,0
66,66,0,1,0,1,0,2
70,70,0,1,0,1,0,2
278,100,178,4,31,2,2,0
303,85,218,2,30,1,1,0
199,102,97,2,31,1,1,0
216,90,126,2,30,1,1,0
212,102,110,2,30,1,1,0
4918,1626,3292,17,17,10,7,0
1151,711,440,10,15,5,5,0
240,71,169,2,30,1,1,0
755,93,662,2,31,1,1,0
66,66,0,1,0,1,0,1
194,99,95,2,31,1,1,0
1026,383,643,10,84,5,5,0
70,70,0,1,0,1,0,2
833,290,543,8,88,4,4,0
188,96,92,2,31,1,1,0
66,66,0,1,0,1,0,2
5470,3223,2247,43,172,22,21,0
98,98,0,1,0,1,0,1
66,66,0,1,0,1,0,1
70,70,0,1,0,1,0,2
66,66,0,1,0,1,0,1
60,60,0,1,0,1,0,1
752,110,642,2,30,1,1,0
9565,3317,6248,25,144,14,11,0
392514,41757,350757,626,118,209,417,0
237,98,139,2,30,1,1,0
66,66,0,1,0,1,0,1
199,102,97,2,30,1,1,0
177,94,83,2,30,1,1,0
164,78,86,2,30,1,1,0
322,66,256,6,16,2,4,0
66,66,0,1,0,1,0,2
15771,2037,13734,39,187,20,19,0
70,70,0,1,0,1,0,2
66,66,0,1,0,1,0,2
66,66,0,1,0,1,0,1
200,102,98,2,30,1,1,0
62,62,0,1,0,1,0,1
70,70,0,2,8,2,0,0
166,86,80,2,30,1,1,0
183,102,81,2,31,1,1,0
177,94,83,2,30,1,1,0
3244,2042,1202,17,16,9,8,0
2966,801,2165,13,135,6,7,0
256,78,178,2,30,1,1,0
70,70,0,1,0,1,0,2
62,62,0,1,0,1,0,1
8300,966,7334,14,20,6,8,0
177,94,83,2,31,1,1,0
62,62,0,1,0,1,0,1
12425,835,11590,19,17,8,11,0
1656,126,1530,4,31,2,2,0
70,70,0,1,5,1,0,0
901,126,775,2,30,1,1,0
62,62,0,1,0,1,0,1
70,70,0,1,0,1,0,2
66,66,0,1,0,1,0,1
13236,4421,8815,28,61,16,12,0
550,476,74,6,15,5,1,0
172,76,96,2,31,1,1,0
145,145,0,1,0,1,0,1
193,102,91,2,31,1,1,0
486,240,246,9,28,5,4,0
66,66,0,1,5,1,0,0
62,62,0,1,0,1,0,1
215,102,113,2,30,1,1,0
70,70,0,1,5,1,0,0
180,94,86,2,30,1,1,0
178,94,84,2,30,1,1,0
62,62,0,1,0,1,0,1
66,66,0,1,0,1,0,2
70,70,0,1,0,1,0,2
235,71,164,2,31,1,1,0
70,70,0,1,0,1,0,2
11243,4236,7007,47,15,22,25,0
161,101,60,2,5,1,1,0
11749,5336,6413,32,153,18,14,0
3132,1697,1435,17,15,10,7,0
66,66,0,1,0,1,0,1
66,66,0,1,0,1,0,2
7766,1810,5956,24,46,14,10,0
70,70,0,2,7,2,0,0
66,66,0,1,0,1,0,2
355862,9048,346814,358,163,116,242,0
9625,3512,6113,41,92,21,20,0
70,70,0,1,0,1,0,2
3931,678,3253,15,140,6,9,0
146,146,0,1,0,1,0,1
70,70,0,1,0,1,0,2
3398,947,2451,18,27,9,9,0
66,66,0,1,0,1,0,2
70,70,0,1,0,1,0,2
2791,1259,1532,13,125,7,6,0
66,66,0,1,0,1,0,1
70,70,0,1,5,1,0,0
70,70,0,1,5,1,0,0
15535,2173,13362,30,21,17,13,0
66,66,0,1,0,1,0,2
1807,1048,759,16,25,8,8,0
70,70,0,2,8,2,0,0
177,94,83,2,30,1,1,0
143,143,0,1,0,1,0,1
880,126,754,2,30,1,1,0
4456,2972,1484,38,211,20,18,0
70,70,0,1,0,1,0,2
387,102,285,2,29,1,1,0
66,66,0,1,0,1,0,1
776,102,674,2,30,1,1,0
213,87,126,2,31,1,1,0
194,102,92,2,31,1,1,0
66,66,0,1,0,1,0,2
177,94,83,2,30,1,1,0
182,93,89,2,31,1,1,0
4250,2969,1281,23,47,12,11,0
70,70,0,1,5,1,0,0
60,60,0,1,0,1,0,1
9152383,160511,8991872,8428,252,2261,6167,0
719,208,511,6,32,3,3,0
62,62,0,1,0,1,0,1
179,94,85,2,30,1,1,0
34695,17472,17223,55,33,28,27,0
70,70,0,1,0,1,0,2
66,66,0,1,0,1,0,2
7440,4032,3408,48,629,25,23,0
7901,3483,4418,24,30,13,11,0
177,94,83,2,30,1,1,0
62,62,0,1,0,1,0,1
70,70,0,1,0,1,0,2
227,92,135,2,31,1,1,0
196,102,94,2,30,1,1,0
70,70,0,1,0,1,0,2
70,70,0,1,0,1,0,2
62,62,0,1,0,1,0,1
62,62,0,1,0,1,0,1
231,90,141,2,30,1,1,0
8856,4253,4603,79,27,42,37,0
15425,9901,5524,33,84,17,16,0
1625,1038,587,14,34,8,6,0
70,70,0,1,0,1,0,2
5930,910,5020,18,36,9,9,0
70,70,0,1,0,1,0,2
6594797,175738,6419059,6398,123,1755,4643,0
6118,5698,420,12,123,6,6,0
148,148,0,1,0,1,0,1
212477,8324,204153,232,122,79,153,0
62,62,0,1,0,1,0,1
7538,4953,2585,21,54,12,9,0
3633587,34615,3598972,2964,137,514,2450,0
6938,1531,5407,23,195,13,10,0
876,126,750,2,30,1,1,0
2634,1780,854,14,142,8,6,0
70,70,0,1,0,1,0,2
16179,1763,14416,38,46,17,21,0
173,94,79,2,30,1,1,0
10667,2992,7675,32,560,17,15,0
70,70,0,1,0,1,0,2
448,184,264,6,30,3,3,0
370,238,132,3,32,2,1,0
70,70,0,1,0,1,0,2
66,66,0,1,0,1,0,1
66,66,0,1,0,1,0,2
62,62,0,1,0,1,0,1
60,60,0,1,0,1,0,1
145,145,0,1,0,1,0,1
61151,2474,58677,61,25,16,45,0
70,70,0,1,0,1,0,2
180,94,86,2,35,1,1,0
62,62,0,1,0,1,0,1
184,94,90,2,31,1,1,0
64658,47775,16883,115,16,63,52,0
3174,1617,1557,17,18,9,8,0
7942,1953,5989,20,15,11,9,0
6100,777,5323,17,25,9,8,0
264,94,170,2,31,1,1,0
9767,6194,3573,40,47,21,19,0
87648,6895,80753,131,364,66,65,0
213,94,119,2,30,1,1,0
70,70,0,1,0,1,0,2
62,62,0,1,0,1,0,1
184,94,90,2,31,1,1,0
70,70,0,1,0,1,0,2
12364,548,11816,17,46,6,11,0
210,98,112,2,31,1,1,0
146,146,0,1,0,1,0,1
66,66,0,1,0,1,0,2
199,94,105,2,30,1,1,0
70,70,0,2,8,2,0,0
242,78,164,2,30,1,1,0
293,223,70,4,1,3,1,3
70,70,0,1,0,1,0,2
62,62,0,1,0,1,0,1
8072,2052,6020,20,15,11,9,0
9097,2123,6974,25,16,15,10,0
66,66,0,1,0,1,0,1
200,102,98,2,29,1,1,0
239,102,137,2,30,1,1,0
66,66,0,1,0,1,0,2
177,94,83,2,29,1,1,0
70,70,0,1,0,1,0,2
18887,8273,10614,42,62,22,20,0
178,94,84,2,30,1,1,0
66,66,0,2,8,2,0,0
8604,2228,6376,36,739,19,17,0
62,62,0,1,0,1,0,1
60,60,0,1,0,1,0,1
70,70,0,1,0,1,0,2
189,102,87,2,30,1,1,0
66,66,0,1,0,1,0,2
62,62,0,1,0,1,0,1
145,145,0,1,0,1,0,1
214,140,74,4,41,3,1,0
66,66,0,1,0,1,0,1
60,60,0,1,0,1,0,1
13330,3836,9494,53,255,29,24,0
66,66,0,1,0,1,0,2
66,66,0,1,0,1,0,2
2595,1230,1365,18,16,9,9,0
414,106,308,2,30,1,1,0
224,94,130,2,30,1,1,0
70,70,0,1,5,1,0,0
66,66,0,1,0,1,0,1
182,102,80,2,30,1,1,0
66,66,0,1,0,1,0,1
62,62,0,1,0,1,0,1
9602,814,8788,19,129,10,9,0
170,87,83,2,31,1,1,0
184,94,90,2,30,1,1,0
62,62,0,1,0,1,0,1
66,66,0,1,0,1,0,2
136,136,0,1,0,1,0,1
184,94,90,2,30,1,1,0
213,79,134,2,33,1,1,0
758,96,662,2,31,1,1,0
199,94,105,2,30,1,1,0
883,126,757,2,30,1,1,0
62,62,0,1,0,1,0,1
3592,2098,1494,26,417,14,12,0
66,66,0,1,0,1,0,2
1574,921,653,14,15,7,7,0
70,70,0,1,0,1,0,1
62,62,0,1,0,1,0,1
66,66,0,1,0,1,0,1
4015,1813,2202,17,256,9,8,0
66,66,0,1,0,1,0,1
12399,3942,8457,83,615,42,41,0
9774,3034,6740,29,19,14,15,0
200,102,98,2,31,1,1,0
350,210,140,6,24,4,2,0
66,66,0,1,0,1,0,1
66,66,0,1,0,1,0,2
292,102,190,2,30,1,1,0
216,78,138,2,29,1,1,0
70,70,0,1,0,1,0,2
66,66,0,1,0,1,0,1
193,102,91,2,30,1,1,0
17008,1379,15629,22,25,7,15,0
62,62,0,1,0,1,0,1
70,70,0,1,0,1,0,2
66,66,0,1,0,1,0,1
66,66,0,1,0,1,0,1
6021,1249,4772,20,23,11,9,0
62,62,0,1,0,1,0,1
733,94,639,2,30,1,1,0
1657,1247,410,8,15,5,3,0
209,110,99,2,29,1,1,0
168,86,82,2,30,1,1,0
62,62,0,1,0,1,0,1
60,60,0,1,0,1,0,1
184,94,90,2,29,1,1,0
177,94,83,2,30,1,1,0
60,60,0,1,0,1,0,1
66,66,0,1,0,1,0,1
6384,1899,4485,16,75,9,7,0
62,62,0,1,0,1,0,1
60,60,0,1,0,1,0,1
177,94,83,2,30,1,1,0
234,234,0,4,12,4,0,0
234,234,0,4,12,4,0,0
66,66,0,1,0,1,0,1
62,62,0,1,0,1,0,1
882,126,756,2,30,1,1,0
4170,1901,2269,14,120,7,7,0
70,70,0,1,0,1,0,2
319,126,193,2,29,1,1,0
66,66,0,1,0,1,0,2
2814,2440,374,13,16,7,6,0
200,102,98,2,30,1,1,0
60,60,0,1,0,1,0,1
66,66,0,1,0,1,0,2
62,62,0,1,0,1,0,1
60,60,0,1,0,1,0,1
70,70,0,1,0,1,0,2
70,70,0,1,0,1,0,2
66,66,0,1,0,1,0,2
62,62,0,1,0,1,0,1
4256,2975,1281,23,47,12,11,0
177,94,83,2,29,1,1,0
176,90,86,2,31,1,1,0
2391,532,1859,11,76,6,5,0
4508,2978,1530,13,15,6,7,0
3312,1098,2214,19,137,10,9,0
206,105,101,2,30,1,1,0
4857,3938,919,18,81,11,7,0
148,148,0,1,0,1,0,1
167,78,89,2,29,1,1,0
578,286,292,9,16,5,4,0
4528,803,3725,14,15,8,6,0
66,66,0,1,0,1,0,2
564,318,246,9,16,5,4,0
70,70,0,1,0,1,0,2
66,66,0,1,0,1,0,1
183,94,89,2,30,1,1,0
836939,25380,811559,864,64,302,562,0
215,77,138,2,31,1,1,0
66,66,0,1,0,1,0,1
202,202,0,3,46,3,0,0
62,62,0,1,0,1,0,1
404,95,309,4,49,2,2,0
70,70,0,1,0,1,0,2
60,60,0,1,0,1,0,1
67798,17043,50755,202,146,110,92,0
90562,4227,86335,118,200,49,69,0
62,62,0,1,0,1,0,1
62,62,0,1,0,1,0,1
190,97,93,2,31,1,1,0
5706850,104758,5602092,5170,41,1379,3791,0
62,62,0,1,0,1,0,1
227,94,133,2,29,1,1,0
62,62,0,1,0,1,0,1
62,62,0,1,0,1,0,1
372,94,278,2,30,1,1,0
227,110,117,2,30,1,1,0
70,70,0,1,0,1,0,2
70,70,0,2,7,2,0,0
66,66,0,1,0,1,0,2
70,70,0,1,0,1,0,2
64,64,0,1,5,1,0,0
196,94,102,2,30,1,1,0
66,66,0,1,0,1,0,2
1512,850,662,16,93,9,7,0
9535,3495,6040,18,121,10,8,0
66,66,0,1,0,1,0,1
241,95,146,2,30,1,1,0
183,94,89,2,29,1,1,0
643217,29500,613717,787,53,338,449,0
66,66,0,1,0,1,0,1
4524,1489,3035,26,1327,15,11,0
237,91,146,2,33,1,1,0
60,60,0,1,0,1,0,1
66,66,0,1,0,1,0,1
167,86,81,2,30,1,1,0
70,70,0,1,0,1,0,2
195,102,93,2,31,1,1,0
70,70,0,1,0,1,0,2
86745,6260,80485,121,32,58,63,0
70,70,0,1,0,1,0,2
177,94,83,2,30,1,1,0
167,86,81,2,31,1,1,0
62,62,0,1,0,1,0,1
70,70,0,1,0,1,0,2
66,66,0,1,0,1,0,2
720,94,626,2,30,1,1,0
146,146,0,1,0,1,0,1
70,70,0,1,0,1,0,2
11065,1394,9671,23,75,13,10,0
70,70,0,1,5,1,0,0
66,66,0,1,0,1,0,1
60,60,0,1,0,1,0,1
499,425,74,4,0,3,1,0
66,66,0,1,0,1,0,1
411,225,186,6,16,3,3,0
198,101,97,2,31,1,1,0
70,70,0,2,8,2,0,0
145,145,0,1,0,1,0,1
4564,3204,1360,19,348,10,9,0
78,78,0,1,5,1,0,0
66,66,0,1,0,1,0,1
212,110,102,2,30,1,1,0
62,62,0,1,0,1,0,1
255313,6947,248366,253,123,74,179,0
7320,1817,5503,41,106,16,25,0
83,83,0,1,0,1,0,1
154976,25739,129237,605,387,321,284,0
10767,783,9984,19,15,9,10,0
1442,700,742,12,35,6,6,0
179461,16904,162557,220,36,105,115,0
62,62,0,1,0,1,0,1
5802,2592,3210,24,76,14,10,0
1429,1295,134,10,29,8,2,0
378,192,186,7,21,4,3,0
167,86,81,2,29,1,1,0
14205,1527,12678,13,147,2,11,0
66,66,0,1,0,1,0,2
1835,421,1414,9,15,4,5,0
70,70,0,1,0,1,0,2
193,102,91,2,31,1,1,0
70,70,0,1,0,1,0,2
4713,1806,2907,19,30,11,8,0
4326,2217,2109,14,120,7,7,0
66,66,0,1,0,1,0,2
7733,1203,6530,21,15,12,9,0
168,78,90,2,30,1,1,0
176,90,86,2,31,1,1,0
70,70,0,1,0,1,0,2
285,103,182,4,51,2,2,0
70,70,0,1,0,1,0,2
62,62,0,1,0,1,0,1
624666,17676,606990,671,14,267,404,0
11115,3034,8081,35,19,18,17,0
70,70,0,1,5,1,0,0
195,102,93,2,31,1,1,0
66,66,0,1,0,1,0,1
70,70,0,1,0,1,0,2
168,78,90,2,30,1,1,0
132,132,0,3,1199,3,0,0
502,150,352,2,1199,1,1,0
300,102,198,4,40,2,2,0
62,62,0,1,0,1,0,1
62,62,0,1,0,1,0,1
762,97,665,2,31,1,1,0
1313,876,437,11,27,6,5,0
66,66,0,1,0,1,0,1
6919,2112,4807,19,15,10,9,0
760,97,663,2,31,1,1,0
1614,1300,314,10,15,5,5,0
5655,1614,4041,22,30,11,11,0
66,66,0,1,0,1,0,1
209,110,99,2,29,1,1,0
213,102,111,2,30,1,1,0
70,70,0,1,0,1,0,2
178,94,84,2,29,1,1,0
66,66,0,1,0,1,0,2
330,97,233,4,33,2,2,0
70,70,0,1,0,1,0,2
11605,6867,4738,29,256,17,12,0
3424,1710,1714,16,33,8,8,0
6602,1573,5029,25,271,11,14,0
448,184,264,6,29,3,3,0
60,60,0,1,0,1,0,1
66,66,0,1,0,1,0,1
62,62,0,1,0,1,0,1
318,192,126,6,26,4,2,0
70,70,0,2,8,2,0,0
318,192,126,6,26,4,2,0
70,70,0,1,0,1,0,2
74,74,0,1,0,1,0,1
146,146,0,1,0,1,0,1
237,86,151,2,30,1,1,0
62,62,0,1,0,1,0,1
66,66,0,1,0,1,0,2
422,164,258,6,30,3,3,0
214,140,74,4,30,3,1,0
70,70,0,1,0,1,0,2
8382,2454,5928,44,86,26,18,0
70,70,0,1,0,1,0,2
70,70,0,1,0,1,0,2
10961,4286,6675,53,320,21,32,0
4252,1594,2658,13,135,6,7,0
168,78,90,2,30,1,1,0
214,102,112,2,30,1,1,0
627,80,547,2,29,1,1,0
70,70,0,1,0,1,0,2
211,110,101,2,30,1,1,0
318,192,126,6,30,4,2,0
66,66,0,1,0,1,0,1
66,66,0,1,0,1,0,1
6655,1166,5489,21,360,11,10,0
70,70,0,1,5,1,0,0
9323,2192,7131,25,25,13,12,0
145,145,0,1,0,1,0,1
5844,2360,3484,25,127,12,13,0
182,93,89,2,30,1,1,0
166,86,80,2,30,1,1,0
70,70,0,1,0,1,0,2
70,70,0,1,0,1,0,2
3800,1324,2476,14,136,7,7,0
499,425,74,4,0,3,1,0
70,70,0,1,0,1,0,2
227145,7409,219736,252,146,86,166,0
66,66,0,1,0,1,0,2
177,94,83,2,30,1,1,0
124703,6134,118569,147,125,64,83,0
7173,1419,5754,32,383,11,21,0
66,66,0,1,0,1,0,2
66,66,0,1,0,1,0,1
60,60,0,1,0,1,0,1
320,140,180,6,5,3,3,0
70,70,0,2,7,2,0,0
117314,4775,112539,144,120,51,93,0
62,62,0,1,0,1,0,1
4726,2487,2239,19,305,9,10,0
66,66,0,1,0,1,0,1
70,70,0,1,0,1,0,2
66,66,0,1,0,1,0,2
66,66,0,1,0,1,0,2
762,98,664,2,31,1,1,0
5433,3275,2158,16,135,8,8,0
3972,2532,1440,18,80,10,8,0
145,145,0,1,0,1,0,1
138,78,60,2,5,1,1,0
1019,252,767,4,32,3,1,0
6133,1655,4478,12,121,5,7,0
70,70,0,1,0,1,0,2
62,62,0,1,0,1,0,1
10447,2417,8030,26,16,15,11,0
66,66,0,1,0,1,0,1
504,382,122,8,15,6,2,0
198,102,96,2,33,1,1,0
66,66,0,1,0,1,0,1
70,70,0,1,0,1,0,2
70,70,0,1,0,1,0,2
70,70,0,2,5,2,0,0
195,102,93,2,31,1,1,0
62,62,0,1,0,1,0,1
156,156,0,3,8,3,0,0
373,171,202,5,40,3,2,0
70,70,0,1,0,1,0,1
70,70,0,1,0,1,0,2
890,411,479,11,15,6,5,0
304,86,218,2,30,1,1,0
70,70,0,1,0,1,0,2
1282,650,632,9,127,5,4,0
62,62,0,1,0,1,0,1
66,66,0,1,0,1,0,2
5776,1079,4697,15,53,8,7,0
62,62,0,1,0,1,0,1
70,70,0,2,8,2,0,0
70,70,0,1,5,1,0,0
170,87,83,2,31,1,1,0
792,792,0,13,1199,13,0,0
62,62,0,1,0,1,0,1
66,66,0,1,0,1,0,1
78,78,0,1,5,1,0,0
4638384,61757,4576627,3641,280,309,3332,0
70,70,0,1,0,1,0,2
272,94,178,2,30,1,1,0
254,94,160,2,30,1,1,0
190,97,93,2,31,1,1,0
1384,648,736,9,15,5,4,0
62,62,0,1,0,1,0,1
318,192,126,6,26,4,2,0
70,70,0,1,0,1,0,2
62,62,0,1,0,1,0,1
4398,1491,2907,19,26,11,8,0
48923,5417,43506,61,122,25,36,0
62,62,0,1,0,1,0,1
5661,2414,3247,22,39,13,9,0
16482,9312,7170,39,141,19,20,0
66,66,0,1,0,1,0,1
66,66,0,1,0,1,0,1
1354,850,504,13,256,8,5,0
70,70,0,1,0,1,0,2
184,94,90,2,31,1,1,0
7188,2098,5090,38,113,22,16,0
195,102,93,2,30,1,1,0
11771,2624,9147,50,19,25,25,0
70,70,0,2,8,2,0,0
70,70,0,1,0,1,0,2
62,62,0,1,0,1,0,1
1462,965,497,13,18,7,6,0
66,66,0,1,0,1,0,2
505625,19174,486451,584,143,204,380,0
2731084,2639957,91127,2979,151,1945,1034,0
66,66,0,1,0,1,0,2
292,94,198,2,30,1,1,0
66,66,0,1,0,1,0,2
10190,4774,5416,64,1490,32,32,0
233,90,143,2,32,1,1,0
146,146,0,1,0,1,0,1
66,66,0,1,0,1,0,1
7066,1861,5205,32,1262,17,15,0
66,66,0,1,0,1,0,1
1044,1044,0,1,0,1,0,1
5241,1194,4047,19,40,9,10,0
66,66,0,1,0,1,0,2
6821,1076,5745,21,38,12,9,0
183,94,89,2,30,1,1,0
62,62,0,1,0,1,0,1
66,66,0,1,0,1,0,2
62,62,0,1,0,1,0,1
66,66,0,1,0,1,0,1
2163,676,1487,14,15,7,7,0
70,70,0,1,0,1,0,2
5167,700,4467,16,15,7,9,0
4722,1330,3392,18,80,9,9,0
70,70,0,1,0,1,0,2
70,70,0,1,0,1,0,2
66,66,0,1,0,1,0,1
62,62,0,1,0,1,0,1
70,70,0,2,8,2,0,0
168,86,82,2,30,1,1,0
499,425,74,4,0,3,1,0
10192,3818,6374,20,16,9,11,0
11113,2993,8120,26,143,14,12,0
60,60,0,1,0,1,0,1
62,62,0,1,0,1,0,1
404,259,145,3,32,2,1,0
70,70,0,1,0,1,0,2
12618,1038,11580,28,50,13,15,0
537,158,379,2,1199,1,1,0
223,78,145,2,29,1,1,0
481,150,331,2,1200,1,1,0
266,87,179,4,32,2,2,0
66,66,0,1,0,1,0,1
146,146,0,1,0,1,0,1
70,70,0,1,0,1,0,2
66,66,0,1,0,1,0,1
62,62,0,1,0,1,0,1
3354,1792,1562,46,196,23,23,0
148,148,0,1,0,1,0,1
62,62,0,1,0,1,0,1
62,62,0,1,0,1,0,1
224,78,146,2,31,1,1,0
7193,1890,5303,22,37,15,7,0
369,150,219,2,30,1,1,0
62,62,0,1,0,1,0,1
232,78,154,2,29,1,1,0
22648,14673,7975,96,245,45,51,0
21523,4681,16842,37,149,18,19,0
7456,1591,5865,32,54,15,17,0
62,62,0,1,0,1,0,1
891,126,765,2,31,1,1,0
538995,15959,523036,552,140,201,351,0
66,66,0,1,0,1,0,1
62,62,0,1,0,1,0,1
220,90,130,2,29,1,1,0
62,62,0,1,0,1,0,1
318,192,126,6,26,4,2,0
300370,14101,286269,313,63,116,197,0
70,70,0,1,5,1,0,0
62,62,0,1,0,1,0,1
193,102,91,2,29,1,1,0
528,528,0,9,1199,9,0,0
70,70,0,1,4,1,0,0
177,94,83,2,30,1,1,0
741,462,279,2,30,1,1,0
3638,2087,1551,17,16,10,7,0
184,94,90,2,31,1,1,0
821,102,719,2,30,1,1,0
62,62,0,1,0,1,0,1
216,110,106,2,30,1,1,0
5663,1711,3952,22,17,13,9,0
197,102,95,2,30,1,1,0
66,66,0,1,0,1,0,1
60,60,0,1,0,1,0,1
755,102,653,2,29,1,1,0
62,62,0,1,0,1,0,1
7150,1958,5192,28,144,14,14,0
162268,121343,40925,316,6101,108,208,0
916,86,830,2,31,1,1,0
24256,1841,22415,41,131,18,23,0
1883,1263,620,11,83,6,5,0
62,62,0,1,0,1,0,1
177,94,83,2,29,1,1,0
1786,172,1614,7,120,3,4,0
146,146,0,1,0,1,0,1
70,70,0,1,0,1,0,2
214,110,104,2,30,1,1,0
5763,2553,3210,24,80,14,10,0
231,90,141,2,31,1,1,0
266781,12334,254447,323,161,119,204,0
70,70,0,1,5,1,0,0
66,66,0,1,0,1,0,1
168,86,82,2,31,1,1,0
328,93,235,4,29,2,2,0
62,62,0,1,0,1,0,1
190,70,120,4,15,2,2,0
283034,39462,243572,536,224,257,279,0
378,192,186,7,38,4,3,0
70,70,0,1,0,1,0,2
220,90,130,2,30,1,1,0
2241,1549,692,9,15,5,4,0
150,150,0,1,1200,1,0,0
146,146,0,1,0,1,0,1
224178,118713,105465,333,140,162,171,0
195,102,93,2,30,1,1,0
2341,1054,1287,20,299,7,13,0
70,70,0,1,0,1,0,2
193,102,91,2,30,1,1,0
27251,9966,17285,70,73,35,35,0
7040,5744,1296,16,158,9,7,0
70,70,0,1,0,1,0,2
82,82,0,1,0,1,0,1
62,62,0,1,0,1,0,1
296,102,194,4,41,2,2,0
564,318,246,9,15,5,4,0
62,62,0,1,0,1,0,1
2050,1691,359,9,75,6,3,0
684,140,544,11,165,3,8,0
5263,2534,2729,16,120,8,8,0
11175,1078,10097,25,41,11,14,0
60,60,0,1,0,1,0,1
70,70,0,1,0,1,0,2
334,226,108,3,30,2,1,0
78,78,0,1,30,1,0,0
433261,34730,398531,604,279,258,346,0
157,157,0,1,0,1,0,1
448,94,354,4,49,2,2,0
70,70,0,1,0,1,0,2
648,210,438,10,27,4,6,0
70,70,0,1,0,1,0,2
209,110,99,2,30,1,1,0
66,66,0,1,0,1,0,1
271,102,169,2,30,1,1,0
70,70,0,1,0,1,0,2
62,62,0,1,0,1,0,1
62,62,0,1,0,1,0,1
70,70,0,1,0,1,0,2
62,62,0,1,0,1,0,1
184,94,90,2,30,1,1,0
70,70,0,1,0,1,0,2
3886,696,3190,13,142,6,7,0
5517,2843,2674,19,47,10,9,0
62,62,0,1,0,1,0,1
7259,842,6417,27,290,9,18,0
102,102,0,2,31,2,0,0
4364,2129,2235,12,121,6,6,0
62,62,0,1,0,1,0,1
60,60,0,1,0,1,0,1
70,70,0,1,0,1,0,2
323,85,238,4,34,2,2,0
6753,3135,3618,17,41,8,9,0
243,102,141,2,30,1,1,0
66,66,0,1,0,1,0,2
62,62,0,1,0,1,0,1
293,126,167,4,0,2,2,1
402,118,284,2,30,1,1,0
1507,682,825,13,20,8,5,0
6603,1085,5518,23,28,11,12,0
62,62,0,1,0,1,0,1
41720,6568,35152,47,89,17,30,0
190,97,93,2,31,1,1,0
240,78,162,2,30,1,1,0
70,70,0,1,0,1,0,2
70,70,0,1,0,1,0,2
2069,1081,988,12,16,7,5,0
66,66,0,1,0,1,0,2
62,62,0,1,0,1,0,1
70,70,0,1,0,1,0,2
66,66,0,1,0,1,0,1
146,146,0,1,0,1,0,1
197,102,95,2,29,1,1,0
62,62,0,1,0,1,0,1
8960,2949,6011,21,122,10,11,0
70,70,0,1,5,1,0,0
66,66,0,1,0,1,0,1
903,126,777,2,29,1,1,0
552885,34781,518104,733,245,314,419,0
66,66,0,1,0,1,0,2
146,146,0,1,0,1,0,1
10216,2749,7467,27,86,14,13,0
215,86,129,2,30,1,1,0
9517,1898,7619,21,85,11,10,0
70,70,0,1,0,1,0,2
66,66,0,1,0,1,0,2
3756,1914,1842,19,361,9,10,0
5697,503,5194,14,15,7,7,0
62,62,0,1,0,1,0,1
66,66,0,1,0,1,0,2
70,70,0,1,4,1,0,0
702,194,508,6,67,3,3,0
62,62,0,1,0,1,0,1
189,102,87,2,30,1,1,0
1624,126,1498,4,31,2,2,0
70,70,0,1,0,1,0,2
66,66,0,1,0,1,0,2
70,70,0,1,0,1,0,2
1346,918,428,10,33,6,4,0
66,66,0,1,0,1,0,2
70,70,0,1,0,1,0,2
13853,4638,9215,42,387,21,21,0
146,146,0,1,0,1,0,1
60,60,0,1,0,1,0,1
70,70,0,1,0,1,0,2
295,101,194,4,32,2,2,0
62,62,0,1,0,1,0,1
2589,1443,1146,18,16,8,10,0
60,60,0,1,0,1,0,1
11233,3101,8132,37,150,18,19,0
299,110,189,4,31,2,2,0
537,98,439,4,40,2,2,0
2540,1317,1223,17,28,9,8,0
66,66,0,1,0,1,0,2
177,94,83,2,29,1,1,0
62,62,0,1,0,1,0,1
1195,401,794,9,16,5,4,0
11095,2599,8496,45,257,22,23,0
70,70,0,1,0,1,0,2
78,78,0,1,4,1,0,0
70,70,0,1,0,1,0,2
70,70,0,1,0,1,0,2
66,66,0,1,0,1,0,2
66,66,0,1,0,1,0,1
196,102,94,2,30,1,1,0
62,62,0,1,0,1,0,1
70,70,0,2,8,2,0,0
193,102,91,2,29,1,1,0
66,66,0,1,0,1,0,2
347,110,237,2,30,1,1,0
70,70,0,1,0,1,0,2
700,275,425,4,1200,2,2,0
121475,5644,115831,163,145,81,82,0
66,66,0,1,0,1,0,1
146,146,0,1,0,1,0,1
877,126,751,2,30,1,1,0
66,66,0,1,0,1,0,2
145,145,0,1,0,1,0,1
3459,1620,1839,16,186,10,6,0
130,70,60,2,14,1,1,0
234,93,141,2,30,1,1,0
303,85,218,2,30,1,1,0
10684,3167,7517,43,34,24,19,0
66,66,0,1,0,1,0,2
62,62,0,1,0,1,0,1
180,94,86,2,30,1,1,0
148,148,0,1,0,1,0,1
66,66,0,1,0,1,0,2
62,62,0,1,0,1,0,1
70,70,0,1,0,1,0,2
199,102,97,2,29,1,1,0
70,70,0,2,8,2,0,0
17643,1063,16580,26,35,11,15,0
704,280,424,11,19,5,6,0
66,66,0,1,0,1,0,1
60,60,0,1,0,1,0,1
70,70,0,1,5,1,0,0
70,70,0,2,7,2,0,0
749,94,655,2,30,1,1,0
480,244,236,4,0,2,2,0
70,70,0,1,4,1,0,0
320,128,192,6,6,3,3,0
66,66,0,1,0,1,0,1
70,70,0,1,0,1,0,2
156,156,0,2,0,2,0,0
66,66,0,1,0,1,0,2
70,70,0,1,0,1,0,1
119,119,0,1,0,1,0,1
145,145,0,1,0,1,0,1
66,66,0,1,0,1,0,1
70,70,0,2,7,2,0,0
66,66,0,1,5,1,0,0
66,66,0,1,0,1,0,1
70,70,0,1,0,1,0,2
210,102,108,2,30,1,1,0
1485,806,679,13,15,7,6,0
612,306,306,10,15,5,5,0
70,70,0,1,0,1,0,2
233,102,131,2,30,1,1,0
200,102,98,2,0,1,1,0
62,62,0,1,0,1,0,1
62,62,0,1,0,1,0,1
182,93,89,2,31,1,1,0
70,70,0,1,0,1,0,2
161,161,0,1,0,1,0,1
1231702,397859,833843,10382,185,4780,5602,0
170,87,83,2,31,1,1,0
167,86,81,2,30,1,1,0
177,94,83,2,30,1,1,0
229,89,140,2,31,1,1,0
196,102,94,2,29,1,1,0
70,70,0,1,0,1,0,2
146,146,0,1,0,1,0,1
180,94,86,2,30,1,1,0
25215,5119,20096,55,144,26,29,0
199,94,105,2,29,1,1,0
733,86,647,2,30,1,1,0
62,62,0,1,0,1,0,1
70,70,0,1,0,1,0,2
70,70,0,1,0,1,0,2
198,90,108,2,30,1,1,0
70,70,0,1,4,1,0,0
70,70,0,1,0,1,0,2
774,102,672,2,30,1,1,0
504,318,186,8,15,5,3,0
62,62,0,1,0,1,0,1
62,62,0,1,0,1,0,1
62,62,0,1,0,1,0,1
66,66,0,1,0,1,0,2
66,66,0,1,0,1,0,2
70,70,0,1,0,1,0,2
731,91,640,2,30,1,1,0
7458,2832,4626,26,16,15,11,0
4510,1603,2907,19,28,11,8,0
10694,4129,6565,41,111,20,21,0
62,62,0,1,0,1,0,1
9326,1833,7493,24,131,12,12,0
66,66,0,1,0,1,0,1
66,66,0,1,0,1,0,1
237,94,143,2,30,1,1,0
184,94,90,2,30,1,1,0
70,70,0,1,0,1,0,2
70,70,0,1,0,1,0,2
70,70,0,1,0,1,0,2
39551,4663,34888,60,357,27,33,0
62,62,0,1,0,1,0,1
102,102,0,1,5,1,0,0
3374,1535,1839,16,15,8,8,0
289,86,203,2,30,1,1,0
66,66,0,1,0,1,0,1
102168,31819,70349,140,62,75,65,0
289,97,192,4,45,2,2,0
186,95,91,2,31,1,1,0
168,78,90,2,29,1,1,0
168,78,90,2,30,1,1,0
7605,2028,5577,23,159,11,12,0
257,101,156,2,34,1,1,0
260,86,174,2,30,1,1,0
5471,2089,3382,17,121,8,9,0
887,126,761,2,31,1,1,0
350,118,232,2,29,1,1,0
241,118,123,2,30,1,1,0
70,70,0,1,0,1,0,1
184,94,90,2,31,1,1,0
62,62,0,1,0,1,0,1
401,142,259,2,30,1,1,0
70,70,0,1,0,1,0,2
225,110,115,2,30,1,1,0
62,62,0,1,0,1,0,1
244,94,150,2,29,1,1,0
145,145,0,1,0,1,0,1
182,102,80,2,30,1,1,0
66,66,0,1,0,1,0,2
66,66,0,1,0,1,0,2
202,86,116,2,29,1,1,0
234,234,0,4,12,4,0,0
186,95,91,2,31,1,1,0
66,66,0,1,0,1,0,2
214,140,74,4,35,3,1,0
1988,1072,916,12,515,7,5,0
66,66,0,1,0,1,0,2
195,102,93,2,30,1,1,0
180,94,86,2,30,1,1,0
366,240,126,7,31,5,2,0
3327,1438,1889,15,16,8,7,0
60,60,0,1,0,1,0,1
66,66,0,1,0,1,0,2
199,102,97,2,29,1,1,0
66,66,0,1,0,1,0,1
4310,2523,1787,42,120,24,18,0
7353,1573,5780,21,78,11,10,0
193,102,91,2,29,1,1,0
6877,1694,5183,24,306,13,11,0
235,90,145,2,32,1,1,0
20739,7254,13485,97,734,44,53,0
6506,1356,5150,24,16,14,10,0
70,70,0,1,0,1,0,2
1917,1468,449,10,20,6,4,0
410,410,0,1,0,1,0,1
66,66,0,1,0,1,0,2
70,70,0,1,5,1,0,0
66,66,0,1,0,1,0,2
3538,2015,1523,28,325,14,14,0
210,110,100,2,30,1,1,0
148,86,62,2,31,1,1,0
70,70,0,1,0,1,0,2
219,87,132,2,30,1,1,0
88469,3492,84977,104,396,35,69,0
66,66,0,1,0,1,0,2
269,78,191,2,30,1,1,0
60,60,0,1,0,1,0,1
70,70,0,1,0,1,0,2
195,102,93,2,30,1,1,0
146,146,0,1,0,1,0,1
70,70,0,2,8,2,0,0
70,70,0,1,5,1,0,0
37255,2202,35053,46,125,17,29,0
66,66,0,1,0,1,0,1
3999,2255,1744,37,1122,19,18,0
62,62,0,1,0,1,0,1
70,70,0,1,0,1,0,2
1786,172,1614,7,0,3,4,0
28468,2316,26152,43,42,15,28,0
70,70,0,1,0,1,0,2
62,62,0,1,0,1,0,1
70,70,0,1,0,1,0,2
66,66,0,1,0,1,0,2
71843,2833,69010,83,15,36,47,0
258,70,188,4,9,2,2,0
194,102,92,2,33,1,1,0
70,70,0,1,0,1,0,2
584,370,214,9,26,6,3,0
196,102,94,2,30,1,1,0
62,62,0,1,60,1,0,0
178,94,84,2,29,1,1,0
202,103,99,2,31,1,1,0
70,70,0,1,0,1,0,2
145,145,0,1,0,1,0,1
66,66,0,1,0,1,0,1
66,66,0,1,0,1,0,1
193,102,91,2,30,1,1,0
177,94,83,2,31,1,1,0
66,66,0,1,0,1,0,2
198,101,97,2,31,1,1,0
62,62,0,1,0,1,0,1
66,66,0,1,0,1,0,1
384,166,218,2,30,1,1,0
214,110,104,2,30,1,1,0
167,86,81,2,29,1,1,0
70,70,0,1,0,1,0,2
509,176,333,6,56,3,3,0
70,70,0,1,0,1,0,2
11041,3217,7824,26,24,15,11,0
429,109,320,4,37,2,2,0
70,70,0,1,0,1,0,2
62,62,0,1,0,1,0,1
66,66,0,1,0,1,0,1
3354,1792,1562,46,196,23,23,0
70,70,0,1,0,1,0,2
148,148,0,1,0,1,0,1
37068,4085,32983,66,48,33,33,0
260,86,174,2,29,1,1,0
66,66,0,1,0,1,0,1
166,86,80,2,29,1,1,0
62,62,0,1,0,1,0,1
82,82,0,1,0,1,0,1
70,70,0,1,0,1,0,2
90570,3437,87133,103,90,34,69,0
6186,1650,4536,20,16,11,9,0
62,62,0,1,0,1,0,1
70,70,0,1,0,1,0,2
183,94,89,2,30,1,1,0
66,66,0,1,0,1,0,2
198,102,96,2,33,1,1,0
86,86,0,1,30,1,0,0
62,62,0,1,0,1,0,1
146,146,0,1,0,1,0,1
190,97,93,2,31,1,1,0
871,126,745,2,30,1,1,0
146,146,0,1,0,1,0,1
62,62,0,1,0,1,0,1
60,60,0,1,61,1,0,0
70,70,0,1,0,1,0,2
70,70,0,1,0,1,0,2
215,102,113,2,30,1,1,0
210,110,100,2,29,1,1,0
1283,644,639,9,146,5,4,0
66,66,0,1,91,1,0,0
258,70,188,4,8,2,2,0
7461,1034,6427,21,16,11,10,0
4815,2461,2354,47,58,26,21,0
62,62,0,1,0,1,0,1
66,66,0,1,0,1,0,1
70,70,0,1,0,1,0,2
3066,1675,1391,16,14,9,7,0
11456216,116932,11339284,9298,139,1683,7615,0
268,128,140,5,10,3,2,0
66,66,0,1,0,1,0,2
66,66,0,1,0,1,0,1
177,94,83,2,31,1,1,0
5378,984,4394,18,17,10,8,0
60,60,0,1,0,1,0,1
5977,1326,4651,18,30,11,7,0
70,70,0,1,0,1,0,2
70,70,0,1,0,1,0,2
70,70,0,1,0,1,0,2
146,146,0,1,0,1,0,1
314,192,122,6,15,4,2,0
66,66,0,1,0,1,0,2
166,86,80,2,30,1,1,0
8910,2660,6250,24,18,13,11,0
1710,976,734,16,81,8,8,0
261,110,151,2,30,1,1,0
196,102,94,2,30,1,1,0
70,70,0,1,0,1,0,2
244,78,166,2,31,1,1,0
168,78,90,2,30,1,1,0
70,70,0,1,0,1,0,2
730,102,628,2,29,1,1,0
70,70,0,1,0,1,0,2
66,66,0,1,0,1,0,2
256,87,169,4,37,2,2,0
66,66,0,1,0,1,0,1
131,131,0,1,0,1,0,1
18132,8636,9496,40,176,23,17,0
556154,55291,500863,1146,559,440,706,0
184,94,90,2,30,1,1,0
199,102,97,2,29,1,1,0
62,62,0,1,0,1,0,1
86,86,0,1,29,1,0,0
168,86,82,2,30,1,1,0
226,94,132,2,30,1,1,0
70,70,0,1,0,1,0,2
158,158,0,1,1200,1,0,0
145,145,0,1,0,1,0,1
70,70,0,1,0,1,0,2
102,102,0,1,30,1,0,0
1794,1480,314,13,15,8,5,0
758,102,656,2,31,1,1,0
5228,700,4528,17,14,7,10,0
193,102,91,2,30,1,1,0
66,66,0,1,5,1,0,0
184,94,90,2,29,1,1,0
193,78,115,2,30,1,1,0
760,96,664,2,30,1,1,0
7013,1092,5921,21,31,12,9,0
70,70,0,1,0,1,0,2
243667,236247,7420,2897,90,2851,46,0
66,66,0,1,0,1,0,2
86,86,0,1,29,1,0,0
66,66,0,1,0,1,0,1
8172,1833,6339,25,93,14,11,0
3536,2039,1497,22,18,11,11,0
60,60,0,1,0,1,0,1
312,132,180,6,6,3,3,0
62,62,0,1,0,1,0,1
66,66,0,1,0,1,0,2
8335,2802,5533,26,567,14,12,0
62,62,0,1,0,1,0,1
66,66,0,1,0,1,0,2
66,66,0,1,0,1,0,1
70,70,0,1,0,1,0,2
414,268,146,3,32,2,1,0
3094,2048,1046,18,16,9,9,0
78,78,0,1,30,1,0,0
70,70,0,1,0,1,0,2
391,96,295,4,49,2,2,0
70,70,0,1,0,1,0,2
70,70,0,1,0,1,0,2
17670,2044,15626,53,316,21,32,0
181,94,87,2,30,1,1,0
168,78,90,2,30,1,1,0
62,62,0,1,0,1,0,1
74,74,0,1,0,1,0,1
62,62,0,1,0,1,0,1
70,70,0,1,0,1,0,2
3301,1240,2061,14,135,7,7,0
66,66,0,1,0,1,0,2
758,96,662,2,31,1,1,0
66,66,0,1,0,1,0,1
66,66,0,1,0,1,0,2
7444,1915,5529,28,16,16,12,0
198,102,96,2,33,1,1,0
96,96,0,2,31,2,0,0
143,143,0,1,0,1,0,1
156,156,0,2,0,2,0,1
60,60,0,1,0,1,0,1
6412,1530,4882,24,255,11,13,0
70,70,0,1,0,1,0,2
202,70,132,3,11,1,2,0
16448,5420,11028,47,319,23,24,0
312,78,234,2,30,1,1,0
66,66,0,1,0,1,0,2
168,78,90,2,30,1,1,0
1369,799,570,13,77,7,6,0
70,70,0,1,0,1,0,2
70,70,0,2,8,2,0,0
62,62,0,1,0,1,0,1
188,96,92,2,30,1,1,0
2648,1797,851,19,23,11,8,0
413,170,243,6,31,3,3,0
5559,1639,3920,21,186,12,9,0
70,70,0,1,5,1,0,0
98292,24468,73824,179,52,81,98,0
12844,2619,10225,23,120,10,13,0
62,62,0,1,0,1,0,1
153,93,60,2,5,1,1,0
66,66,0,1,0,1,0,2
70,70,0,1,0,1,0,2
102,102,0,1,30,1,0,0
199,102,97,2,30,1,1,0
209,110,99,2,30,1,1,0
66,66,0,1,0,1,0,2
1842,1017,825,19,16,9,10,0
70,70,0,1,0,1,0,2
10024,6237,3787,22,27,11,11,0
548,112,436,4,36,2,2,0
314,192,122,6,15,4,2,0
148,148,0,1,0,1,0,1
186,95,91,2,31,1,1,0
70,70,0,1,0,1,0,2
199,94,105,2,30,1,1,0
177,94,83,2,29,1,1,0
193,102,91,2,30,1,1,0
872,126,746,2,30,1,1,0
60,60,0,1,0,1,0,1
62,62,0,1,0,1,0,1
184,94,90,2,30,1,1,0
72,72,0,1,0,1,0,1
244,94,150,2,30,1,1,0
70,70,0,1,4,1,0,0
193,102,91,2,30,1,1,0
210,110,100,2,31,1,1,0
70,70,0,1,0,1,0,2
70,70,0,1,0,1,0,2
1658,1247,411,8,15,5,3,0
66,66,0,1,0,1,0,2
186,95,91,2,30,1,1,0
70,70,0,1,0,1,0,2
70,70,0,1,0,1,0,2
66,66,0,1,0,1,0,1
70,70,0,1,0,1,0,2
12169,4963,7206,60,262,31,29,0
23467,2707,20760,45,80,21,24,0
761,100,661,2,0,1,1,0
2651,1331,1320,18,17,10,8,0
177,94,83,2,29,1,1,0
7941,1952,5989,20,15,11,9,0
70,70,0,1,0,1,0,2
66,66,0,1,0,1,0,1
66,66,0,1,0,1,0,2
3683,591,3092,11,45,6,5,0
72,72,0,1,0,1,0,1
66,66,0,1,0,1,0,2
177,94,83,2,30,1,1,0
876,126,750,2,30,1,1,0
70,70,0,1,0,1,0,2
74,74,0,1,0,1,0,1
66,66,0,1,0,1,0,2
190,70,120,4,15,2,2,0
2425,529,1896,11,75,6,5,0
66,66,0,1,0,1,0,1
70,70,0,1,0,1,0,2
70,70,0,1,0,1,0,2
60,60,0,1,0,1,0,1
817,102,715,2,30,1,1,0
271,88,183,4,37,2,2,0
66,66,0,1,0,1,0,2
66,66,0,1,0,1,0,1
70,70,0,1,0,1,0,2
12222,3865,8357,23,22,11,12,0
62,62,0,1,0,1,0,1
195,102,93,2,30,1,1,0
279,96,183,4,32,2,2,0
502,150,352,2,1200,1,1,0
62,62,0,1,0,1,0,1
214,110,104,2,30,1,1,0
66,66,0,1,0,1,0,1
66,66,0,1,0,1,0,1
70,70,0,1,0,1,0,2
3945,2315,1630,18,74,11,7,0
196,100,96,2,31,1,1,0
210,110,100,2,30,1,1,0
199,102,97,2,31,1,1,0
183,94,89,2,30,1,1,0
546,306,240,9,142,5,4,0
2633,1151,1482,10,32,6,4,0
755,94,661,2,30,1,1,0
62,62,0,1,0,1,0,1
62,62,0,1,0,1,0,1
3641,1047,2594,14,120,7,7,0
146,146,0,1,0,1,0,1
502,150,352,2,1199,1,1,0
300,90,210,2,30,1,1,0
66,66,0,1,0,1,0,1
66,66,0,1,0,1,0,2
70,70,0,1,0,1,0,2
70,70,0,2,7,2,0,0
793,101,692,2,31,1,1,0
733,85,648,2,30,1,1,0
338,110,228,2,30,1,1,0
70,70,0,1,0,1,0,2
193,102,91,2,29,1,1,0
70,70,0,1,0,1,0,2
70,70,0,2,8,2,0,0
66,66,0,1,0,1,0,1
504,382,122,8,16,6,2,0
62,62,0,1,0,1,0,1
2404,1121,1283,14,115,7,7,0
66,66,0,1,90,1,0,0
168,78,90,2,30,1,1,0
66,66,0,1,0,1,0,1
70,70,0,2,8,2,0,0
62,62,0,1,4,1,0,0
113965,10014,103951,154,204,65,89,0
7128,1336,5792,22,83,11,11,0
66,66,0,1,0,1,0,1
62,62,0,1,0,1,0,1
3831584,85342,3746242,3246,110,597,2649,0
216,110,106,2,30,1,1,0
70,70,0,1,4,1,0,0
66,66,0,1,0,1,0,1
66,66,0,1,0,1,0,1
70,70,0,2,8,2,0,0
757,102,655,2,30,1,1,0
5990,5698,292,17,51,14,3,0
70,70,0,1,0,1,0,2
499,425,74,4,0,3,1,0
62,62,0,1,0,1,0,1
152,86,66,2,4,1,1,0
60,60,0,1,0,1,0,1
499,425,74,4,0,3,1,0
66,66,0,1,0,1,0,2
197,102,95,2,31,1,1,0
2898,1700,1198,16,15,8,8,0
94,94,0,1,30,1,0,0
62,62,0,1,0,1,0,1
148,148,0,1,0,1,0,1
200,94,106,2,30,1,1,0
283,101,182,4,38,2,2,0
199,102,97,2,29,1,1,0
66,66,0,1,0,1,0,2
235,90,145,2,33,1,1,0
146,146,0,1,0,1,0,1
62,62,0,1,0,1,0,1
322,102,220,2,30,1,1,0
66,66,0,1,0,1,0,2
66,66,0,1,0,1,0,2
146,146,0,1,0,1,0,1
199,94,105,2,29,1,1,0
70,70,0,1,0,1,0,2
212,108,104,2,31,1,1,0
213,102,111,2,30,1,1,0
239,102,137,2,30,1,1,0
1411,98,1313,4,52,2,2,0
193,102,91,2,30,1,1,0
168,86,82,2,30,1,1,0
193,102,91,2,30,1,1,0
66,66,0,1,0,1,0,2
70,70,0,1,0,1,0,2
148,148,0,1,0,1,0,1
179,94,85,2,30,1,1,0
7274,2208,5066,26,255,14,12,0
60,60,0,1,0,1,0,1
316,136,180,6,6,3,3,0
103556,8767,94789,144,48,75,69,0
146,146,0,1,0,1,0,1
11418,1999,9419,28,22,13,15,0
66,66,0,1,0,1,0,1
66,66,0,1,0,1,0,1
624,318,306,10,16,5,5,0
70,70,0,1,0,1,0,2
233,91,142,2,30,1,1,0
62,62,0,1,0,1,0,1
214,140,74,4,41,3,1,0
168,78,90,2,30,1,1,0
70,70,0,1,5,1,0,0
46690,9390,37300,77,54,36,41,0
198,86,112,2,30,1,1,0
200,102,98,2,30,1,1,0
66,66,0,1,0,1,0,2
6897,2509,4388,16,121,8,8,0
62,62,0,1,0,1,0,1
759,94,665,2,29,1,1,0
146,146,0,1,0,1,0,1
18876,16514,2362,43,95,24,19,0
70,70,0,1,0,1,0,2
183,94,89,2,30,1,1,0
168,86,82,2,31,1,1,0
177,94,83,2,30,1,1,0
181,94,87,2,33,1,1,0
70,70,0,2,8,2,0,0
35824,4558,31266,39,88,13,26,0
70,70,0,1,0,1,0,2
14289,7263,7026,27,27,14,13,0
70,70,0,1,0,1,0,2
62,62,0,1,0,1,0,1
3862,2679,1183,28,46,15,13,0
62,62,0,1,0,1,0,1
66,66,0,1,0,1,0,2
62,62,0,1,0,1,0,1
177,94,83,2,30,1,1,0
235,90,145,2,32,1,1,0
8324,1658,6666,24,83,14,10,0
7360,2435,4925,19,135,9,10,0
167,86,81,2,30,1,1,0
70,70,0,1,5,1,0,0
173,94,79,2,30,1,1,0
66,66,0,1,0,1,0,1
819,102,717,2,30,1,1,0
916,86,830,2,31,1,1,0
12920,6875,6045,25,27,13,12,0
66,66,0,1,0,1,0,1
179,94,85,2,30,1,1,0
66,66,0,1,0,1,0,2
162,162,0,1,0,1,0,1
66,66,0,1,0,1,0,1
66,66,0,1,0,1,0,2
36551,3569,32982,57,46,28,29,0
112,112,0,1,0,1,0,1
66,66,0,1,0,1,0,2
3715,1958,1757,23,21,12,11,0
3858,1277,2581,12,120,6,6,0
70,70,0,1,0,1,0,2
196,102,94,2,30,1,1,0
70,70,0,1,5,1,0,0
288,83,205,2,30,1,1,0
182,94,88,2,30,1,1,0
70,70,0,1,0,1,0,2
62,62,0,1,0,1,0,1
70,70,0,1,0,1,0,2
1759,820,939,18,16,8,10,0
164,84,80,2,30,1,1,0
314,97,217,4,47,2,2,0
200,102,98,2,29,1,1,0
66,66,0,1,0,1,0,1
582,270,312,8,32,4,4,0
70,70,0,1,5,1,0,0
780,93,687,2,31,1,1,0
177,94,83,2,29,1,1,0
254,82,172,4,30,2,2,0
184,94,90,2,30,1,1,0
109128,4773,104355,197,16,68,129,0
209,110,99,2,31,1,1,0
62,62,0,1,0,1,0,1
9608,1958,7650,21,15,11,10,0
66,66,0,1,0,1,0,2
8790,1387,7403,17,134,9,8,0
309,94,215,2,29,1,1,0
1488,930,558,21,1200,12,9,0
229,86,143,2,30,1,1,0
499,425,74,4,0,3,1,0
66,66,0,1,0,1,0,2
184,94,90,2,30,1,1,0
5653,1079,4574,14,26,8,6,0
66,66,0,1,0,1,0,2
6982,1535,5447,30,26,15,15,0
195,102,93,2,30,1,1,0
17469,2444,15025,39,207,17,22,0
2940,1721,1219,17,361,9,8,0
193,102,91,2,30,1,1,0
4070,1456,2614,26,2889,15,11,0
60,60,0,1,0,1,0,1
328,142,186,6,90,3,3,0
340,87,253,4,50,2,2,0
514,246,268,9,42,5,4,0
672,70,602,11,392,2,9,0
760,96,664,2,31,1,1,0
994,86,908,2,30,1,1,0
62,62,0,1,0,1,0,1
66,66,0,1,0,1,0,1
190,70,120,4,15,2,2,0
62,62,0,1,0,1,0,1
66,66,0,1,0,1,0,2
146,146,0,1,0,1,0,1
6156,918,5238,18,26,10,8,0
70,70,0,2,8,2,0,0
70,70,0,1,5,1,0,0
216,102,114,2,30,1,1,0
143,143,0,1,0,1,0,1
70,70,0,1,0,1,0,2
5516,1388,4128,18,15,9,9,0
379,93,286,4,37,2,2,0
62,62,0,1,0,1,0,1
194,128,66,4,25,3,1,0
2959,1505,1454,10,16,6,4,0
66,66,0,1,0,1,0,1
6352,1552,4800,23,17,12,11,0
3510,430,3080,10,15,6,4,0
66,66,0,1,0,1,0,1
2913,633,2280,15,15,8,7,0
195,94,101,2,30,1,1,0
182,93,89,2,31,1,1,0
5889,2893,2996,45,149,24,21,0
887,126,761,2,30,1,1,0
66,66,0,1,0,1,0,1
604,89,515,4,45,2,2,0
193,102,91,2,29,1,1,0
184,86,98,2,31,1,1,0
70,70,0,1,0,1,0,2
19877,856,19021,22,16,6,16,0
178,94,84,2,30,1,1,0
66,66,0,1,0,1,0,2
90166,3481,86685,96,15,31,65,0
62,62,0,1,0,1,0,1
3104883,106687,2998196,3406,190,1320,2086,0
8058,2038,6020,20,15,11,9,0
2913,633,2280,15,16,8,7,0
15422,1623,13799,34,18,14,20,0
148,86,62,2,31,1,1,0
70,70,0,1,0,1,0,2
60,60,0,1,0,1,0,1
670261,26523,643738,728,188,262,466,0
60,60,0,1,0,1,0,1
66,66,0,1,0,1,0,2
13077,4380,8697,34,1881,17,17,0
213,79,134,2,32,1,1,0
70,70,0,1,0,1,0,2
7654,2110,5544,21,46,13,8,0
733,94,639,2,30,1,1,0
66,66,0,1,0,1,0,2
8698,3272,5426,22,26,11,11,0
181877,8980,172897,207,22,87,120,0
66,66,0,1,0,1,0,2
70,70,0,1,0,1,0,2
88,88,0,1,0,1,0,1
66,66,0,1,0,1,0,2
168,86,82,2,30,1,1,0
216,110,106,2,30,1,1,0
12446,2347,10099,44,190,23,21,0
1658,1247,411,8,15,5,3,0
70,70,0,1,0,1,0,2
210,102,108,2,30,1,1,0
62,62,0,1,0,1,0,1
146,146,0,1,0,1,0,1
411,110,301,2,30,1,1,0
146,146,0,1,0,1,0,1
66,66,0,2,7,2,0,0
62,62,0,1,0,1,0,1
62,62,0,1,0,1,0,1
70,70,0,1,0,1,0,2
66,66,0,1,0,1,0,2
70,70,0,1,0,1,0,2
6944,1650,5294,24,40,14,10,0
66148,6145,60003,116,80,60,56,0
66,66,0,1,0,1,0,1
184,94,90,2,30,1,1,0
62,62,0,1,0,1,0,1
62,62,0,1,0,1,0,1
7941,1952,5989,20,15,11,9,0
10255,2803,7452,35,26,18,17,0
195,102,93,2,31,1,1,0
196,102,94,2,30,1,1,0
7877,1888,5989,20,15,11,9,0
16165,3877,12288,53,186,25,28,0
66,66,0,1,0,1,0,1
62,62,0,1,0,1,0,1
199,102,97,2,29,1,1,0
209,110,99,2,29,1,1,0
552,306,246,9,15,5,4,0
70,70,0,1,0,1,0,2
62,62,0,1,5,1,0,0
70,70,0,1,0,1,0,2
70,70,0,1,0,1,0,2
70,70,0,1,0,1,0,2
272,93,179,4,33,2,2,0
62,62,0,1,0,1,0,1
199,102,97,2,29,1,1,0
210,110,100,2,29,1,1,0
66,66,0,1,0,1,0,1
70,70,0,1,5,1,0,0
66,66,0,1,0,1,0,1
70,70,0,1,0,1,0,2
60,60,0,1,0,1,0,1
62,62,0,1,0,1,0,1
195,102,93,2,29,1,1,0
62,62,0,1,0,1,0,1
1786,172,1614,7,120,3,4,0
214,102,112,2,30,1,1,0
22641,10532,12109,62,200,35,27,0
146,146,0,1,0,1,0,1
313243,267937,45306,456,5925,210,246,0
11247,3991,7256,30,149,14,16,0
186,95,91,3,46,2,1,0
66,66,0,1,0,1,0,1
177,94,83,2,31,1,1,0
70,70,0,1,0,1,0,2
156,94,62,2,30,1,1,0
70,70,0,1,0,1,0,2
366,246,120,6,34,4,2,0
70,70,0,1,0,1,0,2
499,425,74,4,0,3,1,0
62,62,0,1,0,1,0,1
66,66,0,1,0,1,0,2
177,94,83,2,30,1,1,0
216,94,122,2,31,1,1,0
66,66,0,1,0,1,0,1
819,530,289,8,40,5,3,0
552,366,186,9,17,6,3,0
3211,1964,1247,25,263,13,12,0
6510,1210,5300,15,18,8,7,0
66,66,0,1,0,1,0,1
4612,3409,1203,14,25,9,5,0
70,70,0,1,0,1,0,2
70,70,0,1,0,1,0,2
3751,1007,2744,35,425,11,24,0
642,338,304,10,32,6,4,0
216,110,106,2,30,1,1,0
30012,3461,26551,72,93,28,44,0
66,66,0,1,0,1,0,2
6350,1071,5279,18,42,10,8,0
70,70,0,1,0,1,0,2
12163,4876,7287,35,50,20,15,0
4348,911,3437,14,135,8,6,0
198,101,97,2,30,1,1,0
62,62,0,1,0,1,0,1
354,81,273,2,30,1,1,0
146,146,0,1,0,1,0,1
70,70,0,1,0,1,0,2
66,66,0,1,0,1,0,1
66,66,0,1,0,1,0,1
60,60,0,1,0,1,0,1
312,140,172,4,29,2,2,0
7222,1768,5454,22,81,13,9,0
62,62,0,1,0,1,0,1
254,70,184,5,21,2,3,0
66,66,0,1,0,1,0,1
70,70,0,1,0,1,0,2
62,62,0,1,0,1,0,1
179,94,85,2,31,1,1,0
62,62,0,1,0,1,0,1
9295,3094,6201,24,82,12,12,0
70,70,0,1,0,1,0,2
70,70,0,1,5,1,0,0
330,330,0,6,3610,6,0,0
87183,4177,83006,104,126,34,70,0
66,66,0,1,0,1,0,1
60,60,0,1,0,1,0,1
6550,1555,4995,25,53,13,12,0
214,94,120,2,30,1,1,0
3640,870,2770,13,120,6,7,0
62,62,0,1,0,1,0,1
178,91,87,2,31,1,1,0
62,62,0,1,0,1,0,1
177,94,83,2,31,1,1,0
66,66,0,1,0,1,0,1
62,62,0,1,0,1,0,1
150,150,0,1,1200,1,0,0
877,126,751,2,31,1,1,0
74,74,0,1,0,1,0,1
70,70,0,1,0,1,0,2
462,462,0,8,3632,8,0,0
66,66,0,1,0,1,0,1
1947,1182,765,10,515,6,4,0
130,70,60,2,15,1,1,0
876,126,750,2,29,1,1,0
70,70,0,1,0,1,0,2
70,70,0,1,0,1,0,2
182,93,89,2,31,1,1,0
66,66,0,1,5,1,0,0
1411,852,559,13,24,7,6,0
62,62,0,1,0,1,0,1
62,62,0,1,0,1,0,1
70,70,0,1,4,1,0,0
214,94,120,2,29,1,1,0
145,145,0,1,0,1,0,1
178,94,84,2,29,1,1,0
184,94,90,2,30,1,1,0
1658,1344,314,10,16,5,5,0
209,85,124,4,34,2,2,0
66,66,0,1,0,1,0,1
62,62,0,1,0,1,0,1
143,143,0,1,0,1,0,1
70,70,0,1,0,1,0,2
62,62,0,1,0,1,0,1
316,136,180,6,5,3,3,0
166,166,0,1,1200,1,0,0
66,66,0,1,0,1,0,2
70,70,0,1,0,1,0,2
70,70,0,1,0,1,0,2
197,102,95,2,30,1,1,0
760,96,664,2,31,1,1,0
148,148,0,1,0,1,0,1
318,192,126,6,25,4,2,0
10819,819,10000,19,15,9,10,0
62,62,0,1,0,1,0,1
13206,7781,5425,29,253,15,14,0
66,66,0,1,0,1,0,1
62,62,0,1,0,1,0,1
70,70,0,2,8,2,0,0
70,70,0,1,0,1,0,2
9076,2650,6426,35,247,15,20,0
70,70,0,1,0,1,0,2
62,62,0,1,0,1,0,1
66,66,0,1,0,1,0,1
1396,735,661,14,80,8,6,0
70,70,0,1,0,1,0,2
70,70,0,2,8,2,0,0
185,185,0,1,0,1,0,1
211,102,109,2,29,1,1,0
70,70,0,1,0,1,0,2
146,146,0,1,0,1,0,1
177,94,83,2,30,1,1,0
4187,773,3414,16,30,9,7,0
755,93,662,2,31,1,1,0
210,110,100,2,29,1,1,0
70,70,0,2,8,2,0,0
13608,3518,10090,48,217,24,24,0
154,94,60,2,5,1,1,0
55388,4069,51319,94,240,46,48,0
66,66,0,1,0,1,0,2
208,94,114,2,30,1,1,0
70,70,0,1,0,1,0,2
74,74,0,1,0,1,0,1
60,60,0,1,0,1,0,1
146,146,0,1,0,1,0,1
66,66,0,1,0,1,0,2
89,89,0,1,30,1,0,0
198,102,96,2,30,1,1,0
240,102,138,2,30,1,1,0
481,150,331,2,1200,1,1,0
60,60,0,1,0,1,0,1
177,94,83,2,30,1,1,0
70,70,0,1,0,1,0,2
8611,2046,6565,31,394,10,21,0
70,70,0,1,5,1,0,0
378,192,186,7,26,4,3,0
2866,1674,1192,14,15,8,6,0
816,102,714,2,29,1,1,0
70,70,0,1,5,1,0,0
196,102,94,2,30,1,1,0
66,66,0,1,0,1,0,2
195,102,93,2,31,1,1,0
62,62,0,1,0,1,0,1
70,70,0,1,0,1,0,2
193,102,91,2,30,1,1,0
66,66,0,1,0,1,0,1
70,70,0,1,0,1,0,2
757,98,659,2,31,1,1,0
213,87,126,2,31,1,1,0
66,66,0,1,0,1,0,2
66,66,0,1,0,1,0,1
66,66,0,1,0,1,0,2
70,70,0,2,8,2,0,0
70,70,0,1,0,1,0,2
323,102,221,2,30,1,1,0
22211,8661,13550,173,854,77,96,0
66,66,0,1,0,1,0,1
140,140,0,1,0,1,0,1
184,94,90,2,30,1,1,0
62,62,0,1,0,1,0,1
5212,1037,4175,20,115,10,10,0
94,94,0,1,30,1,0,0
60,60,0,1,0,1,0,1
66,66,0,1,0,1,0,1
1786,172,1614,7,121,3,4,0
168,78,90,2,30,1,1,0
66,66,0,1,0,1,0,1
499,425,74,4,0,3,1,0
1128,654,474,17,18,10,7,0
60,60,0,1,0,1,0,1
263,126,137,2,30,1,1,0
70,70,0,1,0,1,0,2
66,66,0,1,0,1,0,2
4566,1659,2907,19,27,11,8,0
177,94,83,2,30,1,1,0
878,126,752,2,30,1,1,0
6724,3642,3082,18,133,10,8,0
66,66,0,1,0,1,0,1
21942,2323,19619,28,21,11,17,0
116807,21042,95765,315,19,161,154,0
62,62,0,1,0,1,0,1
3871,2466,1405,22,95,12,10,0
255,110,145,2,29,1,1,0
793,101,692,2,30,1,1,0
6299,1424,4875,27,291,10,17,0
235,90,145,2,33,1,1,0
145,145,0,1,0,1,0,1
197,102,95,2,29,1,1,0
199,94,105,2,30,1,1,0
469,150,319,2,1200,1,1,0
458,188,270,6,30,3,3,0
3692,2154,1538,25,81,12,13,0
212,94,118,2,29,1,1,0
66,66,0,1,0,1,0,2
146,146,0,1,0,1,0,1
7610,2737,4873,23,26,12,11,0
70,70,0,1,0,1,0,2
165,86,79,2,30,1,1,0
70,70,0,2,8,2,0,0
145,145,0,1,0,1,0,1
66,66,0,1,0,1,0,1
62,62,0,1,0,1,0,1
66,66,0,1,0,1,0,1
168,86,82,2,30,1,1,0
62,62,0,1,0,1,0,1
877,126,751,2,31,1,1,0
179,94,85,2,30,1,1,0
60,60,0,1,0,1,0,1
62,62,0,1,0,1,0,1
214830,214584,246,2594,88,2591,3,0
1155,781,374,10,15,6,4,0
280,214,66,2,30,1,1,0
214,140,74,4,35,3,1,0
198,93,105,2,30,1,1,0
62,62,0,1,0,1,0,1
167,86,81,2,29,1,1,0
70,70,0,1,0,1,0,2
3218,1700,1518,16,15,8,8,0
275,93,182,4,31,2,2,0
2340,1419,921,10,15,5,5,0
66,66,0,1,0,1,0,2
90,90,0,1,0,1,0,1
200,102,98,2,30,1,1,0
1210,637,573,14,25,7,7,0
5550,1177,4373,24,80,13,11,0
177,94,83,2,29,1,1,0
259,150,109,2,1200,1,1,0
268,120,148,5,11,3,2,0
70,70,0,1,5,1,0,0
17187157,553524,16633633,18453,352,6098,12355,0
2980,1647,1333,16,31,10,6,0
2391,532,1859,11,75,6,5,0
70,70,0,1,0,1,0,2
167,86,81,2,31,1,1,0
62,62,0,1,0,1,0,1
70,70,0,1,0,1,0,2
66,66,0,1,0,1,0,1
70,70,0,1,0,1,0,2
62,62,0,1,0,1,0,1
66,66,0,1,0,1,0,2
757,98,659,2,31,1,1,0
70,70,0,1,0,1,0,2
70,70,0,1,0,1,0,2
498,204,294,6,30,3,3,0
66,66,0,1,0,1,0,2
4158,1021,3137,15,26,8,7,0
62,62,0,1,0,1,0,1
499,425,74,4,0,3,1,0
70,70,0,1,0,1,0,2
199,102,97,2,30,1,1,0
70,70,0,1,0,1,0,2
216,110,106,2,30,1,1,0
66,66,0,1,0,1,0,1
66,66,0,1,0,1,0,2
196,102,94,2,30,1,1,0
62,62,0,1,0,1,0,1
8059,2039,6020,20,15,11,9,0
70,70,0,1,0,1,0,2
9118,1699,7419,24,131,14,10,0
35970,11674,24296,108,265,55,53,0
72,72,0,1,0,1,0,1
711,87,624,2,30,1,1,0
70,70,0,1,0,1,0,2
70,70,0,1,0,1,0,2
66,66,0,1,0,1,0,1
70,70,0,1,0,1,0,2
773,271,502,4,1200,2,2,0
70,70,0,1,0,1,0,2
60,60,0,1,0,1,0,1
193,102,91,2,29,1,1,0
11269403,319214,10950189,11392,382,3773,7619,0
10704,7055,3649,29,17,15,14,0
345,106,239,4,38,2,2,0
1165,662,503,11,25,6,5,0
70,70,0,2,8,2,0,0
150,150,0,1,1200,1,0,0
145,145,0,1,0,1,0,1
199,94,105,2,33,1,1,0
66,66,0,1,0,1,0,1
70,70,0,1,0,1,0,2
35035,5135,29900,81,216,33,48,0
1376,788,588,10,23,6,4,0
78,78,0,1,0,1,0,1
193,102,91,2,30,1,1,0
66,66,0,1,0,1,0,1
5239,1558,3681,27,4020,9,18,0
66,66,0,1,0,1,0,1
258,118,140,2,30,1,1,0
218,85,133,2,30,1,1,0
70,70,0,1,5,1,0,0
69664,6958,62706,98,23,46,52,0
378,192,186,7,28,4,3,0
190,97,93,2,31,1,1,0
70,70,0,1,0,1,0,2
606,70,536,10,278,2,8,0
167,86,81,2,29,1,1,0
3562,1936,1626,48,194,24,24,0
747,92,655,2,31,1,1,0
70,70,0,1,0,1,0,2
920003,731041,188962,2024,929,1212,812,0
70,70,0,1,0,1,0,2
5958,2420,3538,40,25,20,20,0
66,66,0,1,0,1,0,1
199,102,97,2,30,1,1,0
62,62,0,1,0,1,0,1
70,70,0,1,0,1,0,2
62,62,0,1,0,1,0,1
66,66,0,1,0,1,0,1
70,70,0,1,0,1,0,2
62,62,0,1,0,1,0,1
193,102,91,2,30,1,1,0
753,94,659,2,30,1,1,0
193,102,91,2,29,1,1,0
70,70,0,1,0,1,0,2
195,102,93,2,30,1,1,0
188,96,92,2,31,1,1,0
78,78,0,1,0,1,0,1
172,88,84,2,31,1,1,0
1466,729,737,12,16,7,5,0
214,86,128,2,29,1,1,0
220,220,0,1,0,1,0,1
1213,725,488,10,323,6,4,0
199,102,97,2,29,1,1,0
154,154,0,3,46,3,0,0
66,66,0,1,0,1,0,1
193,102,91,2,30,1,1,0
187790,7733,180057,229,128,90,139,0
7297,2046,5251,22,29,13,9,0
70,70,0,1,0,1,0,2
8742,3785,4957,21,16,12,9,0
66,66,0,1,0,1,0,2
4680740,67312,4613428,4675,77,985,3690,0
60,60,0,1,0,1,0,1
70,70,0,1,0,1,0,2
101673,5966,95707,121,178,47,74,0
383,97,286,4,58,2,2,0
9630,1304,8326,28,30,14,14,0
3051,1801,1250,18,16,8,10,0
183,94,89,2,30,1,1,0
458,188,270,6,30,3,3,0
199,102,97,2,30,1,1,0
194,99,95,2,30,1,1,0
178,72,106,2,29,1,1,0
5658,501,5157,14,15,7,7,0
146,82,64,2,5,1,1,0
66,66,0,1,0,1,0,1
5124,979,4145,19,54,10,9,0
70,70,0,1,0,1,0,2
10785,2147,8638,22,30,10,12,0
62,62,0,1,0,1,0,1
398925,9369,389556,391,16,123,268,0
62,62,0,1,0,1,0,1
66,66,0,1,0,1,0,1
136,136,0,1,0,1,0,1
279,96,183,4,58,2,2,0
8991,2438,6553,18,120,8,10,0
70,70,0,1,0,1,0,2
62,62,0,1,0,1,0,1
62,62,0,1,0,1,0,1
457843,10253,447590,452,26,152,300,0
25716,7632,18084,52,48,31,21,0
39385,3771,35614,67,129,27,40,0
70,70,0,1,0,1,0,2
62,62,0,1,0,1,0,1
280,140,140,5,131,3,2,0
66,66,0,1,0,1,0,1
821011,16040,804971,778,100,238,540,0
6138,1256,4882,22,58,11,11,0
492,306,186,8,17,5,3,0
424,210,214,7,131,4,3,0
66,66,0,1,0,1,0,1
6507,1060,5447,22,255,12,10,0
66,66,0,1,0,1,0,2
62,62,0,1,0,1,0,1
179,94,85,2,30,1,1,0
156,156,0,3,8,3,0,0
4213,2429,1784,18,32,9,9,0
66,66,0,1,0,1,0,2
70,70,0,1,0,1,0,2
62,62,0,1,0,1,0,1
66,66,0,1,0,1,0,1
129,129,0,1,0,1,0,1
66,66,0,1,0,1,0,1
62,62,0,1,0,1,0,1
70,70,0,1,0,1,0,2
810,108,702,2,31,1,1,0
145,145,0,1,0,1,0,1
66,66,0,1,0,1,0,1
195,94,101,2,30,1,1,0
62,62,0,1,0,1,0,1
70,70,0,1,0,1,0,2
935,334,601,8,62,4,4,0
70,70,0,1,0,1,0,2
292,85,207,4,50,2,2,0
15774,5540,10234,48,48,26,22,0
1059,556,503,12,25,6,6,0
156,156,0,2,0,2,0,1
60,60,0,1,0,1,0,1
231,88,143,2,33,1,1,0
196,102,94,2,30,1,1,0
7866,2625,5241,25,120,11,14,0
66,66,0,1,0,1,0,2
198,102,96,2,29,1,1,0
172,88,84,2,31,1,1,0
499,425,74,4,1,3,1,0
70,70,0,1,0,1,0,2
60,60,0,1,0,1,0,1
3409,1599,1810,24,80,12,12,0
204,92,112,2,30,1,1,0
184,94,90,2,30,1,1,0
7643,1678,5965,21,80,11,10,0
754,191,563,6,51,3,3,0
202,70,132,3,11,1,2,0
193,102,91,2,30,1,1,0
66,66,0,1,5,1,0,0
360,97,263,4,38,2,2,0
70,70,0,1,0,1,0,2
183,94,89,2,30,1,1,0
62,62,0,1,0,1,0,1
70,70,0,1,0,1,0,2
249,94,155,2,30,1,1,0
232,172,60,3,5,2,1,0
62,62,0,1,0,1,0,1
70,70,0,1,0,1,0,2
68539,4175,64364,98,32,46,52,0
70,70,0,1,0,1,0,2
70,70,0,1,0,1,0,2
816,102,714,2,29,1,1,0
4679,2232,2447,15,136,7,8,0
70,70,0,2,8,2,0,0
70,70,0,1,0,1,0,2
70,70,0,1,0,1,0,2
70,70,0,1,0,1,0,2
62,62,0,1,0,1,0,1
229,89,140,2,31,1,1,0
70,70,0,1,0,1,0,2
66,66,0,1,0,1,0,2
3956,2519,1437,18,80,10,8,0
66,66,0,1,0,1,0,2
209,110,99,2,30,1,1,0
70,70,0,2,8,2,0,0
532222,22112,510110,645,232,259,386,0
195,102,93,2,29,1,1,0
164,78,86,2,30,1,1,0
62,62,0,1,0,1,0,1
550,113,437,4,46,2,2,0
13372,3722,9650,37,47,21,16,0
353,118,235,2,30,1,1,0
4367,1108,3259,37,426,11,26,0
37539,4310,33229,63,51,27,36,0
69542,11991,57551,139,157,60,79,0
66,66,0,1,0,1,0,1
1210,637,573,14,34,7,7,0
66,66,0,1,0,1,0,2
62,62,0,1,0,1,0,1
195,102,93,2,30,1,1,0
1151,711,440,10,15,5,5,0
70,70,0,1,0,1,0,2
1114,534,580,12,16,7,5,0
181,94,87,2,29,1,1,0
70,70,0,1,0,1,0,2
21505,6581,14924,31,149,14,17,0
66,66,0,1,0,1,0,2
6485,1871,4614,27,140,14,13,0
733,86,647,2,31,1,1,0
62,62,0,1,0,1,0,1
66,66,0,1,0,1,0,2
62,62,0,1,0,1,0,1
266,110,156,2,31,1,1,0
9311,1387,7924,20,31,10,10,0
181,94,87,2,29,1,1,0
60,60,0,1,0,1,0,1
424,198,226,7,143,4,3,0
622,310,312,11,29,6,5,0
182,93,89,2,31,1,1,0
778,358,420,12,43,6,6,0
211,102,109,2,30,1,1,0
62,62,0,1,0,1,0,1
70,70,0,2,7,2,0,0
260,106,154,2,30,1,1,0
318,192,126,6,39,4,2,0
60,60,0,1,0,1,0,1
70,70,0,2,7,2,0,0
7289,1899,5390,29,317,16,13,0
9483,2964,6519,23,17,13,10,0
182,93,89,2,31,1,1,0
62,62,0,1,0,1,0,1
190,70,120,4,15,2,2,0
2284,484,1800,10,133,6,4,0
198,89,109,2,31,1,1,0
168,94,74,2,29,1,1,0
62,62,0,1,0,1,0,1
6352,1073,5279,22,85,12,10,0
259,78,181,2,29,1,1,0
70,70,0,1,4,1,0,0
295,101,194,4,31,2,2,0
78,78,0,1,30,1,0,0
74,74,0,1,0,1,0,1
197,90,107,2,30,1,1,0
66,66,0,1,0,1,0,2
751,95,656,2,30,1,1,0
70,70,0,1,0,1,0,2
70,70,0,1,0,1,0,2
5612,733,4879,16,15,9,7,0
8233,5537,2696,40,84,21,19,0
66,66,0,1,0,1,0,1
187597,6822,180775,203,92,67,136,0
62,62,0,1,0,1,0,1
184,94,90,2,31,1,1,0
71,71,0,1,30,1,0,0
214,102,112,2,30,1,1,0
237,91,146,2,32,1,1,0
146,146,0,1,0,1,0,1
286,286,0,1,0,1,0,1
62,62,0,1,0,1,0,1
883,126,757,2,31,1,1,0
4876,855,4021,16,52,7,9,0
214,102,112,2,30,1,1,0
5387,1909,3478,22,21,10,12,0
66,66,0,1,0,1,0,1
66,66,0,1,0,1,0,2
100194,6406,93788,171,24,85,86,0
146,146,0,1,0,1,0,1
70,70,0,1,0,1,0,2
78,78,0,1,0,1,0,1
62,62,0,1,0,1,0,1
195,102,93,2,30,1,1,0
70,70,0,1,0,1,0,2
5168,700,4468,16,15,7,9,0
7282,4118,3164,57,1696,35,22,0
98,98,0,1,0,1,0,1
146,146,0,1,0,1,0,1
7915,1994,5921,31,270,15,16,0
70,70,0,2,8,2,0,0
366,240,126,7,32,5,2,0
754,94,660,2,31,1,1,0
307815,6418,301397,285,63,84,201,0
193,102,91,2,30,1,1,0
200,102,98,2,30,1,1,0
1468,893,575,15,62,8,7,0
211,102,109,2,30,1,1,0
66716,4091,62625,98,278,43,55,0
184,94,90,2,31,1,1,0
86,86,0,1,30,1,0,0
66,66,0,1,0,1,0,1
66,66,0,1,0,1,0,2
6066,1016,5050,20,26,11,9,0
162,162,0,1,0,1,0,1
78,78,0,1,30,1,0,0
143,143,0,1,0,1,0,1
304,86,218,2,29,1,1,0
1630,918,712,12,16,7,5,0
2163,676,1487,14,15,7,7,0
1056,682,374,10,15,6,4,0
418463,12360,406103,430,16,151,279,0
246,94,152,2,30,1,1,0
789,110,679,2,29,1,1,0
70,70,0,1,0,1,0,2
78,78,0,1,0,1,0,1
183,94,89,2,30,1,1,0
62,62,0,1,0,1,0,1
1272,786,486,8,31,5,3,0
199,102,97,2,30,1,1,0
66,66,0,1,0,1,0,1
199,102,97,2,30,1,1,0
365,86,279,2,30,1,1,0
9815,5382,4433,51,237,20,31,0
62,62,0,1,0,1,0,1
143,143,0,1,0,1,0,1
16012,2097,13915,33,16,15,18,0
4226,2201,2025,19,18,10,9,0
251,94,157,2,30,1,1,0
66,66,0,1,0,1,0,2
70,70,0,1,0,1,0,2
70,70,0,1,0,1,0,2
70,70,0,1,0,1,0,2
173653,9305,164348,189,141,73,116,0
316,136,180,6,5,3,3,0
70,70,0,1,0,1,0,2
70,70,0,1,0,1,0,2
211,94,117,2,31,1,1,0
499,425,74,4,0,3,1,0
197,102,95,2,30,1,1,0
66,66,0,1,0,1,0,2
253,87,166,4,44,2,2,0
66,66,0,1,0,1,0,2
86,86,0,1,30,1,0,0
70,70,0,1,0,1,0,2
222,82,140,2,30,1,1,0
7236,2069,5167,25,25,12,13,0
70,70,0,1,0,1,0,2
1320,1320,0,21,1624,21,0,0
1352,832,520,12,38,7,5,0
145,145,0,1,0,1,0,1
60,60,0,1,5,1,0,0
146,146,0,1,0,1,0,1
199,102,97,2,31,1,1,0
196,102,94,2,30,1,1,0
481,150,331,2,1200,1,1,0
70,70,0,1,0,1,0,2
7924,702,7222,17,16,7,10,0
66,66,0,1,0,1,0,1
560073,155518,404555,923,110,411,512,0
244,244,0,2,0,2,0,0
316,136,180,6,8,3,3,0
240,98,142,2,30,1,1,0
314,99,215,4,39,2,2,0
60,60,0,1,0,1,0,1
66,66,0,1,0,1,0,1
70,70,0,1,0,1,0,2
195,86,109,2,30,1,1,0
60,60,0,1,5,1,0,0
70,70,0,1,0,1,0,2
66,66,0,1,0,1,0,1
88,88,0,1,0,1,0,1
261,102,159,2,30,1,1,0
819,102,717,2,30,1,1,0
511,92,419,4,45,2,2,0
6646,2747,3899,20,134,10,10,0
66,66,0,1,0,1,0,2
70,70,0,1,0,1,0,2
62,62,0,1,0,1,0,1
199,102,97,2,30,1,1,0
70,70,0,1,0,1,0,2
180,94,86,2,30,1,1,0
70,70,0,2,8,2,0,0
199,102,97,2,30,1,1,0
66,66,0,1,5,1,0,0
70,70,0,1,0,1,0,2
70,70,0,1,0,1,0,2
70,70,0,1,0,1,0,2
304,86,218,2,30,1,1,0
167,86,81,2,29,1,1,0
66,66,0,1,0,1,0,2
66,66,0,1,0,1,0,2
70,70,0,1,5,1,0,0
11716,1007,10709,42,383,11,31,0
70,70,0,1,0,1,0,2
146,146,0,1,0,1,0,1
62,62,0,1,0,1,0,1
194,102,92,2,30,1,1,0
3055,1759,1296,22,126,12,10,0
88983,2379,86604,92,129,30,62,0
66,66,0,1,0,1,0,2
212,110,102,2,30,1,1,0
3304,2161,1143,21,16,11,10,0
70,70,0,1,0,1,0,2
60,60,0,1,0,1,0,1
8059,2039,6020,20,15,11,9,0
3239,2220,1019,16,15,9,7,0
254,70,184,5,22,2,3,0
194,102,92,2,30,1,1,0
271,93,178,4,43,2,2,0
62,62,0,1,0,1,0,1
62,62,0,1,0,1,0,1
66,66,0,1,0,1,0,1
173,94,79,2,29,1,1,0
178,94,84,2,29,1,1,0
7940,1951,5989,20,16,11,9,0
66,66,0,1,0,1,0,1
728,96,632,2,30,1,1,0
70,70,0,1,0,1,0,2
62,62,0,1,0,1,0,1
66,66,0,1,0,1,0,1
70,70,0,1,0,1,0,2
66,66,0,1,0,1,0,2
194,102,92,2,29,1,1,0
195,94,101,2,30,1,1,0
198,94,104,2,29,1,1,0
66,66,0,1,0,1,0,1
145,145,0,1,0,1,0,1
70,70,0,1,0,1,0,2
3505,2042,1463,27,82,15,12,0
9801,2337,7464,25,47,13,12,0
822,102,720,2,29,1,1,0
70,70,0,1,0,1,0,2
70,70,0,1,0,1,0,2
66,66,0,1,0,1,0,1
184,94,90,2,30,1,1,0
145,145,0,1,0,1,0,1
66,66,0,1,0,1,0,1
182,93,89,2,31,1,1,0
2339,1122,1217,11,20,6,5,0
8272,2091,6181,25,331,12,13,0
9127,2506,6621,38,146,20,18,0
2026957,42480,1984477,1975,80,655,1320,0
70,70,0,1,0,1,0,2
66,66,0,1,0,1,0,1
2634,1411,1223,18,28,10,8,0
66,66,0,1,0,1,0,1
70,70,0,1,5,1,0,0
199,102,97,2,33,1,1,0
247495,256,247239,361,49,5,356,0
62,62,0,1,0,1,0,1
70,70,0,1,0,1,0,2
3225,1939,1286,26,139,14,12,0
62,62,0,1,0,1,0,1
198,102,96,2,30,1,1,0
66,66,0,1,0,1,0,1
146,146,0,1,0,1,0,1
62,62,0,1,0,1,0,1
62,62,0,1,0,1,0,1
10096,3002,7094,25,16,13,12,0
66,66,0,1,0,1,0,1
894,126,768,2,30,1,1,0
214,110,104,2,31,1,1,0
70,70,0,1,0,1,0,2
66,66,0,1,0,1,0,1
210,110,100,2,30,1,1,0
66,66,0,1,91,1,0,0
8284,1577,6707,29,48,14,15,0
180,82,98,2,31,1,1,0
62,62,0,1,0,1,0,1
66,66,0,1,0,1,0,1
70,70,0,1,0,1,0,2
195,102,93,2,30,1,1,0
2811130,115323,2695807,3382,206,1445,1937,0
161,161,0,2,1200,2,0,0
62,62,0,1,0,1,0,1
6966,1436,5530,32,600,13,19,0
70,70,0,1,0,1,0,2
62,62,0,1,0,1,0,1
78,78,0,1,30,1,0,0
60,60,0,1,0,1,0,1
780,104,676,2,31,1,1,0
66,66,0,1,0,1,0,1
168,86,82,2,31,1,1,0
52465,2787,49678,66,80,26,40,0
70,70,0,1,5,1,0,0
70,70,0,1,0,1,0,2
62,62,0,1,0,1,0,1
66,66,0,1,0,1,0,2
70,70,0,1,0,1,0,2
209,110,99,2,30,1,1,0
410119,16112,394007,424,63,155,269,0
70,70,0,1,0,1,0,2
62,62,0,1,0,1,0,1
70,70,0,1,0,1,0,2
60,60,0,1,0,1,0,1
134405,6968,127437,187,97,85,102,0
70,70,0,1,0,1,0,2
7500,2339,5161,18,136,8,10,0
146,146,0,1,0,1,0,1
333,102,231,2,30,1,1,0
214,110,104,2,30,1,1,0
70,70,0,1,0,1,0,2
74,74,0,1,0,1,0,1
70,70,0,1,0,1,0,2
306,180,126,6,41,4,2,0
70,70,0,2,8,2,0,0
62,62,0,1,0,1,0,1
177,94,83,2,29,1,1,0
4395,1673,2722,14,119,7,7,0
318,192,126,6,37,4,2,0
66,66,0,1,0,1,0,2
70,70,0,1,0,1,0,2
234,234,0,4,11,4,0,0
34881,6721,28160,62,46,30,32,0
86,86,0,1,30,1,0,0
70,70,0,1,0,1,0,2
1657,1246,411,8,15,5,3,0
66,66,0,1,0,1,0,1
779,86,693,2,30,1,1,0
60,60,0,1,0,1,0,1
168,78,90,2,30,1,1,0
62,62,0,1,0,1,0,1
66,66,0,1,0,1,0,2
196,86,110,2,30,1,1,0
62,62,0,1,0,1,0,1
70,70,0,1,0,1,0,2
306,180,126,6,34,4,2,0
66,66,0,1,0,1,0,1
177,94,83,2,30,1,1,0
7249,1797,5452,29,32,17,12,0
628,462,166,4,31,2,2,0
60,60,0,1,0,1,0,1
1403,651,752,10,15,6,4,0
70,70,0,1,0,1,0,2
1352,691,661,14,18,8,6,0
296,150,146,2,1200,1,1,0
279,95,184,4,59,2,2,0
212,110,102,2,29,1,1,0
70,70,0,1,0,1,0,2
1484,928,556,13,76,8,5,0
66,66,0,1,0,1,0,2
183,94,89,2,30,1,1,0
293,110,183,2,29,1,1,0
70,70,0,2,7,2,0,0
146,146,0,1,0,1,0,1
5978,3592,2386,15,34,8,7,0
554853,293345,261508,600,69,317,283,0
45483,4137,41346,68,21,36,32,0
66,66,0,1,0,1,0,2
66,66,0,1,0,1,0,1
9685,2330,7355,23,15,12,11,0
11674,2699,8975,27,48,14,13,0
18401,4536,13865,48,27,24,24,0
177,86,91,2,30,1,1,0
70,70,0,1,0,1,0,2
70,70,0,2,8,2,0,0
62,62,0,1,0,1,0,1
179,94,85,2,30,1,1,0
60,60,0,1,0,1,0,1
350,163,187,2,1200,1,1,0
9412,2994,6418,27,48,16,11,0
217,82,135,2,32,1,1,0
234,234,0,4,12,4,0,0
6553,1034,5519,23,87,12,11,0
5058,4299,759,11,27,6,5,0
66,66,0,1,0,1,0,1
214,110,104,2,30,1,1,0
70,70,0,1,0,1,0,2
72,72,0,1,0,1,0,1
260,86,174,2,30,1,1,0
198,101,97,2,31,1,1,0
493,91,402,4,31,2,2,0
66,66,0,1,0,1,0,1
177,94,83,2,29,1,1,0
36051,11695,24356,109,265,55,54,0
70,70,0,1,0,1,0,2
72,72,0,1,0,1,0,1
62,62,0,1,0,1,0,1
60,60,0,1,0,1,0,1
4477,2350,2127,16,135,8,8,0
152,78,74,2,30,1,1,0
148,148,0,1,0,1,0,1
1641,730,911,14,18,8,6,0
8903,2857,6046,22,135,10,12,0
66,66,0,1,0,1,0,2
711,87,624,2,30,1,1,0
318,110,208,4,50,2,2,0
70,70,0,1,0,1,0,2
4158,1021,3137,15,26,8,7,0
876,126,750,2,30,1,1,0
70,70,0,1,0,1,0,2
29714,2090,27624,43,97,17,26,0
12521,6232,6289,43,80,22,21,0
70,70,0,1,0,1,0,2
6115,1035,5080,21,170,11,10,0
60,60,0,1,0,1,0,1
177,94,83,2,30,1,1,0
6117,976,5141,21,72,10,11,0
70,70,0,1,0,1,0,2
62,62,0,1,0,1,0,1
70,70,0,1,0,1,0,2
7177,2666,4511,20,15,11,9,0
224,102,122,2,30,1,1,0
70,70,0,1,0,1,0,2
363,94,269,2,30,1,1,0
146,146,0,1,0,1,0,1
9201,4926,4275,19,120,10,9,0
60,60,0,1,0,1,0,1
66,66,0,1,0,1,0,1
14050,4805,9245,30,158,17,13,0
646,292,354,10,41,5,5,0
62,62,0,1,0,1,0,1
100,100,0,1,0,1,0,1
254,128,126,5,15,3,2,0
24415,1491,22924,34,131,14,20,0
8106,4839,3267,61,449,32,29,0
172,94,78,2,30,1,1,0
6255,1125,5130,26,413,9,17,0
70,70,0,1,0,1,0,2
15679,1532,14147,16,139,3,13,0
16831,14003,2828,31,63,18,13,0
1053,613,440,10,15,5,5,0
264,110,154,2,30,1,1,0
62,62,0,1,0,1,0,1
70,70,0,1,0,1,0,2
66,66,0,1,0,1,0,2
31860,21778,10082,84,190,42,42,0
70,70,0,1,5,1,0,0
8933,1958,6975,25,81,14,11,0
8376,2198,6178,25,81,14,11,0
62,62,0,1,0,1,0,1
229,85,144,2,29,1,1,0
168,86,82,2,31,1,1,0
66,66,0,1,0,1,0,2
6577,1938,4639,14,121,7,7,0
569,365,204,6,16,3,3,0
6865,3366,3499,39,206,15,24,0
70,70,0,1,0,1,0,2
350,210,140,6,28,4,2,0
731,91,640,2,31,1,1,0
62,62,0,1,0,1,0,1
259,114,145,2,29,1,1,0
179,94,85,2,30,1,1,0
70,70,0,1,0,1,0,2
62,62,0,1,0,1,0,1
62,62,0,1,0,1,0,1
280,110,170,2,31,1,1,0
150,150,0,2,1200,2,0,0
199,94,105,2,30,1,1,0
86,86,0,1,30,1,0,0
868,150,718,4,1200,2,2,0
6040,1612,4428,21,255,12,9,0
198,93,105,2,30,1,1,0
16797,8530,8267,53,82,30,23,0
184,94,90,2,31,1,1,0
70,70,0,2,8,2,0,0
70,70,0,1,0,1,0,2
194,102,92,2,29,1,1,0
1326,876,450,11,55,6,5,0
66,66,0,1,0,1,0,1
7971,2647,5324,38,15,24,14,0
78,78,0,1,0,1,0,1
146,146,0,1,0,1,0,1
4294,695,3599,15,20,8,7,0
234,234,0,4,12,4,0,0
7237,2204,5033,15,120,7,8,0
414,140,274,7,26,3,4,0
62,62,0,1,0,1,0,1
1788,968,820,20,15,11,9,0
391,102,289,2,29,1,1,0
66,66,0,1,0,1,0,2
70,70,0,1,0,1,0,2
4699,1792,2907,19,28,11,8,0
193,102,91,2,30,1,1,0
3051,990,2061,14,135,7,7,0
62,62,0,1,0,1,0,1
112,112,0,1,0,1,0,1
184,94,90,2,30,1,1,0
33229,7810,25419,63,44,24,39,0
62,62,0,1,0,1,0,1
102,102,0,1,30,1,0,0
70,70,0,1,0,1,0,1
62,62,0,1,0,1,0,1
199,94,105,2,30,1,1,0
145,145,0,1,0,1,0,1
62,62,0,1,0,1,0,1
70,70,0,1,0,1,0,2
8360,1781,6579,23,77,12,11,0
62,62,0,1,0,1,0,1
62,62,0,1,0,1,0,1
62,62,0,1,0,1,0,1
212,102,110,2,30,1,1,0
70,70,0,1,0,1,0,2
62,62,0,1,0,1,0,1
60,60,0,1,0,1,0,1
174,89,85,2,30,1,1,0
182,93,89,2,30,1,1,0
66,66,0,1,0,1,0,1
644,198,446,6,48,3,3,0
199,94,105,2,30,1,1,0
70,70,0,1,30,1,0,0
66,66,0,1,0,1,0,1
70,70,0,1,5,1,0,0
7424,1825,5599,25,18,13,12,0
70,70,0,1,5,1,0,0
182,94,88,2,30,1,1,0
78,78,0,1,0,1,0,1
66,66,0,1,0,1,0,2
70,70,0,1,0,1,0,2
66,66,0,1,0,1,0,2
179,94,85,2,30,1,1,0
62,62,0,1,0,1,0,1
711,87,624,2,30,1,1,0
62,62,0,1,0,1,0,1
316,136,180,6,6,3,3,0
70,70,0,1,0,1,0,2
16249,1328,14921,28,45,14,14,0
301,102,199,2,30,1,1,0
1688,126,1562,4,31,2,2,0
66,66,0,1,0,1,0,2
70,70,0,1,0,1,0,2
260,102,158,2,30,1,1,0
3960,2330,1630,18,47,11,7,0
194,102,92,2,30,1,1,0
66,66,0,1,0,1,0,2
168,78,90,2,30,1,1,0
34038,16039,17999,79,63,43,36,0
5554,755,4799,14,3600,8,6,0
62,62,0,1,0,1,0,1
60,60,0,1,0,1,0,1
9501,1502,7999,24,29,13,11,0
66,66,0,1,0,1,0,1
66,66,0,1,0,1,0,2
70,70,0,1,4,1,0,0
314,192,122,6,15,4,2,0
66,66,0,1,0,1,0,2
3278,1835,1443,22,16,13,9,0
70,70,0,1,0,1,0,2
156,156,0,2,0,2,0,1
62,62,0,1,0,1,0,1
4045,439,3606,11,15,5,6,0
136,136,0,3,14,3,0,0
66,66,0,1,0,1,0,2
176,90,86,2,31,1,1,0
8425,6015,2410,73,34,37,36,0
295,101,194,4,48,2,2,0
269,110,159,2,30,1,1,0
18884,4117,14767,37,25,16,21,0
256,136,120,5,8,3,2,0
60,60,0,1,0,1,0,1
70,70,0,2,8,2,0,0
62,62,0,1,0,1,0,1
66,66,0,1,0,1,0,1
395,115,280,2,30,1,1,0
1212,774,438,11,81,7,4,0
7849,1104,6745,23,123,12,11,0
4085,1916,2169,21,18,12,9,0
177,94,83,2,30,1,1,0
258,110,148,2,30,1,1,0
120441,7846,112595,167,61,76,91,0
212,110,102,2,30,1,1,0
5921,1018,4903,21,150,11,10,0
62,62,0,1,0,1,0,1
196,102,94,2,31,1,1,0
61763,2941,58822,75,135,33,42,0
1304,878,426,12,96,7,5,0
168,86,82,2,31,1,1,0
70,70,0,1,0,1,0,2
70,70,0,1,4,1,0,0
70,70,0,1,5,1,0,0
70,70,0,1,5,1,0,0
495,421,74,4,0,3,1,0
8172,2656,5516,29,330,15,14,0
320,140,180,6,7,3,3,0
62,62,0,1,0,1,0,1
70,70,0,1,0,1,0,2
70,70,0,1,5,1,0,0
90,90,0,1,0,1,0,1
66,66,0,1,0,1,0,2
9439,1890,7549,29,67,14,15,0
194,99,95,2,31,1,1,0
70,70,0,1,0,1,0,1
70,70,0,1,0,1,0,2
60,60,0,1,0,1,0,1
70,70,0,1,0,1,0,2
66,66,0,1,0,1,0,2
170,87,83,2,30,1,1,0
82,82,0,1,0,1,0,1
70,70,0,1,0,1,0,2
66,66,0,1,0,1,0,2
70,70,0,1,0,1,0,2
199,94,105,2,31,1,1,0
460,150,310,2,1200,1,1,0
198,102,96,2,32,1,1,0
51005,2084,48921,61,120,22,39,0
60753,2612,58141,76,46,34,42,0
27679,15839,11840,75,103,39,36,0
9481,3482,5999,58,16,29,29,0
66,66,0,1,0,1,0,2
86,86,0,1,30,1,0,0
62,62,0,1,0,1,0,1
66,66,0,1,0,1,0,2
7889,1900,5989,20,15,11,9,0
70,70,0,1,0,1,0,2
44004,3909,40095,80,135,38,42,0
36501,26194,10307,76,71,47,29,0
6440,1603,4837,23,361,11,12,0
66,66,0,1,0,1,0,2
146,146,0,1,0,1,0,1
146,146,0,1,0,1,0,1
13511,6811,6700,43,159,23,20,0
13838,1370,12468,26,34,13,13,0
62,62,0,1,0,1,0,1
13220,4632,8588,32,37,19,13,0
448344,11729,436615,474,157,128,346,0
66,66,0,1,0,1,0,2
62,62,0,1,0,1,0,1
70,70,0,1,0,1,0,2
62,62,0,1,0,1,0,1
60,60,0,1,0,1,0,1
70,70,0,1,5,1,0,0
66,66,0,1,0,1,0,1
21782,2823,18959,42,16,20,22,0
188,96,92,2,30,1,1,0
70,70,0,1,0,1,0,2
200,102,98,2,30,1,1,0
4700,1793,2907,19,27,11,8,0
179,94,85,2,30,1,1,0
60,60,0,1,0,1,0,1
66,66,0,1,0,1,0,2
3224,2776,448,11,15,7,4,0
70,70,0,1,0,1,0,2
70,70,0,1,0,1,0,2
62,62,0,1,0,1,0,1
70,70,0,2,8,2,0,0
62,62,0,1,0,1,0,1
11223,3362,7861,62,280,27,35,0
5166,700,4466,16,15,7,9,0
295,78,217,2,30,1,1,0
224,94,130,2,30,1,1,0
62,62,0,1,0,1,0,1
66,66,0,1,0,1,0,1
199,102,97,2,34,1,1,0
924,924,0,3,30,3,0,0
62,62,0,1,0,1,0,1
70,70,0,1,0,1,0,2
66,66,0,1,0,1,0,2
220115,6038,214077,231,76,78,153,0
62,62,0,1,0,1,0,1
261206,9686,251520,308,128,121,187,0
26158,17265,8893,57,19,31,26,0
62,62,0,1,0,1,0,1
70,70,0,2,8,2,0,0
199,94,105,2,31,1,1,0
166,86,80,2,30,1,1,0
2589,1443,1146,18,15,8,10,0
60,60,0,1,0,1,0,1
168,78,90,2,30,1,1,0
62,62,0,1,0,1,0,1
177,94,83,2,29,1,1,0
62,62,0,1,0,1,0,1
66,66,0,1,0,1,0,2
62,62,0,1,0,1,0,1
70,70,0,1,0,1,0,2
183,94,89,2,30,1,1,0
70,70,0,1,0,1,0,2
501,188,313,6,33,3,3,0
62,62,0,1,0,1,0,1
178,94,84,2,29,1,1,0
193,102,91,2,31,1,1,0
14630,5941,8689,52,115,26,26,0
66,66,0,1,0,1,0,2
3676,3228,448,11,15,7,4,0
66,66,0,1,0,1,0,2
66,66,0,1,0,1,0,1
200,102,98,2,31,1,1,0
2810,1382,1428,12,31,6,6,0
5514,3341,2173,31,75,15,16,0
184,94,90,2,30,1,1,0
60,60,0,1,90,1,0,0
13948,1150,12798,29,15,14,15,0
684,280,404,11,26,5,6,0
146,146,0,1,0,1,0,1
130,130,0,1,0,1,0,1
94,94,0,1,30,1,0,0
198,102,96,2,30,1,1,0
318,192,126,6,30,4,2,0
191,75,116,2,30,1,1,0
62,62,0,1,0,1,0,1
70,70,0,1,0,1,0,2
70,70,0,1,0,1,0,2
3255,1259,1996,13,135,7,6,0
2148,918,1230,10,20,6,4,0
331,331,0,1,0,1,0,1
4611,3176,1435,26,30,15,11,0
70,70,0,1,0,1,0,2
10222,4415,5807,26,15,11,15,0
420720,29056,391664,771,159,325,446,0
66,66,0,1,0,1,0,1
499,425,74,4,0,3,1,0
66,66,0,1,5,1,0,0
78,78,0,1,0,1,0,1
66,66,0,1,0,1,0,2
80280,68084,12196,889,90,816,73,0
62,62,0,1,0,1,0,1
62,62,0,1,0,1,0,1
168,78,90,2,30,1,1,0
197,90,107,2,30,1,1,0
264,110,154,2,31,1,1,0
5572,4252,1320,18,34,11,7,0
5237,2844,2393,14,135,7,7,0
211,102,109,2,29,1,1,0
214,140,74,4,35,3,1,0
66,66,0,1,0,1,0,2
66,66,0,1,0,1,0,1
66,66,0,1,0,1,0,2
70,70,0,1,0,1,0,2
8134,2717,5417,24,16,15,9,0
6575,1263,5312,22,315,12,10,0
320,140,180,6,7,3,3,0
60,60,0,1,0,1,0,1
177,94,83,2,30,1,1,0
159,159,0,1,0,1,0,1
66,66,0,1,0,1,0,1
481,150,331,2,1200,1,1,0
6697,1606,5091,23,24,13,10,0
62,62,0,1,0,1,0,1
66,66,0,1,0,1,0,2
199,102,97,2,30,1,1,0
62,62,0,1,0,1,0,1
183,94,89,2,30,1,1,0
220,78,142,2,30,1,1,0
9500,4662,4838,20,16,11,9,0
177,94,83,2,29,1,1,0
66,66,0,1,0,1,0,1
70,70,0,1,0,1,0,2
233,233,0,1,0,1,0,1
62,62,0,1,0,1,0,1
214,140,74,4,35,3,1,0
66,66,0,1,0,1,0,1
70,70,0,1,0,1,0,2
66,66,0,1,0,1,0,1
178,94,84,2,30,1,1,0
908,126,782,2,31,1,1,0
66,66,0,1,0,1,0,1
8028,5439,2589,32,27,16,16,0
1114,534,580,12,15,7,5,0
62,62,0,1,0,1,0,1
66,66,0,1,0,1,0,1
66,66,0,1,0,1,0,1
66,66,0,1,0,1,0,2
9180,2197,6983,36,34,20,16,0
66,66,0,1,0,1,0,1
1015,572,443,11,142,6,5,0
66,66,0,1,0,1,0,2
145,145,0,1,0,1,0,1
62,62,0,1,0,1,0,1
168,78,90,2,31,1,1,0
70,70,0,1,0,1,0,2
66,66,0,1,0,1,0,2
62,62,0,1,0,1,0,1
316,136,180,6,6,3,3,0
60,60,0,1,0,1,0,1
6470,897,5573,24,55,9,15,0
2091,799,1292,10,15,6,4,0
3618,961,2657,13,121,6,7,0
70,70,0,1,0,1,0,2
70,70,0,1,0,1,0,2
168,78,90,2,30,1,1,0
86,86,0,1,30,1,0,0
70,70,0,1,0,1,0,2
396,396,0,7,3616,7,0,0
62,62,0,1,0,1,0,1
26040,2148,23892,44,22,21,23,0
193,102,91,2,29,1,1,0
62,62,0,1,0,1,0,1
168,86,82,2,30,1,1,0
62,62,0,1,0,1,0,1
183,94,89,2,30,1,1,0
4428,2241,2187,19,46,11,8,0
66,66,0,1,0,1,0,1
259,78,181,2,31,1,1,0
214,110,104,2,30,1,1,0
66,66,0,1,0,1,0,2
2786,1537,1249,17,16,8,9,0
62,62,0,1,0,1,0,1
66,66,0,1,0,1,0,1
316,136,180,6,6,3,3,0
1737,796,941,12,16,7,5,0
70,70,0,1,0,1,0,2
60,60,0,1,0,1,0,1
66,66,0,1,0,1,0,1
70,70,0,1,0,1,0,2
184,94,90,2,30,1,1,0
66,66,0,1,0,1,0,1
62,62,0,1,0,1,0,1
1307513,51701,1255812,1486,148,576,910,0
4093,2830,1263,21,24,11,10,0
66,66,0,1,0,1,0,2
62,62,0,1,0,1,0,1
177,94,83,2,30,1,1,0
206,95,111,2,31,1,1,0
146,146,0,1,0,1,0,1
362,240,122,7,25,5,2,0
66,66,0,1,0,1,0,2
199,102,97,2,30,1,1,0
70,70,0,1,0,1,0,2
316,136,180,6,6,3,3,0
210,102,108,2,30,1,1,0
66,66,0,1,0,1,0,1
70,70,0,2,8,2,0,0
66,66,0,1,0,1,0,2
70,70,0,1,0,1,0,2
183,94,89,2,29,1,1,0
274,85,189,4,35,2,2,0
213,79,134,2,33,1,1,0
199,102,97,2,29,1,1,0
316,136,180,6,6,3,3,0
195,102,93,2,30,1,1,0
7353,1570,5783,22,39,11,11,0
1316,442,874,15,16,7,8,0
70,70,0,1,0,1,0,2
66,66,0,1,0,1,0,2
7676,1577,6099,28,395,9,19,0
247,98,149,2,32,1,1,0
66,66,0,1,0,1,0,2
70,70,0,1,0,1,0,2
146,146,0,1,0,1,0,1
66,66,0,1,0,1,0,2
8962,1625,7337,28,16,15,13,0
66,66,0,1,0,1,0,1
7238,2601,4637,20,22,10,10,0
66,66,0,1,0,1,0,2
184480,11115,173365,239,30,116,123,0
70,70,0,1,0,1,0,2
70,70,0,1,0,1,0,2
62,62,0,1,0,1,0,1
170,87,83,2,31,1,1,0
177,94,83,2,29,1,1,0
66,66,0,1,0,1,0,1
1638,1324,314,10,15,5,5,0
204,104,100,2,30,1,1,0
157,157,0,1,0,1,0,1
62,62,0,1,0,1,0,1
62,62,0,1,0,1,0,1
744,95,649,2,31,1,1,0
60,60,0,1,0,1,0,1
234,234,0,4,11,4,0,0
62,62,0,1,0,1,0,1
322,118,204,2,30,1,1,0
24190,18242,5948,43,330,25,18,0
62,62,0,1,0,1,0,1
13028,4115,8913,45,95,23,22,0
5927,1644,4283,18,16,10,8,0
2949,546,2403,11,25,6,5,0
66,66,0,1,0,1,0,1
486,300,186,9,27,6,3,0
5168,700,4468,16,15,7,9,0
62,62,0,1,0,1,0,1
10530,2001,8529,29,47,14,15,0
297,94,203,2,30,1,1,0
70,70,0,1,0,1,0,2
70,70,0,1,5,1,0,0
7752,4399,3353,34,159,17,17,0
60,60,0,1,0,1,0,1
822,126,696,2,29,1,1,0
134,60,74,3,6,2,1,0
70,70,0,1,5,1,0,0
193,102,91,2,30,1,1,0
70,70,0,1,0,1,0,2
66,66,0,1,0,1,0,2
70,70,0,1,0,1,0,2
4113,2625,1488,25,79,13,12,0
70,70,0,1,0,1,0,2
3835,501,3334,14,15,7,7,0
196,100,96,3,33,2,1,0
130,70,60,2,6,1,1,0
62,62,0,1,0,1,0,1
3090,1707,1383,15,19,9,6,0
542,100,442,4,51,2,2,0
711,87,624,2,30,1,1,0
4876,2559,2317,32,56,18,14,0
66,66,0,1,0,1,0,1
205,86,119,2,30,1,1,0
7419,2682,4737,26,66,13,13,0
366,240,126,7,26,5,2,0
12375,6777,5598,28,49,13,15,0
70,70,0,1,0,1,0,2
68345,58488,9857,122,329,62,60,0
780,104,676,2,30,1,1,0
62,62,0,1,0,1,0,1
70,70,0,2,8,2,0,0
194,102,92,2,30,1,1,0
70,70,0,1,4,1,0,0
190,85,105,2,30,1,1,0
738,86,652,2,31,1,1,0
174,89,85,2,30,1,1,0
711,87,624,2,31,1,1,0
178,94,84,2,30,1,1,0
66,66,0,1,0,1,0,1
35384,3225,32159,49,26,20,29,0
7228,1589,5639,22,362,11,11,0
66,66,0,1,0,1,0,2
62,62,0,1,0,1,0,1
311,94,217,2,30,1,1,0
66,66,0,1,0,1,0,1
82,82,0,2,40,2,0,0
770,102,668,2,30,1,1,0
70,70,0,1,0,1,0,2
66,66,0,1,90,1,0,0
4585,1678,2907,19,28,11,8,0
508520,13734,494786,527,18,192,335,0
8309,1561,6748,26,204,14,12,0
66,66,0,1,0,1,0,1
66,66,0,1,0,1,0,1
167,86,81,2,30,1,1,0
2615,830,1785,10,32,6,4,0
62,62,0,1,0,1,0,1
219,86,133,2,30,1,1,0
186272,9792,176480,216,21,93,123,0
70,70,0,1,0,1,0,2
66,66,0,1,0,1,0,1
143,143,0,1,0,1,0,1
284,96,188,4,33,2,2,0
82,82,0,1,30,1,0,0
1347,771,576,11,86,7,4,0
7263,1834,5429,27,16,15,12,0
179,86,93,2,30,1,1,0
62,62,0,1,0,1,0,1
7644,1098,6546,19,35,10,9,0
70,70,0,1,0,1,0,2
70,70,0,1,0,1,0,2
70,70,0,1,0,1,0,2
62,62,0,1,0,1,0,1
708,384,324,12,23,7,5,0
323,102,221,2,30,1,1,0
400,70,330,6,25,1,5,0
816,102,714,2,30,1,1,0
11054,1724,9330,28,91,15,13,0
231,90,141,2,30,1,1,0
179,94,85,2,31,1,1,0
4441,1534,2907,19,25,11,8,0
197,90,107,2,30,1,1,0
62,62,0,1,0,1,0,1
70,70,0,1,0,1,0,2
66,66,0,1,0,1,0,2
66,66,0,1,0,1,0,2
184,94,90,2,29,1,1,0
66,66,0,1,0,1,0,2
66,66,0,1,0,1,0,1
66,66,0,1,0,1,0,1
20604,3530,17074,40,19,21,19,0
70,70,0,1,4,1,0,0
4378,1140,3238,14,26,9,5,0
213,79,134,2,33,1,1,0
66,66,0,1,0,1,0,1
66,66,0,1,0,1,0,2
6335,1376,4959,19,165,9,10,0
1083,596,487,11,16,7,4,0
184,94,90,2,30,1,1,0
62,62,0,1,0,1,0,1
66,66,0,1,5,1,0,0
15217,5689,9528,52,35,27,25,0
62,62,0,1,0,1,0,1
66,66,0,1,0,1,0,1
183,94,89,2,30,1,1,0
366,240,126,7,25,5,2,0
66,66,0,1,0,1,0,1
197,197,0,3,60,3,0,0
146,146,0,1,0,1,0,3
492,306,186,8,16,5,3,0
62,62,0,1,0,1,0,1
62,62,0,1,0,1,0,1
62,62,0,1,0,1,0,1
62,62,0,1,0,1,0,1
1114,534,580,12,15,7,5,0
316,136,180,6,7,3,3,0
74,74,0,1,0,1,0,1
186,102,84,2,29,1,1,0
263,94,169,2,30,1,1,0
66,66,0,1,0,1,0,2
1501,590,911,12,26,6,6,0
177,94,83,2,30,1,1,0
330,330,0,6,3609,6,0,0
329,86,243,4,42,2,2,0
27370,17071,10299,51,30,26,25,0
66,66,0,1,0,1,0,1
1764,924,840,6,31,3,3,0
70,70,0,1,0,1,0,2
1103248,36317,1066931,1001,162,276,725,0
234,234,0,4,12,4,0,0
70,70,0,2,8,2,0,0
60,60,0,1,0,1,0,1
7148,2358,4790,40,116,18,22,0
4192,2267,1925,12,120,6,6,0
62,62,0,1,0,1,0,1
70,70,0,1,0,1,0,2
257,101,156,2,33,1,1,0
145,145,0,1,0,1,0,1
130,70,60,2,5,1,1,0
62,62,0,1,0,1,0,1
70,70,0,1,5,1,0,0
14049,602,13447,19,35,6,13,0
381,110,271,4,32,2,2,0
1663508,63528,1599980,1853,251,692,1161,0
62,62,0,1,0,1,0,1
66,66,0,1,0,1,0,1
233,94,139,2,30,1,1,0
62,62,0,1,0,1,0,1
66,66,0,1,0,1,0,2
66,66,0,1,0,1,0,1
1415,689,726,3,30,2,1,0
235,90,145,2,32,1,1,0
568,78,490,2,29,1,1,0
188,96,92,2,31,1,1,0
70,70,0,1,0,1,0,2
403,142,261,2,30,1,1,0
60,60,0,1,0,1,0,1
66,66,0,1,0,1,0,1
249,85,164,4,55,2,2,0
168,86,82,2,30,1,1,0
62,62,0,1,0,1,0,1
198,110,88,2,30,1,1,0
195,102,93,2,31,1,1,0
230,90,140,2,30,1,1,0
70,70,0,1,4,1,0,0
70,70,0,1,0,1,0,2
66,66,0,1,0,1,0,1
70,70,0,1,0,1,0,2
4509,2976,1533,13,15,6,7,0
177,94,83,2,30,1,1,0
70,70,0,1,0,1,0,2
168,86,82,2,31,1,1,0
66,66,0,1,0,1,0,1
600,126,474,2,30,1,1,0
60,60,0,1,0,1,0,1
66,66,0,1,0,1,0,1
422,164,258,6,31,3,3,0
17237,2632,14605,34,420,18,16,0
197,102,95,2,30,1,1,0
183,94,89,2,30,1,1,0
66,66,0,1,0,1,0,2
70,70,0,1,0,1,0,2
3674,1750,1924,23,203,12,11,0
424,198,226,7,142,4,3,0
62,62,0,1,0,1,0,1
66,66,0,1,0,1,0,2
66,66,0,1,0,1,0,1
18611,3046,15565,41,362,20,21,0
70,70,0,1,0,1,0,2
74,74,0,1,0,1,0,1
9524,3934,5590,20,135,10,10,0
66,66,0,1,0,1,0,1
70,70,0,1,0,1,0,2
224,88,136,2,30,1,1,0
66,66,0,1,0,1,0,1
195,102,93,2,30,1,1,0
214,140,74,4,15,3,1,0
62,62,0,1,0,1,0,1
7651,2261,5390,41,255,21,20,0
70,70,0,2,7,2,0,0
168,78,90,2,29,1,1,0
241,102,139,2,31,1,1,0
216,110,106,2,30,1,1,0
5582,1388,4194,19,15,9,10,0
178,94,84,2,30,1,1,0
7573,1986,5587,40,115,19,21,0
62,62,0,1,0,1,0,1
66,66,0,1,0,1,0,2
2030,586,1444,10,30,6,4,0
216,82,134,2,32,1,1,0
245,98,147,2,30,1,1,0
193,102,91,2,30,1,1,0
29988,20891,9097,170,598,95,75,0
1784740,34746,1749994,1769,331,357,1412,0
70,70,0,1,0,1,0,2
205,86,119,2,29,1,1,0
4184,2787,1397,19,345,10,9,0
70,70,0,1,4,1,0,0
1281,94,1187,2,30,1,1,0
8277,2394,5883,31,316,16,15,0
145,145,0,1,0,1,0,1
414,268,146,3,33,2,1,0
66,66,0,1,0,1,0,2
9339,4411,4928,20,135,10,10,0
70,70,0,1,0,1,0,2
184,94,90,2,30,1,1,0
62,62,0,1,0,1,0,1
177,94,83,2,30,1,1,0
70,70,0,1,0,1,0,2
247,98,149,2,32,1,1,0
196,102,94,2,30,1,1,0
70,70,0,1,0,1,0,2
70,70,0,1,0,1,0,2
199,94,105,2,30,1,1,0
66,66,0,1,0,1,0,1
70,70,0,1,0,1,0,2
66,66,0,1,0,1,0,1
62,62,0,1,0,1,0,1
70,70,0,2,9,2,0,0
66,66,0,1,0,1,0,1
2494,1643,851,17,25,9,8,0
66,66,0,1,0,1,0,2
66,66,0,1,0,1,0,2
502,150,352,2,1200,1,1,0
5510,901,4609,15,26,8,7,0
62,62,0,1,0,1,0,1
70,70,0,1,0,1,0,2
268,94,174,2,29,1,1,0
9096,1676,7420,20,18,10,10,0
1990,833,1157,10,21,6,4,0
198,102,96,2,33,1,1,0
190,97,93,2,30,1,1,0
9329,3898,5431,21,39,12,9,0
60,60,0,1,0,1,0,1
330,330,0,6,3610,6,0,0
70,70,0,1,0,1,0,2
66,66,0,1,0,1,0,2
66,66,0,1,0,1,0,2
193,102,91,2,30,1,1,0
70,70,0,1,0,1,0,1
1644,1324,320,10,15,5,5,0
146,146,0,1,0,1,0,1
214,140,74,4,15,3,1,0
66,66,0,1,0,1,0,2
66,66,0,1,0,1,0,2
216,110,106,2,29,1,1,0
70,70,0,1,0,1,0,2
8290,2954,5336,24,361,13,11,0
70,70,0,1,0,1,0,2
66,66,0,1,0,1,0,2
70,70,0,1,5,1,0,0
82,82,0,1,0,1,0,1
66,66,0,1,0,1,0,2
438,180,258,6,30,3,3,0
12859,2557,10302,25,80,10,15,0
193,102,91,2,30,1,1,0
1700,1073,627,15,84,8,7,0
66,66,0,1,0,1,0,1
2614,1689,925,18,19,10,8,0
222,78,144,2,30,1,1,0
1661,1147,514,9,210,5,4,0
66,66,0,1,0,1,0,1
10922,816,10106,19,18,8,11,0
66,66,0,1,0,1,0,2
142684,5997,136687,134,48,31,103,0
184,94,90,2,29,1,1,0
199,102,97,2,29,1,1,0
198,102,96,2,30,1,1,0
777,87,690,2,30,1,1,0
66,66,0,1,0,1,0,2
66,66,0,1,0,1,0,1
787,296,491,4,1200,2,2,0
13832,4868,8964,91,364,37,54,0
404,259,145,3,33,2,1,0
70,70,0,1,5,1,0,0
720,94,626,2,30,1,1,0
66,66,0,1,0,1,0,2
189,102,87,2,30,1,1,0
8594,1042,7552,16,120,7,9,0
62,62,0,1,0,1,0,1
60,60,0,1,0,1,0,1
66,66,0,1,0,1,0,1
62,62,0,1,0,1,0,1
183,94,89,2,30,1,1,0
66,66,0,1,0,1,0,2
7308,6812,496,71,3243,63,8,0
70,70,0,1,0,1,0,2
365,97,268,4,40,2,2,0
422,164,258,6,30,3,3,0
66,66,0,1,0,1,0,1
62,62,0,1,0,1,0,1
109,109,0,2,35,2,0,0
195,102,93,2,31,1,1,0
8971,2446,6525,50,347,23,27,0
4704,1797,2907,19,30,11,8,0
156,94,62,2,30,1,1,0
5236,1070,4166,13,145,6,7,0
212,108,104,2,31,1,1,0
66,66,0,1,0,1,0,1
1210,637,573,14,51,7,7,0
318,192,126,6,30,4,2,0
222,86,136,2,30,1,1,0
6426,1858,4568,22,16,12,10,0
190,97,93,2,31,1,1,0
374,240,134,7,15,5,2,0
66,66,0,1,0,1,0,2
62,62,0,1,0,1,0,1
66,66,0,1,0,1,0,2
62,62,0,1,0,1,0,1
184,120,64,4,10,3,1,0
70,70,0,1,0,1,0,2
70,70,0,1,0,1,0,2
70,70,0,1,5,1,0,0
184,94,90,2,30,1,1,0
345779,9537,336242,359,26,123,236,0
198,93,105,2,30,1,1,0
6158,654,5504,15,15,8,7,0
66,66,0,1,0,1,0,2
70,70,0,1,0,1,0,2
66,66,0,1,0,1,0,1
51402,5964,45438,86,153,32,54,0
316,136,180,6,6,3,3,0
70,70,0,1,0,1,0,2
70,70,0,1,0,1,0,2
2570995,60656,2510339,2538,34,844,1694,0
181,94,87,2,31,1,1,0
66,66,0,1,0,1,0,2
70,70,0,1,0,1,0,2
66,66,0,1,0,1,0,2
21563,17259,4304,70,78,37,33,0
70,70,0,1,0,1,0,2
165,86,79,2,30,1,1,0
60,60,0,1,0,1,0,1
66,66,0,1,0,1,0,1
177,94,83,2,30,1,1,0
158092,23051,135041,216,21,110,106,0
443128,10267,432861,362,45,60,302,0
177,94,83,2,30,1,1,0
59796,4486,55310,92,48,45,47,0
738,86,652,2,30,1,1,0
1888,1814,74,10,15,9,1,0
70,70,0,1,0,1,0,2
320,140,180,6,5,3,3,0
70,70,0,1,4,1,0,0
198,102,96,2,31,1,1,0
145,145,0,1,0,1,0,1
192,86,106,2,30,1,1,0
780,93,687,2,30,1,1,0
66,66,0,1,0,1,0,1
66,66,0,1,0,1,0,1
66,66,0,1,0,1,0,2
70,70,0,1,0,1,0,2
321,109,212,4,47,2,2,0
454,262,192,8,21,5,3,0
186,95,91,2,31,1,1,0
3566,1999,1567,16,15,8,8,0
66,66,0,1,0,1,0,1
200,102,98,2,33,1,1,0
330,190,140,6,15,4,2,0
70,70,0,1,0,1,0,2
66,66,0,1,0,1,0,1
6345,1545,4800,23,18,12,11,0
177,94,83,2,30,1,1,0
98,98,0,1,0,1,0,1
60,60,0,1,0,1,0,1
66,66,0,1,0,1,0,1
9705,5123,4582,29,74,15,14,0
3138,2011,1127,16,255,9,7,0
214,110,104,2,30,1,1,0
66,66,0,1,0,1,0,2
819,102,717,2,30,1,1,0
66,66,0,1,0,1,0,1
237,78,159,2,30,1,1,0
728,234,494,6,67,3,3,0
146,146,0,1,0,1,0,1
1448,103,1345,4,54,2,2,0
7888,1899,5989,20,15,11,9,0
4145,2738,1407,29,27,16,13,0
3565,1020,2545,16,15,9,7,0
257,102,155,2,30,1,1,0
9276,1884,7392,23,94,13,10,0
66,66,0,1,5,1,0,0
66,66,0,1,0,1,0,1
66,66,0,1,0,1,0,1
193,102,91,2,30,1,1,0
3649,424,3225,12,15,6,6,0
70,70,0,1,0,1,0,2
164,78,86,2,31,1,1,0
62,62,0,1,0,1,0,1
13123,6654,6469,29,135,15,14,0
60,60,0,1,0,1,0,1
156,156,0,1,0,1,0,1
19917,8751,11166,51,56,32,19,0
475,150,325,2,1200,1,1,0
6313,1368,4945,21,846,11,10,0
271,93,178,4,43,2,2,0
701,88,613,2,30,1,1,0
70,70,0,1,0,1,0,2
2279,1637,642,15,25,9,6,0
78,78,0,1,0,1,0,1
204,118,86,2,30,1,1,0
158,158,0,1,1199,1,0,0
70,70,0,1,0,1,0,2
315,90,225,4,32,2,2,0
11876,2769,9107,30,76,15,15,0
62,62,0,1,0,1,0,1
211,102,109,2,30,1,1,0
612,306,306,10,15,5,5,0
192,192,0,4,1200,4,0,0
60,60,0,1,0,1,0,1
66,66,0,1,0,1,0,2
12851,3808,9043,30,61,16,14,0
196,100,96,2,30,1,1,0
2430,531,1899,10,133,6,4,0
10017,3031,6986,30,45,17,13,0
62,62,0,1,0,1,0,1
174,89,85,2,30,1,1,0
13132,7107,6025,45,174,23,22,0
53562,2314,51248,64,31,24,40,0
60,60,0,1,0,1,0,1
66,66,0,1,0,1,0,1
70,70,0,1,0,1,0,2
70,70,0,1,0,1,0,2
6750,1755,4995,16,103,9,7,0
66,66,0,1,5,1,0,0
1209,709,500,14,28,8,6,0
70,70,0,1,4,1,0,0
62,62,0,1,0,1,0,1
62,62,0,1,0,1,0,1
70,70,0,1,4,1,0,0
60,60,0,1,0,1,0,1
281,94,187,2,29,1,1,0
12289218,202774,12086444,11470,149,2789,8681,0
72183,3193,68990,89,20,34,55,0
70,70,0,1,0,1,0,2
70,70,0,1,0,1,0,2
312,132,180,6,6,3,3,0
5166,700,4466,16,15,7,9,0
62,62,0,1,0,1,0,1
5693,499,5194,14,15,7,7,0
231,110,121,2,30,1,1,0
70,70,0,1,0,1,0,2
124239,48650,75589,1342,84,628,714,0
62,62,0,1,0,1,0,1
66,66,0,1,0,1,0,2
66,66,0,1,0,1,0,1
66,66,0,1,0,1,0,2
8465,3202,5263,23,120,10,13,0
139,139,0,1,0,1,0,1
70,70,0,1,0,1,0,2
204,70,134,4,25,2,2,0
308,91,217,4,56,2,2,0
98,98,0,1,0,1,0,1
184,94,90,2,30,1,1,0
1376,946,430,8,86,5,3,0
66,66,0,1,0,1,0,1
156,156,0,3,8,3,0,0
70,70,0,1,0,1,0,2
70,70,0,2,8,2,0,0
7450,2372,5078,26,24,15,11,0
510,164,346,2,30,1,1,0
197,102,95,2,31,1,1,0
70,70,0,1,5,1,0,0
783,96,687,2,30,1,1,0
281,101,180,4,60,2,2,0
499,425,74,4,0,3,1,0
184,94,90,2,30,1,1,0
9767,2606,7161,23,120,11,12,0
193,102,91,2,29,1,1,0
70,70,0,1,0,1,0,2
4398,1491,2907,19,27,11,8,0
62,62,0,1,0,1,0,1
251,102,149,2,30,1,1,0
66,66,0,1,0,1,0,1
70,70,0,1,0,1,0,2
889,404,485,10,30,5,5,0
11551,3870,7681,29,37,16,13,0
7847,1904,5943,21,361,10,11,0
2299332,50663,2248669,2117,141,553,1564,0
6006,861,5145,18,19,10,8,0
66,66,0,1,0,1,0,1
70,70,0,2,8,2,0,0
211,110,101,2,30,1,1,0
198,110,88,2,29,1,1,0
275,95,180,4,49,2,2,0
86,86,0,1,30,1,0,0
499,425,74,4,0,3,1,0
70,70,0,1,0,1,0,2
177,94,83,2,30,1,1,0
66,66,0,1,0,1,0,1
66,66,0,1,0,1,0,1
62,62,0,1,0,1,0,1
166,166,0,1,1200,1,0,0
70,70,0,1,0,1,0,2
200,102,98,2,31,1,1,0
8164,1336,6828,34,18,18,16,0
878,126,752,2,30,1,1,0
62,62,0,1,0,1,0,1
7584,7094,490,14,123,7,7,0
184,94,90,2,30,1,1,0
10030,3002,7028,24,16,13,11,0
302,110,192,2,30,1,1,0
183,86,97,2,30,1,1,0
66,66,0,1,0,1,0,1
7402,1350,6052,24,16,13,11,0
62,62,0,1,0,1,0,1
879,126,753,2,30,1,1,0
1658,1247,411,8,16,5,3,0
29838,2481,27357,56,31,24,32,0
186,70,116,2,120,1,1,0
168,86,82,2,33,1,1,0
70,70,0,1,0,1,0,2
83,83,0,1,0,1,0,1
740,452,288,11,17,7,4,0
9736,4347,5389,23,361,11,12,0
168,78,90,2,30,1,1,0
62,62,0,1,0,1,0,1
210,110,100,2,30,1,1,0
62,62,0,1,0,1,0,1
9921,3169,6752,31,20,17,14,0
143,143,0,1,0,1,0,1
70,70,0,1,0,1,0,2
226,110,116,2,29,1,1,0
70,70,0,1,0,1,0,2
62,62,0,1,0,1,0,1
70,70,0,1,0,1,0,2
66,66,0,1,0,1,0,1
70,70,0,1,0,1,0,2
70,70,0,1,0,1,0,2
70,70,0,1,0,1,0,2
70,70,0,1,0,1,0,2
62,62,0,1,0,1,0,1
177,94,83,2,30,1,1,0
145,145,0,1,0,1,0,1
202,91,111,2,30,1,1,0
200,111,89,2,1200,1,1,0
130,70,60,3,5,2,1,0
66,66,0,1,0,1,0,1
273,90,183,4,32,2,2,0
70,70,0,1,0,1,0,2
181,94,87,2,32,1,1,0
348,94,254,2,30,1,1,0
66,66,0,1,0,1,0,1
62,62,0,1,0,1,0,1
17149,2543,14606,40,46,22,18,0
211,102,109,2,29,1,1,0
70,70,0,1,5,1,0,0
316,136,180,6,6,3,3,0
66,66,0,1,0,1,0,1
235,90,145,2,32,1,1,0
237,91,146,2,33,1,1,0
66,66,0,1,0,1,0,1
70,70,0,1,0,1,0,2
177,94,83,2,30,1,1,0
70,70,0,1,0,1,0,2
70,70,0,1,0,1,0,2
304,86,218,2,30,1,1,0
6341,1382,4959,19,132,9,10,0
2807,587,2220,13,16,7,6,0
66,66,0,1,0,1,0,1
62,62,0,1,0,1,0,1
70,70,0,1,0,1,0,2
2809,1884,925,19,25,11,8,0
70,70,0,1,0,1,0,2
62,62,0,1,0,1,0,1
70,70,0,1,0,1,0,2
70,70,0,1,5,1,0,0
1462,703,759,8,16,5,3,0
66,66,0,1,0,1,0,2
182,102,80,2,31,1,1,0
62,62,0,1,0,1,0,1
216,110,106,2,30,1,1,0
1528,757,771,19,121,9,10,0
183,94,89,2,30,1,1,0
60,60,0,1,0,1,0,1
66,66,0,1,0,1,0,1
334,103,231,4,54,2,2,0
62,62,0,1,0,1,0,1
307,105,202,4,31,2,2,0
66,66,0,1,0,1,0,2
70,70,0,1,0,1,0,2
60,60,0,1,0,1,0,1
145,145,0,1,0,1,0,1
1359,435,924,13,30,7,6,0
66,66,0,1,0,1,0,1
348,132,216,6,15,3,3,0
9630744,98097,9532647,7804,123,1387,6417,0
62,62,0,1,0,1,0,1
66,66,0,1,0,1,0,1
60,60,0,1,0,1,0,1
66,66,0,1,0,1,0,2
146,146,0,1,0,1,0,1
146,146,0,1,0,1,0,1
70,70,0,1,0,1,0,2
422,164,258,6,30,3,3,0
7443,2692,4751,19,76,11,8,0
70,70,0,1,0,1,0,2
8921,4675,4246,77,200,47,30,0
70,70,0,1,0,1,0,2
70,70,0,1,0,1,0,2
177,94,83,2,30,1,1,0
180,94,86,2,30,1,1,0
70,70,0,1,4,1,0,0
184,94,90,2,30,1,1,0
70,70,0,1,0,1,0,2
70,70,0,1,0,1,0,2
70,70,0,1,0,1,0,2
66,66,0,1,0,1,0,1
3833,867,2966,14,16,9,5,0
318,192,126,6,26,4,2,0
70,70,0,1,0,1,0,2
24271,17315,6956,53,107,34,19,0
14987,10571,4416,40,75,20,20,0
82,82,0,1,0,1,0,1
66,66,0,1,0,1,0,1
66,66,0,1,0,1,0,2
70,70,0,1,0,1,0,2
62,62,0,1,0,1,0,1
70,70,0,1,0,1,0,2
11291,1348,9943,17,131,6,11,0
187,187,0,1,0,1,0,1
7406,1038,6368,18,15,10,8,0
178,94,84,2,31,1,1,0
70,70,0,2,6,2,0,0
388,134,254,2,30,1,1,0
60,60,0,1,0,1,0,1
66,66,0,1,0,1,0,2
9120,5103,4017,38,587,22,16,0
62,62,0,1,0,1,0,1
996,507,489,10,200,5,5,0
7510,2040,5470,24,210,13,11,0
6727,762,5965,15,26,8,7,0
2107,1131,976,13,97,7,6,0
66,66,0,1,0,1,0,2
1647,1375,272,9,48,5,4,0
303421,10894,292527,324,26,116,208,0
195,102,93,2,32,1,1,0
5081,896,4185,16,70,8,8,0
255,102,153,2,30,1,1,0
70,70,0,1,0,1,0,2
87,87,0,1,31,1,0,0
758,96,662,2,31,1,1,0
1579,94,1485,4,36,2,2,0
70,70,0,1,4,1,0,0
180,92,88,2,30,1,1,0
66,66,0,1,0,1,0,2
70,70,0,1,0,1,0,2
66,66,0,1,0,1,0,2
1560,977,583,15,30,8,7,0
168,94,74,2,31,1,1,0
168,78,90,2,30,1,1,0
98,98,0,1,0,1,0,1
280,140,140,5,130,3,2,0
22074,3005,19069,58,31,31,27,0
416,198,218,7,121,4,3,0
70,70,0,1,0,1,0,2
86,86,0,1,30,1,0,0
711,87,624,2,31,1,1,0
70,70,0,1,0,1,0,2
209,85,124,4,54,2,2,0
18260,2912,15348,30,28,11,19,0
62,62,0,1,0,1,0,1
60,60,0,1,0,1,0,1
70,70,0,1,0,1,0,2
184,94,90,2,31,1,1,0
62,62,0,1,0,1,0,1
718,94,624,2,30,1,1,0
711,87,624,2,30,1,1,0
62,62,0,1,0,1,0,1
36547,3840,32707,88,241,43,45,0
62,62,0,1,0,1,0,1
878,126,752,2,30,1,1,0
66,66,0,1,0,1,0,2
320,140,180,6,5,3,3,0
70,70,0,1,0,1,0,2
306,180,126,6,29,4,2,0
5870,1785,4085,21,80,12,9,0
598135,40549,557586,873,251,326,547,0
86,86,0,1,29,1,0,0
60,60,0,1,0,1,0,1
70,70,0,1,0,1,0,2
166,166,0,1,1199,1,0,0
156,156,0,1,0,1,0,1
146,146,0,1,0,1,0,1
9623,3235,6388,33,118,18,15,0
1385,868,517,12,30,6,6,0
62,62,0,1,0,1,0,1
1188,1188,0,1,0,1,0,1
492,306,186,8,15,5,3,0
60,60,0,1,0,1,0,1
318,192,126,6,28,4,2,0
177,94,83,2,30,1,1,0
70,70,0,1,0,1,0,2
5207,1058,4149,21,150,12,9,0
258,94,164,2,29,1,1,0
60,60,0,1,0,1,0,1
278,94,184,2,30,1,1,0
66,66,0,1,0,1,0,1
8409,1841,6568,27,20,11,16,0
491,150,341,2,1200,1,1,0
200,102,98,2,31,1,1,0
70,70,0,1,0,1,0,2
193,102,91,2,29,1,1,0
107717,16808,90909,301,618,148,153,0
864,126,738,2,30,1,1,0
197,102,95,2,30,1,1,0
184,94,90,2,31,1,1,0
66,66,0,1,0,1,0,2
342,342,0,1,0,1,0,1
190,97,93,2,31,1,1,0
62,62,0,1,0,1,0,1
1386,924,462,12,30,7,5,0
8654,2150,6504,20,15,11,9,0
66,66,0,1,0,1,0,2
402,142,260,2,30,1,1,0
248,71,177,2,31,1,1,0
70,70,0,1,0,1,0,2
166,86,80,2,30,1,1,0
891,126,765,2,30,1,1,0
7941,1952,5989,20,15,11,9,0
70,70,0,1,5,1,0,0
217,90,127,2,30,1,1,0
62,62,0,1,0,1,0,1
70,70,0,1,0,1,0,2
184,94,90,2,30,1,1,0
70007,4677,65330,92,172,36,56,0
60,60,0,1,0,1,0,1
66,66,0,1,0,1,0,1
3565,640,2925,16,153,7,9,0
70,70,0,1,5,1,0,0
146,146,0,1,0,1,0,1
1373,712,661,14,18,8,6,0
2352,1394,958,17,275,9,8,0
318,192,126,6,25,4,2,0
70,70,0,1,0,1,0,2
295,78,217,2,31,1,1,0
199,102,97,2,30,1,1,0
10114,3154,6960,27,20,16,11,0
66,66,0,1,0,1,0,1
189,102,87,2,29,1,1,0
74,74,0,1,0,1,0,1
70,70,0,1,0,1,0,2
14701,3640,11061,29,60,16,13,0
70,70,0,1,0,1,0,2
92157,4519,87638,105,15,39,66,0
4392,1164,3228,17,34,9,8,0
214,110,104,2,29,1,1,0
168,78,90,2,30,1,1,0
66,66,0,1,0,1,0,1
62,62,0,1,0,1,0,1
2178,1003,1175,10,15,6,4,0
718,94,624,2,30,1,1,0
325,103,222,4,45,2,2,0
66,66,0,1,0,1,0,1
66,66,0,1,0,1,0,2
344,130,214,6,77,3,3,0
66,66,0,1,0,1,0,2
70,70,0,2,8,2,0,0
70,70,0,1,0,1,0,2
62,62,0,1,0,1,0,1
66,66,0,1,0,1,0,2
70,70,0,1,0,1,0,2
167,86,81,2,29,1,1,0
70,70,0,1,0,1,0,2
146,146,0,1,0,1,0,1
200,94,106,2,29,1,1,0
62,62,0,1,0,1,0,1
552,306,246,9,16,5,4,0
142,142,0,1,5,1,0,0
164,164,0,1,0,1,0,1
172,88,84,2,30,1,1,0
66,66,0,1,0,1,0,2
197,94,103,2,30,1,1,0
70,70,0,1,0,1,0,2
70,70,0,1,5,1,0,0
62,62,0,1,0,1,0,1
66,66,0,1,0,1,0,2
70,70,0,1,0,1,0,2
70,70,0,1,0,1,0,2
66,66,0,2,7,2,0,0
199,94,105,2,30,1,1,0
7594,863,6731,18,21,8,10,0
66,66,0,1,0,1,0,1
199,102,97,2,31,1,1,0
66,66,0,1,0,1,0,2
234,234,0,4,11,4,0,0
70,70,0,1,0,1,0,2
66,66,0,1,0,1,0,1
66,66,0,1,0,1,0,2
66,66,0,1,0,1,0,2
9249354,297929,8951425,10789,208,4872,5917,0
146,146,0,1,0,1,0,1
66,66,0,1,0,1,0,1
209,110,99,2,30,1,1,0
6936,819,6117,20,85,11,9,0
125906,21096,104810,172,130,68,104,0
62,62,0,1,0,1,0,1
194,102,92,2,30,1,1,0
131,131,0,1,0,1,0,1
17764,5080,12684,46,121,22,24,0
66,66,0,1,0,1,0,2
318,192,126,6,26,4,2,0
239209,233954,5255,2850,88,2822,28,0
396507,14667,381840,458,21,171,287,0
66,66,0,1,0,1,0,1
4504,1597,2907,19,27,11,8,0
5914,1514,4400,23,15,12,11,0
109,109,0,1,0,1,0,1
70,70,0,1,0,1,0,2
60,60,0,1,0,1,0,1
74,74,0,1,0,1,0,1
174,89,85,2,31,1,1,0
66,66,0,1,0,1,0,2
16537,4585,11952,46,96,24,22,0
70,70,0,1,0,1,0,2
834,150,684,4,1200,2,2,0
70,70,0,1,0,1,0,2
250,86,164,4,36,2,2,0
62,62,0,1,0,1,0,1
70,70,0,1,0,1,0,2
70,70,0,1,0,1,0,2
199,94,105,2,30,1,1,0
70,70,0,1,0,1,0,2
168,78,90,2,30,1,1,0
70,70,0,1,5,1,0,0
66,66,0,1,0,1,0,2
164,78,86,2,30,1,1,0
62,62,0,1,0,1,0,1
70,70,0,1,0,1,0,2
2560,2083,477,13,15,7,6,0
70,70,0,1,0,1,0,2
504,318,186,8,15,5,3,0
70,70,0,1,0,1,0,2
66,66,0,1,0,1,0,1
62,62,0,1,0,1,0,1
3263,1643,1620,9,119,5,4,0
542,112,430,4,34,2,2,0
5699,505,5194,14,15,7,7,0
571,166,405,2,29,1,1,0
4599,1692,2907,19,26,11,8,0
480,244,236,4,0,2,2,0
416,198,218,7,29,4,3,0
167,86,81,2,30,1,1,0
251,102,149,2,30,1,1,0
62,62,0,1,0,1,0,1
364,92,272,4,38,2,2,0
8252,1702,6550,26,72,13,13,0
66,66,0,1,0,1,0,1
66,66,0,1,0,1,0,2
62,62,0,1,0,1,0,1
14713,3210,11503,24,135,9,15,0
66,66,0,1,0,1,0,2
199,94,105,2,30,1,1,0
62,62,0,1,0,1,0,1
281,97,184,4,58,2,2,0
66,66,0,1,0,1,0,2
354,140,214,6,131,3,3,0
62,62,0,1,0,1,0,1
60,60,0,1,0,1,0,1
62,62,0,1,0,1,0,1
414,268,146,3,32,2,1,0
761,100,661,2,30,1,1,0
146,146,0,1,0,1,0,1
70,70,0,1,0,1,0,2
70,70,0,1,0,1,0,2
66,66,0,1,0,1,0,2
414,268,146,3,33,2,1,0
66,66,0,1,0,1,0,2
254,128,126,5,15,3,2,0
62,62,0,1,0,1,0,1
233,91,142,2,31,1,1,0
66,66,0,1,0,1,0,1
30048,2775,27273,41,137,16,25,0
32358,7474,24884,49,49,23,26,0
145,145,0,1,0,1,0,1
31778,6075,25703,54,49,28,26,0
454,262,192,8,44,5,3,0
62,62,0,1,0,1,0,1
62,62,0,1,0,1,0,1
318,192,126,6,26,4,2,0
214,110,104,2,31,1,1,0
145,145,0,1,0,1,0,1
5248,2550,2698,21,178,10,11,0
70,70,0,1,0,1,0,2
70,70,0,1,0,1,0,2
62,62,0,1,0,1,0,1
70,70,0,1,0,1,0,2
1221,339,882,9,16,5,4,0
170,87,83,2,30,1,1,0
44569,12221,32348,81,19,42,39,0
168,78,90,2,30,1,1,0
66,66,0,1,0,1,0,1
162,162,0,1,0,1,0,1
109,109,0,1,5,1,0,0
66,66,0,1,0,1,0,2
185645,6753,178892,213,81,89,124,0
7370,2873,4497,23,47,13,10,0
66,66,0,1,0,1,0,1
2985,1505,1480,16,20,9,7,0
62,62,0,1,0,1,0,1
12742,1983,10759,47,123,14,33,0
182,93,89,2,30,1,1,0
70,70,0,1,0,1,0,2
6278,2408,3870,27,3600,15,12,0
66,66,0,1,0,1,0,2
304,94,210,2,30,1,1,0
60,60,0,1,0,1,0,1
271,95,176,4,48,2,2,0
9320,4615,4705,25,120,12,13,0
66,66,0,1,0,1,0,2
10225,3155,7070,28,57,19,9,0
70,70,0,1,0,1,0,2
32457,1499,30958,42,50,16,26,0
170,87,83,2,31,1,1,0
7762,2601,5161,18,137,8,10,0
62,62,0,1,0,1,0,1
193,102,91,2,30,1,1,0
7036,2247,4789,39,141,19,20,0
66,66,0,1,0,1,0,1
71843,2833,69010,83,16,36,47,0
188,96,92,2,30,1,1,0
4399,1492,2907,19,27,11,8,0
62,62,0,1,0,1,0,1
199,102,97,2,30,1,1,0
78,78,0,1,0,1,0,1
62,62,0,1,0,1,0,1
70,70,0,1,5,1,0,0
1599,743,856,13,36,7,6,0
198,90,108,2,30,1,1,0
320,140,180,6,6,3,3,0
66,66,0,1,0,1,0,1
70,70,0,1,0,1,0,2
146,146,0,1,0,1,0,1
195,70,125,2,30,1,1,0
146,146,0,1,0,1,0,1
4378,1471,2907,19,27,11,8,0
35833,938,34895,37,104,11,26,0
177,94,83,2,30,1,1,0
194,99,95,2,30,1,1,0
166,166,0,1,1200,1,0,0
324001,46592,277409,409,177,203,206,0
70,70,0,1,0,1,0,2
170,87,83,2,31,1,1,0
70,70,0,1,0,1,0,2
177,94,83,2,30,1,1,0
70,70,0,1,0,1,0,2
62,62,0,1,0,1,0,1
199,94,105,2,30,1,1,0
3217,2090,1127,16,255,9,7,0
221,94,127,2,30,1,1,0
186,95,91,2,30,1,1,0
70,70,0,1,0,1,0,2
216,110,106,2,29,1,1,0
66,66,0,1,0,1,0,2
70,70,0,1,0,1,0,2
62,62,0,1,0,1,0,1
60,60,0,1,0,1,0,1
70,70,0,1,0,1,0,2
5682,1562,4120,23,61,13,10,0
70,70,0,1,0,1,0,2
62,62,0,1,0,1,0,1
4350,2261,2089,21,18,11,10,0
62,62,0,1,0,1,0,1
13181,5856,7325,23,135,11,12,0
638,70,568,10,203,2,8,0
145,145,0,1,0,1,0,1
70,70,0,1,0,1,0,2
62,62,0,1,0,1,0,1
232,86,146,2,30,1,1,0
6074,1579,4495,18,125,11,7,0
193,102,91,2,30,1,1,0
220,90,130,2,30,1,1,0
60,60,0,1,0,1,0,1
70,70,0,1,0,1,0,2
2424,529,1895,11,75,6,5,0
168,86,82,2,30,1,1,0
70,70,0,1,0,1,0,2
132,132,0,3,1200,3,0,0
158,158,0,1,1200,1,0,0
36053,3513,32540,54,96,25,29,0
220,90,130,2,30,1,1,0
66,66,0,1,0,1,0,1
70,70,0,1,0,1,0,2
66,66,0,1,0,1,0,2
235,90,145,2,33,1,1,0
70,70,0,1,0,1,0,2
70,70,0,1,0,1,0,2
865636,22536,843100,903,50,309,594,0
70,70,0,1,0,1,0,2
31715,20427,11288,103,54,54,49,0
70,70,0,1,0,1,0,2
66,66,0,1,0,1,0,1
174,89,85,2,31,1,1,0
10379011,159069,10219942,8727,252,1321,7406,0
66,66,0,1,0,1,0,1
177,94,83,2,29,1,1,0
78,78,0,1,0,1,0,1
62,62,0,1,0,1,0,1
214,110,104,2,31,1,1,0
197,102,95,2,33,1,1,0
21678,2120,19558,33,20,16,17,0
183,94,89,2,30,1,1,0
66,66,0,1,0,1,0,1
70,70,0,1,0,1,0,2
66,66,0,1,0,1,0,1
199,102,97,2,30,1,1,0
198,101,97,2,31,1,1,0
241,118,123,2,30,1,1,0
60,60,0,1,0,1,0,1
70,70,0,1,0,1,0,2
199,102,97,2,31,1,1,0
1740,708,1032,19,396,6,13,0
166,166,0,1,1200,1,0,0
70,70,0,1,0,1,0,2
70,70,0,1,0,1,0,2
9398,2027,7371,33,270,14,19,0
70,70,0,2,8,2,0,0
183,94,89,2,30,1,1,0
146,146,0,1,0,1,0,1
16244,2265,13979,35,262,19,16,0
214,110,104,2,30,1,1,0
793,101,692,2,31,1,1,0
199,102,97,2,30,1,1,0
9188,3421,5767,43,83,19,24,0
62,62,0,1,0,1,0,1
182,93,89,2,30,1,1,0
177,94,83,2,31,1,1,0
70,70,0,1,0,1,0,2
66,66,0,1,0,1,0,1
177,94,83,2,30,1,1,0
184,94,90,2,30,1,1,0
95037,3407,91630,103,135,38,65,0
130,70,60,2,5,1,1,0
145,145,0,1,0,1,0,1
5938,1012,4926,20,77,11,9,0
1310,649,661,13,184,7,6,0
70,70,0,1,5,1,0,0
66,66,0,1,0,1,0,2
66,66,0,1,0,1,0,1
208,70,138,4,25,2,2,0
62,62,0,1,0,1,0,1
129,129,0,1,0,1,0,1
70,70,0,1,0,1,0,2
177,94,83,2,30,1,1,0
62,62,0,1,0,1,0,1
8805,1938,6867,21,17,12,9,0
70,70,0,1,0,1,0,2
11301,2219,9082,29,187,14,15,0
524,214,310,6,57,3,3,0
3703,2068,1635,17,33,10,7,0
66,66,0,1,0,1,0,1
10416,3195,7221,32,46,18,14,0
60,60,0,1,0,1,0,1
70,70,0,1,0,1,0,2
7842,2164,5678,48,5441,20,28,0
3611,2177,1434,24,17,13,11,0
307,86,221,2,30,1,1,0
62,62,0,1,0,1,0,1
210,110,100,2,29,1,1,0
177,94,83,2,30,1,1,0
70,70,0,1,0,1,0,2
13002,1895,11107,31,202,17,14,0
4017,978,3039,14,53,8,6,0
70,70,0,1,0,1,0,2
199,102,97,2,30,1,1,0
66,66,0,1,0,1,0,2
196,100,96,2,31,1,1,0
728,96,632,2,30,1,1,0
62,62,0,1,0,1,0,1
1654,1011,643,16,82,9,7,0
318,192,126,6,26,4,2,0
194,102,92,2,33,1,1,0
13644327,154437,13489890,11257,134,2201,9056,0
711,87,624,2,30,1,1,0
6593,3073,3520,27,82,14,13,0
62,62,0,1,0,1,0,1
6633,3485,3148,34,197,19,15,0
9054746,285623,8769123,10474,214,4673,5801,0
1427,101,1326,4,48,2,2,0
70,70,0,1,0,1,0,2
3182,1568,1614,8,120,4,4,0
254,128,126,5,16,3,2,0
146,146,0,1,0,1,0,1
4707,1800,2907,19,26,11,8,0
78,78,0,1,0,1,0,1
66,66,0,1,0,1,0,2
758,96,662,2,30,1,1,0
322,102,220,2,30,1,1,0
183,94,89,2,30,1,1,0
70,70,0,1,0,1,0,2
4356,806,3550,14,15,7,7,0
194,102,92,2,29,1,1,0
914,126,788,2,31,1,1,0
2006,1095,911,11,61,6,5,0
758,102,656,2,30,1,1,0
177,94,83,2,29,1,1,0
320,140,180,6,6,3,3,0
177,94,83,2,29,1,1,0
70,70,0,1,0,1,0,2
70,70,0,1,0,1,0,2
66,66,0,1,0,1,0,2
150,150,0,1,1200,1,0,0
145,145,0,1,0,1,0,1
70,70,0,1,4,1,0,0
78,78,0,1,5,1,0,0
234,234,0,4,12,4,0,0
177,94,83,2,30,1,1,0
226,89,137,2,30,1,1,0
193,102,91,2,31,1,1,0
147320,5771,141549,184,72,73,111,0
28448,16525,11923,253,3696,148,105,0
55117,3792,51325,69,36,29,40,0
66,66,0,1,0,1,0,1
6196,746,5450,17,28,8,9,0
272,97,175,4,58,2,2,0
66,66,0,1,0,1,0,1
70,70,0,1,0,1,0,2
386,134,252,2,30,1,1,0
314,192,122,6,15,4,2,0
66,66,0,1,0,1,0,1
490,264,226,8,140,5,3,0
26423,2338,24085,50,152,24,26,0
66,66,0,1,0,1,0,1
66,66,0,1,0,1,0,2
228,94,134,2,30,1,1,0
257,78,179,2,30,1,1,0
12026,1450,10576,27,127,12,15,0
8058,5498,2560,20,120,11,9,0
170,87,83,2,31,1,1,0
70,70,0,1,0,1,0,2
66,66,0,1,0,1,0,1
66,66,0,1,0,1,0,2
60,60,0,1,0,1,0,1
62,62,0,1,0,1,0,1
146,146,0,1,0,1,0,1
352,94,258,2,30,1,1,0
479,150,329,2,1200,1,1,0
3080,1018,2062,10,120,5,5,0
70,70,0,1,0,1,0,2
183,94,89,2,30,1,1,0
402,118,284,2,30,1,1,0
62,62,0,1,0,1,0,1
5806,1059,4747,16,63,8,8,0
177,94,83,2,31,1,1,0
145,145,0,1,0,1,0,1
66,66,0,1,0,1,0,1
66,66,0,1,0,1,0,2
3487,696,2791,13,142,6,7,0
221,90,131,2,30,1,1,0
78,78,0,1,30,1,0,0
182,93,89,2,31,1,1,0
14269,5761,8508,43,18,23,20,0
198,101,97,2,31,1,1,0
70,70,0,1,0,1,0,2
156,156,0,3,8,3,0,0
949,285,664,8,39,4,4,0
62,62,0,1,0,1,0,1
320,320,0,5,0,5,0,0
148,148,0,1,0,1,0,1
66,66,0,1,0,1,0,1
124,64,60,2,16,1,1,0
9880,1687,8193,23,15,12,11,0
199,102,97,2,29,1,1,0
1056,682,374,10,15,6,4,0
66,66,0,1,0,1,0,1
178,94,84,2,30,1,1,0
70,70,0,2,6,2,0,0
70,70,0,1,0,1,0,2
7469,2547,4922,18,135,8,10,0
1427,726,701,17,46,8,9,0
66,66,0,1,0,1,0,1
199,102,97,2,30,1,1,0
66,66,0,1,0,1,0,2
779,86,693,2,30,1,1,0
183,94,89,2,30,1,1,0
211,102,109,2,30,1,1,0
186,95,91,2,31,1,1,0
885,126,759,2,30,1,1,0
871,126,745,2,31,1,1,0
316,136,180,6,6,3,3,0
62,62,0,1,0,1,0,1
70,70,0,1,0,1,0,2
70,70,0,1,0,1,0,2
66,66,0,1,0,1,0,2
70,70,0,1,0,1,0,2
62,62,0,1,0,1,0,1
663,212,451,6,63,3,3,0
499,425,74,4,0,3,1,0
70,70,0,1,0,1,0,2
193,102,91,2,30,1,1,0
198,102,96,2,30,1,1,0
381,89,292,4,43,2,2,0
1377,300,1077,6,1200,3,3,0
62,62,0,1,0,1,0,1
234688,15158,219530,324,173,157,167,0
258,110,148,2,30,1,1,0
1304,878,426,12,78,7,5,0
66,66,0,1,0,1,0,1
62,62,0,1,5,1,0,0
195,102,93,2,31,1,1,0
66,66,0,1,5,1,0,0
1421,97,1324,4,55,2,2,0
66,66,0,1,0,1,0,2
66,66,0,1,0,1,0,2
887,126,761,2,31,1,1,0
339,134,205,2,30,1,1,0
100,100,0,1,0,1,0,1
346,346,0,1,0,1,0,1
70,70,0,1,0,1,0,2
199,94,105,2,30,1,1,0
66,66,0,1,0,1,0,2
60,60,0,1,0,1,0,1
248,106,142,2,30,1,1,0
183,94,89,2,30,1,1,0
70,70,0,1,0,1,0,2
60,60,0,1,0,1,0,1
295,101,194,4,32,2,2,0
66,66,0,1,0,1,0,2
194,102,92,2,31,1,1,0
66,66,0,1,0,1,0,2
62,62,0,1,0,1,0,1
66,66,0,1,0,1,0,1
517,163,354,2,1200,1,1,0
62,62,0,1,0,1,0,1
145,145,0,1,0,1,0,1
165763,5072,160691,181,120,61,120,0
384,166,218,2,30,1,1,0
161883,8848,153035,177,54,64,113,0
2831,740,2091,11,120,5,6,0
11247,4773,6474,66,1454,32,34,0
1786,172,1614,7,120,3,4,0
62,62,0,1,0,1,0,1
252,60,192,5,14,2,3,0
70,70,0,2,8,2,0,0
6826,1804,5022,21,137,11,10,0
7712,2203,5509,24,516,14,10,0
66,66,0,1,0,1,0,1
70,70,0,1,0,1,0,2
66,66,0,1,0,1,0,2
162,102,60,2,5,1,1,0
184,94,90,2,31,1,1,0
170,87,83,2,31,1,1,0
156,156,0,3,8,3,0,0
146,146,0,1,0,1,0,1
146,146,0,1,0,1,0,1
70,70,0,1,0,1,0,2
193,102,91,2,30,1,1,0
168,86,82,2,30,1,1,0
9654,1771,7883,27,186,14,13,0
66,66,0,1,0,1,0,2
60,60,0,1,0,1,0,1
66,66,0,1,0,1,0,2
70,70,0,1,0,1,0,2
70,70,0,2,8,2,0,0
146,146,0,1,0,1,0,1
16742,3383,13359,57,309,28,29,0
200,102,98,2,30,1,1,0
70,70,0,1,5,1,0,0
70,70,0,1,0,1,0,2
21198,9647,11551,97,20,52,45,0
168,86,82,2,30,1,1,0
161,161,0,2,1200,2,0,0
21610,9250,12360,40,17,19,21,0
70,70,0,1,0,1,0,2
235,90,145,2,33,1,1,0
60,60,0,1,0,1,0,1
194,102,92,2,30,1,1,0
66,66,0,1,0,1,0,1
28183,7016,21167,51,45,23,28,0
70,70,0,1,0,1,0,2
499,425,74,4,0,3,1,0
728,96,632,2,31,1,1,0
60,60,0,1,0,1,0,1
66,66,0,1,0,1,0,1
123122,115571,7551,161,23,93,68,0
338,70,268,2,30,1,1,0
62,62,0,1,0,1,0,1
481,150,331,2,1200,1,1,0
3149,1899,1250,19,15,9,10,0
6811,1923,4888,21,15,11,10,0
5212,1101,4111,22,123,12,10,0
2766,1907,859,17,25,10,7,0
66,66,0,1,0,1,0,2
62,62,0,1,0,1,0,1
306,94,212,2,29,1,1,0
70,70,0,1,0,1,0,2
70,70,0,1,0,1,0,2
70,70,0,1,0,1,0,2
60,60,0,1,0,1,0,1
66,66,0,1,0,1,0,2
62,62,0,1,0,1,0,1
66,66,0,1,0,1,0,2
166,86,80,2,31,1,1,0
66,66,0,1,0,1,0,1
66,66,0,1,0,1,0,2
66,66,0,1,0,1,0,1
170,87,83,2,30,1,1,0
70,70,0,1,0,1,0,2
216,110,106,2,30,1,1,0
194,102,92,2,31,1,1,0
66,66,0,2,8,2,0,0
62,62,0,1,0,1,0,1
70,70,0,1,0,1,0,2
60,60,0,1,0,1,0,1
62,62,0,1,0,1,0,1
9240,3413,5827,59,37,26,33,0
145,145,0,1,0,1,0,1
66,66,0,1,0,1,0,2
6887,1076,5811,22,50,12,10,0
481,150,331,2,1200,1,1,0
3424,1710,1714,16,33,8,8,0
70,70,0,1,0,1,0,2
148,148,0,1,0,1,0,1
66,66,0,1,0,1,0,1
286,94,192,2,30,1,1,0
211,78,133,2,30,1,1,0
132,132,0,3,1199,3,0,0
214,102,112,2,29,1,1,0
264,110,154,2,30,1,1,0
1534,248,1286,4,1200,2,2,0
66,66,0,1,0,1,0,2
70,70,0,1,0,1,0,2
70,70,0,1,0,1,0,2
199,102,97,2,30,1,1,0
66,66,0,1,0,1,0,1
70,70,0,1,0,1,0,2
70,70,0,1,0,1,0,2
1723391,21750,1701641,1450,16,326,1124,0
62,62,0,1,0,1,0,1
62,62,0,1,0,1,0,1
70,70,0,1,0,1,0,2
234,234,0,1,0,1,0,1
62,62,0,1,0,1,0,1
5378,1423,3955,19,22,11,8,0
12278,1931,10347,32,56,18,14,0
332,332,0,1,0,1,0,1
9759,1989,7770,25,16,13,12,0
66,66,0,1,0,1,0,1
62,62,0,1,0,1,0,1
212,108,104,2,30,1,1,0
60,60,0,1,0,1,0,1
70,70,0,1,0,1,0,2
66,66,0,1,0,1,0,1
70,70,0,1,0,1,0,2
183,94,89,2,30,1,1,0
3132,730,2402,13,42,7,6,0
62,62,0,1,0,1,0,1
11293,3979,7314,29,125,17,12,0
70,70,0,1,0,1,0,2
2988,2036,952,16,3601,8,8,0
70,70,0,1,0,1,0,2
66,66,0,1,0,1,0,1
196,102,94,2,31,1,1,0
2513598,90400,2423198,2658,280,896,1762,0
600,306,294,6,0,3,3,0
66,66,0,1,0,1,0,2
318,192,126,6,25,4,2,0
82,82,0,1,30,1,0,0
70,70,0,1,0,1,0,2
13608,783,12825,21,45,9,12,0
60,60,0,1,0,1,0,1
70,70,0,1,0,1,0,2
761,100,661,2,30,1,1,0
101056,3737,97319,107,15,35,72,0
754,94,660,2,31,1,1,0
3581,1045,2536,10,122,5,5,0
184,94,90,2,30,1,1,0
1218,924,294,6,30,3,3,0
82,82,0,1,30,1,0,0
410,99,311,4,56,2,2,0
183,94,89,2,30,1,1,0
62,62,0,1,0,1,0,1
66,66,0,1,0,1,0,1
146,146,0,1,0,1,0,1
5525,2278,3247,22,40,13,9,0
7461,1448,6013,22,35,11,11,0
62,62,0,1,0,1,0,1
70,70,0,1,0,1,0,2
230,94,136,2,30,1,1,0
70,70,0,1,0,1,0,2
146,146,0,1,0,1,0,1
70,70,0,1,0,1,0,2
168,86,82,2,30,1,1,0
70,70,0,1,0,1,0,2
312,132,180,6,6,3,3,0
8263,1279,6984,15,136,7,8,0
6059,773,5286,17,29,9,8,0
70,70,0,1,0,1,0,1
777,432,345,10,15,5,5,0
70,70,0,1,0,1,0,2
504,318,186,8,15,5,3,0
156,156,0,3,8,3,0,0
70,70,0,1,5,1,0,0
50454,5259,45195,52,105,17,35,0
66,66,0,1,0,1,0,2
752,93,659,2,30,1,1,0
202,86,116,2,30,1,1,0
9279,5062,4217,56,259,25,31,0
1571,877,694,11,181,6,5,0
182,93,89,2,31,1,1,0
94514,14468,80046,152,15,41,111,0
278,102,176,2,31,1,1,0
66,66,0,1,0,1,0,1
74,74,0,1,0,1,0,1
177,94,83,2,31,1,1,0
7890,1901,5989,20,15,11,9,0
10477,3435,7042,34,20,18,16,0
70,70,0,1,0,1,0,2
6805,3445,3360,31,121,15,16,0
74,74,0,1,0,1,0,1
183,86,97,2,30,1,1,0
66,66,0,1,0,1,0,1
246,94,152,2,30,1,1,0
2986,1514,1472,10,15,6,4,0
211,102,109,2,30,1,1,0
193,102,91,2,30,1,1,0
70094,1629,68465,63,89,16,47,0
70,70,0,1,0,1,0,2
1356,300,1056,6,1200,3,3,0
199,102,97,2,31,1,1,0
2993,866,2127,10,120,5,5,0
66,66,0,1,0,1,0,1
70,70,0,1,0,1,0,2
60,60,0,1,0,1,0,1
3312,1936,1376,19,29,10,9,0
70,70,0,1,0,1,0,2
162,162,0,1,0,1,0,1
70,70,0,1,5,1,0,0
66,66,0,1,0,1,0,1
70,70,0,1,0,1,0,2
1386,1386,0,22,1544,22,0,0
338,110,228,2,30,1,1,0
193,102,91,2,31,1,1,0
60,60,0,1,0,1,0,1
62,62,0,1,0,1,0,1
70,70,0,1,5,1,0,0
70,70,0,1,0,1,0,2
146,146,0,1,0,1,0,1
70,70,0,1,0,1,0,2
70,70,0,2,7,2,0,0
4465,3390,1075,14,30,8,6,0
66,66,0,1,0,1,0,2
199,102,97,2,30,1,1,0
193,102,91,2,30,1,1,0
199,102,97,2,29,1,1,0
66,66,0,1,0,1,0,2
177,94,83,2,30,1,1,0
70,70,0,2,8,2,0,0
29705,9203,20502,41,18,21,20,0
195,102,93,2,30,1,1,0
332,102,230,2,30,1,1,0
248,110,138,2,29,1,1,0
66,66,0,1,0,1,0,1
62,62,0,1,0,1,0,1
817,102,715,2,30,1,1,0
146,146,0,1,0,1,0,1
60,60,0,1,0,1,0,1
9501,1502,7999,24,29,13,11,0
55224,28254,26970,230,174,114,116,0
320,140,180,6,6,3,3,0
146,146,0,1,0,1,0,1
613303,16858,596445,666,143,251,415,0
209,102,107,2,30,1,1,0
62,62,0,1,61,1,0,0
66,66,0,1,0,1,0,2
4374,1724,2650,16,150,9,7,0
197,94,103,2,30,1,1,0
213,89,124,4,54,2,2,0
193,102,91,2,30,1,1,0
7917,2410,5507,32,26,18,14,0
3648,1775,1873,13,26,7,6,0
54757,28216,26541,229,175,114,115,0
66,66,0,2,10,2,0,0
196,102,94,2,30,1,1,0
62,62,0,1,0,1,0,1
70,70,0,1,0,1,0,2
192,86,106,2,30,1,1,0
4823,708,4115,19,240,6,13,0
66,66,0,1,0,1,0,1
66,66,0,1,0,1,0,1
7001170,112187,6888983,6101,29,1546,4555,0
66,66,0,1,0,1,0,1
140,140,0,2,0,2,0,1
188,96,92,2,31,1,1,0
18685,7141,11544,33,28,17,16,0
177,94,83,2,30,1,1,0
70,70,0,1,0,1,0,2
146,146,0,1,0,1,0,1
70,70,0,1,0,1,0,2
213,78,135,2,30,1,1,0
272,97,175,4,58,2,2,0
9466,2602,6864,41,185,20,21,0
5493,933,4560,18,41,9,9,0
62,62,0,1,0,1,0,1
200,94,106,2,30,1,1,0
70,70,0,1,0,1,0,2
62,62,0,1,0,1,0,1
66,66,0,1,0,1,0,1
146,146,0,1,0,1,0,1
70,70,0,1,0,1,0,2
70,70,0,1,0,1,0,2
145,145,0,1,0,1,0,1
480,149,331,2,1200,1,1,0
62,62,0,1,0,1,0,1
16207,6355,9852,84,195,43,41,0
182,93,89,2,30,1,1,0
62,62,0,1,0,1,0,1
278,100,178,4,30,2,2,0
888,126,762,2,31,1,1,0
66,66,0,1,0,1,0,2
166,86,80,2,30,1,1,0
7298,2661,4637,21,17,11,10,0
775,102,673,2,30,1,1,0
66,66,0,1,0,1,0,1
62,62,0,1,0,1,0,1
3690,2585,1105,17,16,9,8,0
66,66,0,1,0,1,0,2
184,94,90,2,30,1,1,0
177,94,83,2,30,1,1,0
172,88,84,2,31,1,1,0
210,110,100,2,30,1,1,0
177,94,83,2,29,1,1,0
232,110,122,2,29,1,1,0
70,70,0,1,0,1,0,2
8971,4228,4743,20,95,12,8,0
808,485,323,8,75,5,3,0
146,146,0,1,0,1,0,1
70,70,0,1,0,1,0,2
4878,1570,3308,19,165,10,9,0
70,70,0,1,0,1,0,2
4588,843,3745,14,52,7,7,0
70,70,0,1,0,1,0,2
499,425,74,4,0,3,1,0
62,62,0,1,0,1,0,1
70,70,0,1,0,1,0,2
3663,1136,2527,13,136,6,7,0
66,66,0,1,0,1,0,2
62,62,0,1,0,1,0,1
777,87,690,2,31,1,1,0
4220,2048,2172,11,122,6,5,0
499,425,74,4,0,3,1,0
60,60,0,1,0,1,0,1
9734,1613,8121,24,17,12,12,0
1328,960,368,10,32,5,5,0
4322,797,3525,14,64,8,6,0
62,62,0,1,0,1,0,1
209,110,99,2,29,1,1,0
66,66,0,1,0,1,0,2
70,70,0,1,0,1,0,2
70,70,0,1,0,1,0,2
499,425,74,4,0,3,1,0
66,66,0,1,0,1,0,1
214,140,74,4,30,3,1,0
6317,2196,4121,19,15,10,9,0
5386,4374,1012,18,34,11,7,0
62,62,0,1,0,1,0,1
5035,3194,1841,23,96,12,11,0
70,70,0,1,0,1,0,2
62,62,0,1,0,1,0,1
199,102,97,2,30,1,1,0
168,78,90,2,31,1,1,0
66,66,0,1,0,1,0,2
185,102,83,2,30,1,1,0
66,66,0,1,0,1,0,1
156,156,0,2,0,2,0,1
66,66,0,1,0,1,0,2
177,94,83,2,30,1,1,0
1119,388,731,9,223,5,4,0
60,60,0,1,0,1,0,1
66,66,0,1,0,1,0,1
62,62,0,1,0,1,0,1
145,145,0,1,0,1,0,1
66,66,0,1,0,1,0,2
200,102,98,2,33,1,1,0
70,70,0,1,0,1,0,2
70,70,0,1,0,1,0,2
146,146,0,1,0,1,0,1
180,94,86,2,29,1,1,0
3182,1568,1614,8,120,4,4,0
726,726,0,12,1200,12,0,0
528,528,0,9,1200,9,0,0
1012,462,550,4,30,2,2,0
66,66,0,1,0,1,0,1
19112,2192,16920,46,90,23,23,0
1868,1229,639,18,151,11,7,0
177,94,83,2,29,1,1,0
70,70,0,1,0,1,0,2
840,456,384,14,25,8,6,0
156,156,0,2,0,2,0,0
70,70,0,1,0,1,0,2
418,154,264,4,33,2,2,0
98,98,0,1,0,1,0,1
70,70,0,1,0,1,0,2
70,70,0,1,0,1,0,2
216,110,106,2,29,1,1,0
66,66,0,1,0,1,0,2
70,70,0,1,0,1,0,2
66,66,0,1,0,1,0,1
196,102,94,2,30,1,1,0
164,78,86,2,30,1,1,0
66,66,0,1,0,1,0,1
66,66,0,1,0,1,0,1
70,70,0,1,0,1,0,2
362,240,122,7,25,5,2,0
5693,499,5194,14,15,7,7,0
89790,6036,83754,112,55,41,71,0
70,70,0,1,0,1,0,2
70,70,0,1,0,1,0,2
66,66,0,1,0,1,0,1
225,102,123,2,30,1,1,0
60,60,0,1,0,1,0,1
1108,66,1042,3,15,2,1,0
258,110,148,2,29,1,1,0
9559,3243,6316,28,46,16,12,0
62,62,0,1,0,1,0,1
70,70,0,1,0,1,0,2
130,70,60,2,5,1,1,0
70,70,0,1,0,1,0,2
124,64,60,2,0,1,1,0
66,66,0,1,0,1,0,1
66,66,0,1,0,1,0,1
62,62,0,1,0,1,0,1
3644,610,3034,13,119,6,7,0
5196,2308,2888,34,137,16,18,0
146,146,0,1,0,1,0,1
10475,1518,8957,24,139,11,13,0
81390,4223,77167,103,21,49,54,0
62,62,0,1,0,1,0,1
70,70,0,1,0,1,0,2
146,146,0,1,0,1,0,1
70,70,0,2,8,2,0,0
60,60,0,1,0,1,0,1
177,94,83,2,30,1,1,0
23870,3485,20385,55,143,29,26,0
3504,1790,1714,17,31,9,8,0
200,102,98,2,30,1,1,0
70,70,0,1,5,1,0,0
70,70,0,1,0,1,0,2
66,66,0,1,0,1,0,1
66,66,0,1,0,1,0,1
183,94,89,2,30,1,1,0
196,86,110,2,29,1,1,0
62,62,0,1,4,1,0,0
70,70,0,1,0,1,0,2
1899,1310,589,12,48,6,6,0
70,70,0,1,0,1,0,2
70,70,0,1,0,1,0,2
62,62,0,1,0,1,0,1
66,66,0,1,0,1,0,1
66,66,0,1,0,1,0,1
70,70,0,1,0,1,0,2
3796,1523,2273,20,135,10,10,0
254,128,126,5,15,3,2,0
66,66,0,1,90,1,0,0
66,66,0,1,0,1,0,1
66,66,0,1,0,1,0,2
165,86,79,2,30,1,1,0
70,70,0,1,0,1,0,2
62,62,0,1,0,1,0,1
10315,2018,8297,24,158,12,12,0
66,66,0,2,8,2,0,0
62,62,0,1,0,1,0,1
62,62,0,1,0,1,0,1
70,70,0,1,0,1,0,2
1151,711,440,10,15,5,5,0
70,70,0,1,0,1,0,2
211,102,109,2,30,1,1,0
159,159,0,1,0,1,0,1
6336,1633,4703,22,256,12,10,0
70,70,0,1,0,1,0,2
256793,17776,239017,327,23,146,181,0
60,60,0,1,0,1,0,1
66,66,0,1,0,1,0,2
8593,2011,6582,17,23,8,9,0
70,70,0,1,0,1,0,2
60,60,0,1,0,1,0,1
66,66,0,1,0,1,0,1
66,66,0,1,0,1,0,1
193,102,91,2,30,1,1,0
514,88,426,4,42,2,2,0
66,66,0,1,0,1,0,1
4649,2928,1721,40,415,21,19,0
193,102,91,2,30,1,1,0
70,70,0,1,0,1,0,2
12362,3372,8990,34,143,18,16,0
193,102,91,2,31,1,1,0
70,70,0,1,0,1,0,2
62,62,0,1,0,1,0,1
70,70,0,1,0,1,0,2
156,94,62,2,30,1,1,0
62,62,0,1,0,1,0,1
146,146,0,1,0,1,0,1
62,62,0,1,0,1,0,1
308,128,180,6,30,3,3,0
216,110,106,2,29,1,1,0
7760,2646,5114,24,16,13,11,0
1188,94,1094,2,29,1,1,0
5147,2613,2534,19,137,10,9,0
70,70,0,1,5,1,0,0
66,66,0,1,0,1,0,2
4398,1491,2907,19,27,11,8,0
216,94,122,2,30,1,1,0
204,104,100,2,31,1,1,0
5880,2280,3600,31,76,14,17,0
70,70,0,1,0,1,0,2
159,159,0,1,0,1,0,1
70,70,0,1,0,1,0,2
66,66,0,1,0,1,0,1
62,62,0,1,0,1,0,1
196,102,94,2,29,1,1,0
8256,3157,5099,28,46,16,12,0
70,70,0,1,0,1,0,2
66,66,0,1,0,1,0,1
66,66,0,1,0,1,0,2
66,66,0,1,0,1,0,1
8058,2038,6020,20,15,11,9,0
167,86,81,2,29,1,1,0
62,62,0,1,0,1,0,1
1412,848,564,14,316,8,6,0
883,126,757,2,31,1,1,0
209,70,139,2,30,1,1,0
66,66,0,1,0,1,0,1
426,240,186,8,25,5,3,0
184,94,90,2,30,1,1,0
240,98,142,2,29,1,1,0
70,70,0,1,0,1,0,2
66,66,0,1,0,1,0,2
24433,3378,21055,31,21,12,19,0
476,121,355,4,40,2,2,0
70,70,0,1,0,1,0,2
62,62,0,1,0,1,0,1
177,94,83,2,30,1,1,0
4266,1448,2818,22,3088,13,9,0
62,62,0,1,0,1,0,1
62,62,0,1,0,1,0,1
70,70,0,1,0,1,0,2
66,66,0,1,0,1,0,1
821,102,719,2,29,1,1,0
66,66,0,1,0,1,0,2
60,60,0,1,0,1,0,1
198,94,104,2,30,1,1,0
3354,1792,1562,46,193,23,23,0
4396,1489,2907,19,26,11,8,0
70,70,0,2,8,2,0,0
11541,4181,7360,62,283,27,35,0
15600,2166,13434,32,205,16,16,0
1433,734,699,18,125,10,8,0
1413,876,537,12,25,6,6,0
89,89,0,1,30,1,0,0
66,66,0,1,0,1,0,1
70,70,0,1,0,1,0,2
396,88,308,4,59,2,2,0
179,94,85,2,30,1,1,0
70,70,0,1,5,1,0,0
70,70,0,1,0,1,0,2
70,70,0,1,0,1,0,2
209,110,99,2,31,1,1,0
481,150,331,2,1200,1,1,0
234,234,0,4,12,4,0,0
70,70,0,1,0,1,0,2
12799,3662,9137,40,50,22,18,0
66,66,0,1,0,1,0,1
66,66,0,1,0,1,0,2
764,99,665,2,30,1,1,0
170,87,83,2,30,1,1,0
9811,3415,6396,29,46,17,12,0
290,102,188,2,30,1,1,0
66,66,0,1,0,1,0,1
66,66,0,1,0,1,0,1
66,66,0,1,0,1,0,2
5133,631,4502,14,15,8,6,0
66,66,0,1,0,1,0,2
184,94,90,2,29,1,1,0
70,70,0,1,0,1,0,2
66,66,0,1,0,1,0,2
768,99,669,2,31,1,1,0
62,62,0,1,0,1,0,1
132,132,0,3,1200,3,0,0
60,60,0,1,0,1,0,1
193,102,91,2,30,1,1,0
70,70,0,1,0,1,0,2
200,102,98,2,31,1,1,0
216,98,118,2,30,1,1,0
66,66,0,1,0,1,0,1
70,70,0,1,0,1,0,2
3117,1602,1515,31,66,16,15,0
7165,1312,5853,22,16,12,10,0
190,97,93,2,31,1,1,0
308,102,206,2,29,1,1,0
499,425,74,4,0,3,1,0
216,110,106,2,30,1,1,0
66,66,0,1,0,1,0,2
27905,17646,10259,131,308,73,58,0
62,62,0,1,0,1,0,1
422,164,258,6,31,3,3,0
199,102,97,2,29,1,1,0
9757,2051,7706,34,256,15,19,0
148,148,0,1,0,1,0,1
130,70,60,2,5,1,1,0
70,70,0,1,0,1,0,2
520,246,274,9,25,5,4,0
66,66,0,1,0,1,0,1
760,97,663,2,31,1,1,0
290,142,148,5,11,3,2,0
210,102,108,2,30,1,1,0
66,66,0,1,0,1,0,1
6441,1651,4790,22,53,12,10,0
6372,1582,4790,32,195,15,17,0
168,78,90,2,30,1,1,0
70,70,0,2,8,2,0,0
70,70,0,1,0,1,0,2
62,62,0,1,0,1,0,1
70,70,0,1,0,1,0,2
177,94,83,2,29,1,1,0
70,70,0,1,0,1,0,2
70,70,0,1,0,1,0,2
70,70,0,1,0,1,0,2
70,70,0,1,0,1,0,2
259,102,157,2,30,1,1,0
1401,864,537,12,28,6,6,0
9030,2311,6719,24,362,13,11,0
184,94,90,2,31,1,1,0
5571,2637,2934,23,75,12,11,0
3991,620,3371,14,15,7,7,0
6513,1609,4904,26,303,14,12,0
70,70,0,1,0,1,0,2
70,70,0,2,8,2,0,0
462,158,304,4,30,2,2,0
70,70,0,1,0,1,0,2
130,70,60,2,15,1,1,0
70,70,0,1,0,1,0,2
166,85,81,2,31,1,1,0
62,62,0,1,0,1,0,1
66,66,0,1,0,1,0,1
62,62,0,1,0,1,0,1
66,66,0,1,0,1,0,1
70,70,0,1,0,1,0,2
66,66,0,1,0,1,0,1
66,66,0,1,0,1,0,1
199,102,97,2,30,1,1,0
3721809,103604,3618205,3808,156,1281,2527,0
262,126,136,2,30,1,1,0
7432,1694,5738,23,27,12,11,0
70,70,0,1,0,1,0,2
66,66,0,1,0,1,0,1
170,87,83,2,31,1,1,0
146,146,0,1,0,1,0,1
10390,7057,3333,27,33,15,12,0
747,93,654,2,30,1,1,0
215,94,121,2,30,1,1,0
62,62,0,1,0,1,0,1
8866,2743,6123,23,139,11,12,0
7595,1115,6480,18,35,10,8,0
3354,1792,1562,46,193,23,23,0
29452,1988,27464,37,3619,10,27,0
6705,702,6003,13,16,6,7,0
443,182,261,6,29,3,3,0
70,70,0,1,0,1,0,2
168,78,90,2,30,1,1,0
770,101,669,2,30,1,1,0
196,102,94,2,29,1,1,0
7427,1517,5910,22,323,11,11,0
70,70,0,2,8,2,0,0
66,66,0,1,0,1,0,1
148,148,0,1,0,1,0,1
3224,2776,448,11,15,7,4,0
65864,3286,62578,76,135,30,46,0
74,74,0,1,0,1,0,1
177,94,83,2,29,1,1,0
66,66,0,1,0,1,0,2
66,66,0,1,0,1,0,1
273,90,183,4,32,2,2,0
66,66,0,1,0,1,0,2
66,66,0,1,0,1,0,1
70,70,0,1,0,1,0,2
70,70,0,1,5,1,0,0
384,166,218,2,30,1,1,0
66,66,0,1,0,1,0,1
224,94,130,2,30,1,1,0
184,94,90,2,30,1,1,0
70,70,0,1,0,1,0,2
8699,3391,5308,40,15,24,16,0
6331,837,5494,19,26,10,9,0
140,78,62,2,30,1,1,0
70,70,0,1,0,1,0,2
70,70,0,1,0,1,0,2
1615,941,674,15,20,7,8,0
70,70,0,1,0,1,0,2
66,66,0,1,0,1,0,1
167,86,81,2,30,1,1,0
7136,1421,5715,18,15,8,10,0
10099,1635,8464,31,83,14,17,0
243,94,149,2,32,1,1,0
194,128,66,4,25,3,1,0
62,62,0,1,0,1,0,1
62,62,0,1,0,1,0,1
62,62,0,1,0,1,0,1
199,102,97,2,30,1,1,0
70,70,0,1,0,1,0,2
145,145,0,1,0,1,0,1
1137,679,458,10,15,6,4,0
216,94,122,2,30,1,1,0
70,70,0,1,0,1,0,2
3532,1792,1740,58,88,29,29,0
6586,1807,4779,23,360,12,11,0
11578,2375,9203,47,55,22,25,0
11048,3161,7887,26,24,15,11,0
70,70,0,1,5,1,0,0
70,70,0,1,0,1,0,2
145,145,0,1,0,1,0,1
184,94,90,2,31,1,1,0
70,70,0,1,0,1,0,2
226,94,132,2,29,1,1,0
499,425,74,4,0,3,1,0
70,70,0,1,0,1,0,2
1462,864,598,11,144,6,5,0
181,94,87,2,31,1,1,0
5108,700,4408,15,15,7,8,0
83558,8567,74991,180,171,92,88,0
312,94,218,2,30,1,1,0
62,62,0,1,0,1,0,1
62,62,0,1,0,1,0,1
11116,4642,6474,64,1457,30,34,0
74,74,0,1,0,1,0,1
177,94,83,2,30,1,1,0
193,102,91,2,29,1,1,0
499,425,74,4,0,3,1,0
36057,2080,33977,45,134,19,26,0
8247,2761,5486,36,99,19,17,0
62,62,0,1,0,1,0,1
201,86,115,2,30,1,1,0
744,89,655,2,30,1,1,0
1786,172,1614,7,120,3,4,0
145,145,0,1,0,1,0,1
8868,4111,4757,24,16,12,12,0
70,70,0,1,0,1,0,2
1708,126,1582,4,31,2,2,0
168,78,90,2,30,1,1,0
200,94,106,2,31,1,1,0
17982,4308,13674,30,20,15,15,0
74,74,0,1,0,1,0,1
183,94,89,2,31,1,1,0
9659,1454,8205,28,278,13,15,0
66,66,0,1,0,1,0,2
266,85,181,2,30,1,1,0
66,66,0,1,0,1,0,1
719,413,306,10,14,5,5,0
66,66,0,1,0,1,0,1
66,66,0,1,0,1,0,1
74,74,0,1,0,1,0,1
66,66,0,1,0,1,0,1
62,62,0,1,0,1,0,1
146,146,0,1,0,1,0,1
130,70,60,2,6,1,1,0
5791,3692,2099,21,78,13,8,0
814,110,704,2,30,1,1,0
177,94,83,2,30,1,1,0
62,62,0,1,0,1,0,1
62,62,0,1,0,1,0,1
4305,2217,2088,11,120,5,6,0
1092,645,447,10,34,6,4,0
70,70,0,1,5,1,0,0
66,66,0,1,0,1,0,1
762,101,661,2,31,1,1,0
331,331,0,1,0,1,0,1
70,70,0,2,8,2,0,0
851,369,482,5,1200,3,2,0
66,66,0,1,5,1,0,0
19341,4612,14729,38,21,19,19,0
177,94,83,2,29,1,1,0
5993,1261,4732,18,982,8,10,0
74,74,0,1,0,1,0,1
1351,846,505,12,19,7,5,0
800,150,650,4,1200,2,2,0
62,62,0,1,0,1,0,1
146,146,0,1,0,1,0,1
166,166,0,1,1200,1,0,0
66,66,0,1,0,1,0,2
70,70,0,1,0,1,0,2
62,62,0,1,0,1,0,1
130,70,60,2,5,1,1,0
70,70,0,1,5,1,0,0
1399,826,573,11,38,6,5,0
66,66,0,1,0,1,0,1
170,87,83,2,31,1,1,0
889,126,763,3,31,2,1,0
70,70,0,1,0,1,0,2
70,70,0,1,0,1,0,2
214,110,104,2,31,1,1,0
330,330,0,6,1200,6,0,0
146,146,0,1,0,1,0,1
70,70,0,1,4,1,0,0
70,70,0,2,7,2,0,0
23553,2583,20970,46,103,19,27,0
2122,1559,563,13,16,7,6,0
62,62,0,1,0,1,0,1
732,89,643,2,31,1,1,0
66,66,0,1,0,1,0,2
66,66,0,1,0,1,0,2
62,62,0,1,0,1,0,1
62,62,0,1,0,1,0,1
2227,1018,1209,17,16,8,9,0
66,66,0,1,0,1,0,1
2118,858,1260,28,1274,14,14,0
66,66,0,1,0,1,0,1
70,70,0,1,0,1,0,2
66,66,0,1,0,1,0,2
6464,2707,3757,39,151,18,21,0
70,70,0,1,0,1,0,2
70,70,0,1,0,1,0,2
70,70,0,1,0,1,0,2
160,70,90,2,5,1,1,0
267,93,174,4,46,2,2,0
499,425,74,4,1,3,1,0
134,60,74,3,5,2,1,0
70,70,0,1,5,1,0,0
541,201,340,6,64,3,3,0
145,145,0,1,0,1,0,1
749,94,655,2,30,1,1,0
3166,936,2230,18,120,9,9,0
186,95,91,2,31,1,1,0
131573,4926,126647,152,152,55,97,0
60,60,0,1,0,1,0,1
45058,2444,42614,90,52,33,57,0
3373,591,2782,11,45,6,5,0
77408,4295,73113,106,271,52,54,0
353,166,187,2,1199,1,1,0
1100980,31101,1069879,1210,19,462,748,0
263,94,169,2,30,1,1,0
62,62,0,1,0,1,0,1
216,110,106,2,30,1,1,0
167,86,81,2,31,1,1,0
62,62,0,1,0,1,0,1
66,66,0,1,0,1,0,1
70,70,0,1,0,1,0,2
66,66,0,1,0,1,0,2
70,70,0,2,8,2,0,0
66,66,0,1,0,1,0,1
70,70,0,1,0,1,0,2
198,101,97,2,30,1,1,0
195,102,93,2,31,1,1,0
70,70,0,2,8,2,0,0
7669,3355,4314,33,38,19,14,0
70,70,0,1,0,1,0,2
7050,984,6066,18,39,12,6,0
747,90,657,2,30,1,1,0
66,66,0,1,0,1,0,2
168,86,82,2,35,1,1,0
42402,3988,38414,82,89,39,43,0
177,94,83,2,30,1,1,0
870,330,540,12,1573,6,6,0
7434,1695,5739,23,27,12,11,0
182,93,89,2,31,1,1,0
70,70,0,1,0,1,0,2
184,94,90,2,30,1,1,0
66,66,0,1,0,1,0,1
70,70,0,1,0,1,0,2
62,62,0,1,0,1,0,1
229,89,140,2,31,1,1,0
2702,1593,1109,21,23,11,10,0
62,62,0,1,0,1,0,1
66,66,0,1,0,1,0,2
70,70,0,1,0,1,0,2
235,90,145,2,31,1,1,0
66,66,0,1,0,1,0,1
94,94,0,1,30,1,0,0
302,92,210,4,30,2,2,0
62,62,0,1,0,1,0,1
145,145,0,1,0,1,0,1
754,94,660,2,30,1,1,0
237,91,146,2,31,1,1,0
858,126,732,2,29,1,1,0
66,66,0,1,0,1,0,1
66,66,0,1,0,1,0,2
62,62,0,1,0,1,0,1
66,66,0,1,0,1,0,1
168,86,82,2,30,1,1,0
193,102,91,2,30,1,1,0
4497,1590,2907,19,29,11,8,0
320,140,180,6,5,3,3,0
62,62,0,1,0,1,0,1
166,85,81,2,31,1,1,0
3616,429,3187,11,15,6,5,0
4467051,102279,4364772,4340,46,1452,2888,0
253,106,147,2,30,1,1,0
66,66,0,1,0,1,0,1
70,70,0,1,0,1,0,2
245648,213726,31922,2763,89,2579,184,0
228,97,131,2,30,1,1,0
197,102,95,2,30,1,1,0
70,70,0,1,0,1,0,2
70,70,0,1,0,1,0,2
748,459,289,8,254,5,3,0
494,420,74,4,0,3,1,0
318,192,126,6,37,4,2,0
13973721,436876,13536845,14039,1629,4929,9110,0
4883,3524,1359,20,200,11,9,0
70,70,0,1,0,1,0,2
62,62,0,1,0,1,0,1
24631,1902,22729,37,215,17,20,0
66,66,0,1,0,1,0,1
5169,1103,4066,26,214,10,16,0
3522,1763,1759,31,32,16,15,0
7280,2250,5030,15,120,7,8,0
330,330,0,6,1200,6,0,0
70,70,0,1,0,1,0,2
62,62,0,1,0,1,0,1
146,146,0,1,0,1,0,1
70,70,0,1,0,1,0,2
145,145,0,1,0,1,0,1
70,70,0,1,5,1,0,0
5776,1880,3896,19,272,11,8,0
1272,876,396,10,25,6,4,0
66,66,0,1,0,1,0,1
172,88,84,2,30,1,1,0
633,83,550,2,30,1,1,0
70,70,0,1,0,1,0,2
58499,47163,11336,106,115,59,47,0
66,66,0,1,0,1,0,1
70,70,0,1,0,1,0,2
140,78,62,2,31,1,1,0
268,86,182,2,30,1,1,0
146,146,0,1,0,1,0,1
70,70,0,1,0,1,0,2
1445207,43930,1401277,1562,219,556,1006,0
66,66,0,1,0,1,0,1
195,102,93,2,30,1,1,0
62,62,0,1,0,1,0,1
70,70,0,1,0,1,0,2
62,62,0,1,0,1,0,1
877,877,0,1,0,1,0,1
176,90,86,2,31,1,1,0
66,66,0,1,0,1,0,2
271,103,168,4,59,2,2,0
78,78,0,2,7,2,0,0
225,90,135,2,30,1,1,0
8746,2844,5902,26,315,13,13,0
6313,2068,4245,21,20,12,9,0
198,101,97,2,31,1,1,0
66,66,0,1,0,1,0,2
57467,4506,52961,86,30,42,44,0
60,60,0,1,0,1,0,1
208,106,102,2,31,1,1,0
696,508,188,10,16,7,3,0
9148,1570,7578,31,257,13,18,0
547,91,456,4,35,2,2,0
316,136,180,6,7,3,3,0
70,70,0,1,5,1,0,0
60,60,0,1,0,1,0,1
178,94,84,2,30,1,1,0
66,66,0,1,0,1,0,2
272,93,179,4,33,2,2,0
937,126,811,2,30,1,1,0
193,102,91,2,30,1,1,0
66,66,0,1,0,1,0,1
66,66,0,1,0,1,0,1
66,66,0,1,0,1,0,2
6792,1521,5271,18,26,11,7,0
128214,4961,123253,134,108,43,91,0
168,86,82,2,30,1,1,0
62,62,0,1,0,1,0,1
62,62,0,1,0,1,0,1
66,66,0,1,0,1,0,1
70,70,0,1,0,1,0,2
19880,4739,15141,58,187,26,32,0
66,66,0,1,0,1,0,2
7794,2670,5124,27,316,14,13,0
817,102,715,2,30,1,1,0
62,62,0,1,0,1,0,1
70,70,0,1,0,1,0,2
7295,1469,5826,30,360,9,21,0
70,70,0,1,0,1,0,2
70,70,0,1,0,1,0,2
220,90,130,2,29,1,1,0
70,70,0,1,0,1,0,2
2896,1492,1404,17,17,9,8,0
5601,1203,4398,14,60,9,5,0
197,94,103,2,30,1,1,0
70,70,0,1,0,1,0,2
62,62,0,1,0,1,0,1
62,62,0,1,0,1,0,1
70,70,0,2,8,2,0,0
66,66,0,1,0,1,0,1
66,66,0,1,0,1,0,1
6665,3913,2752,33,98,19,14,0
98,98,0,1,0,1,0,1
70,70,0,1,0,1,0,2
237,71,166,2,30,1,1,0
66,66,0,1,0,1,0,1
264,70,194,4,19,1,3,0
66,66,0,1,0,1,0,1
199,102,97,2,30,1,1,0
66,66,0,1,0,1,0,1
195,102,93,2,30,1,1,0
5090,4357,733,17,15,11,6,0
195,94,101,2,30,1,1,0
62,62,0,1,0,1,0,1
11626518,135099,11491419,9627,134,1907,7720,0
66,66,0,1,5,1,0,0
100002,5891,94111,138,44,60,78,0
66,66,0,1,0,1,0,1
451,118,333,2,30,1,1,0
183,94,89,2,31,1,1,0
181,94,87,2,33,1,1,0
66,66,0,1,0,1,0,2
70,70,0,2,8,2,0,0
62,62,0,1,0,1,0,1
243,110,133,2,30,1,1,0
74,74,0,1,0,1,0,1
62,62,0,1,0,1,0,1
70,70,0,1,4,1,0,0
318,120,198,6,25,3,3,0
66,66,0,1,0,1,0,1
141,79,62,2,31,1,1,0
70,70,0,1,0,1,0,2
70,70,0,1,0,1,0,2
145,145,0,1,0,1,0,1
188,96,92,2,31,1,1,0
539,97,442,4,58,2,2,0
62,62,0,1,0,1,0,1
66,66,0,1,0,1,0,1
60,60,0,1,0,1,0,1
70,70,0,1,0,1,0,2
70,70,0,1,0,1,0,2
62,62,0,1,0,1,0,1
182,93,89,2,31,1,1,0
168,78,90,2,30,1,1,0
70,70,0,2,8,2,0,0
70,70,0,1,0,1,0,2
66,66,0,1,0,1,0,2
70,70,0,2,7,2,0,0
103,103,0,1,0,1,0,1
62,62,0,1,0,1,0,1
196,102,94,2,33,1,1,0
62,62,0,1,0,1,0,1
66,66,0,1,0,1,0,1
43386,3876,39510,79,22,42,37,0
2474,735,1739,11,120,6,5,0
145,145,0,1,0,1,0,1
62,62,0,1,0,1,0,1
70,70,0,1,0,1,0,2
66,66,0,1,0,1,0,1
70,70,0,1,0,1,0,2
66,66,0,1,0,1,0,2
9355,3422,5933,56,16,28,28,0
1373,712,661,14,18,8,6,0
6513,2043,4470,20,17,12,8,0
177,94,83,2,29,1,1,0
70,70,0,1,0,1,0,2
255,102,153,2,29,1,1,0
146,146,0,1,0,1,0,1
62,62,0,1,0,1,0,3
66,66,0,1,0,1,0,1
3149,1829,1320,22,315,12,10,0
510,164,346,2,31,1,1,0
78,78,0,1,30,1,0,0
1965,1450,515,7,87,5,2,0
167,78,89,2,30,1,1,0
70,70,0,2,8,2,0,0
78,78,0,1,0,1,0,1
70,70,0,1,0,1,0,2
6211,1753,4458,43,215,15,28,0
10841,6594,4247,75,585,37,38,0
5993,1987,4006,17,26,9,8,0
66,66,0,1,0,1,0,2
136,136,0,1,0,1,0,1
15305,3334,11971,45,198,21,24,0
70,70,0,1,0,1,0,2
62,62,0,1,0,1,0,1
220,90,130,2,30,1,1,0
4674,1767,2907,19,26,11,8,0
66,66,0,1,0,1,0,2
199,102,97,2,29,1,1,0
231,88,143,2,32,1,1,0
6958,4394,2564,30,28,17,13,0
270,102,168,2,30,1,1,0
62,62,0,1,0,1,0,1
70,70,0,1,0,1,0,2
209,110,99,2,30,1,1,0
193,102,91,2,30,1,1,0
66,66,0,1,0,1,0,1
190,97,93,2,31,1,1,0
70,70,0,1,0,1,0,2
72,72,0,1,0,1,0,1
184,94,90,2,30,1,1,0
316,136,180,6,6,3,3,0
194,102,92,2,30,1,1,0
3466,665,2801,14,16,7,7,0
70,70,0,1,0,1,0,2
3470,1464,2006,21,190,10,11,0
70,70,0,1,0,1,0,2
184,94,90,2,30,1,1,0
13948,1150,12798,29,15,14,15,0
161,161,0,1,0,1,0,1
85,85,0,1,0,1,0,1
70,70,0,1,5,1,0,0
277,94,183,2,30,1,1,0
66,66,0,1,0,1,0,2
70,70,0,1,0,1,0,2
4886,1530,3356,17,17,10,7,0
94,94,0,1,29,1,0,0
70,70,0,1,0,1,0,2
70,70,0,1,0,1,0,2
377,94,283,2,30,1,1,0
70,70,0,1,0,1,0,2
382,164,218,2,30,1,1,0
277,102,175,2,29,1,1,0
70,70,0,1,0,1,0,2
70,70,0,1,0,1,0,2
1320,300,1020,6,1200,3,3,0
66,66,0,1,0,1,0,1
70,70,0,1,0,1,0,2
182,94,88,2,30,1,1,0
9676,2327,7349,25,16,15,10,0
70,70,0,1,0,1,0,2
74,74,0,1,0,1,0,1
177,94,83,2,31,1,1,0
183,94,89,2,30,1,1,0
14158,1392,12766,26,255,14,12,0
231,111,120,2,1200,1,1,0
62583,3743,58840,88,32,40,48,0
1326,300,1026,6,1200,3,3,0
100,100,0,1,0,1,0,1
66,66,0,1,0,1,0,2
62,62,0,1,0,1,0,1
70,70,0,1,0,1,0,2
290,110,180,2,30,1,1,0
194,102,92,2,30,1,1,0
11986,3075,8911,60,4981,31,29,0
146,146,0,1,0,1,0,1
66,66,0,1,0,1,0,2
216,110,106,2,30,1,1,0
60,60,0,1,0,1,0,1
60,60,0,1,0,1,0,1
66,66,0,1,0,1,0,1
888,126,762,2,30,1,1,0
66,66,0,1,0,1,0,2
62,62,0,1,0,1,0,1
230,102,128,2,30,1,1,0
146,146,0,1,0,1,0,1
252,252,0,1,0,1,0,1
62,62,0,1,0,1,0,1
98,98,0,1,0,1,0,1
60,60,0,1,0,1,0,1
66,66,0,1,0,1,0,2
66,66,0,1,0,1,0,2
217,87,130,2,30,1,1,0
60,60,0,1,0,1,0,1
4695,2520,2175,22,19,13,9,0
11677266,314362,11362904,12711,129,5174,7537,0
66,66,0,1,0,1,0,1
62,62,0,1,0,1,0,1
876,126,750,2,31,1,1,0
209,110,99,2,30,1,1,0
8602,1050,7552,16,120,7,9,0
81016,8373,72643,122,339,57,65,0
66,66,0,1,0,1,0,1
143,81,62,2,31,1,1,0
66,66,0,1,0,1,0,1
70,70,0,1,0,1,0,2
6177,1038,5139,22,56,11,11,0
5168,700,4468,16,15,7,9,0
66,66,0,1,0,1,0,2
70,70,0,1,0,1,0,2
757,102,655,2,30,1,1,0
12924,3689,9235,31,82,17,14,0
70,70,0,1,0,1,0,2
66,66,0,1,0,1,0,1
881,126,755,2,30,1,1,0
70,70,0,1,0,1,0,2
1921,1472,449,10,20,6,4,0
157,157,0,1,0,1,0,1
74,74,0,1,0,1,0,1
100,100,0,1,0,1,0,1
146,146,0,1,0,1,0,1
364,102,262,2,30,1,1,0
1449,108,1341,4,33,2,2,0
70,70,0,1,4,1,0,0
70,70,0,1,0,1,0,2
184,94,90,2,30,1,1,0
146,146,0,1,0,1,0,1
370,126,244,2,30,1,1,0
6503,2037,4466,24,125,13,11,0
266,110,156,2,30,1,1,0
4838,1059,3779,16,54,8,8,0
748,106,642,2,31,1,1,0
34661,17810,16851,89,119,40,49,0
66,66,0,1,0,1,0,2
66,66,0,1,0,1,0,1
70,70,0,1,0,1,0,2
288,110,178,2,31,1,1,0
66,66,0,1,0,1,0,2
60,60,0,1,0,1,0,1
208,106,102,2,30,1,1,0
13503,1052,12451,23,21,10,13,0
66,66,0,1,0,1,0,1
3327,1438,1889,15,17,8,7,0
306,306,0,4,47,4,0,0
60,60,0,1,0,1,0,1
70,70,0,1,0,1,0,2
66,66,0,1,0,1,0,1
9221,2109,7112,28,32,15,13,0
66,66,0,1,0,1,0,2
312852,8845,304007,317,45,99,218,0
188,96,92,2,31,1,1,0
196,102,94,2,33,1,1,0
62,62,0,1,0,1,0,1
11110,1700,9410,33,750,11,22,0
70,70,0,1,0,1,0,2
199,94,105,2,30,1,1,0
227,86,141,2,30,1,1,0
898,126,772,2,30,1,1,0
318,192,126,6,130,4,2,0
62,62,0,1,0,1,0,1
82,82,0,1,0,1,0,1
70,70,0,1,0,1,0,1
333,94,239,2,30,1,1,0
66,66,0,1,5,1,0,0
744,95,649,2,31,1,1,0
1781,1103,678,15,17,9,6,0
289,160,129,3,29,2,1,0
3404,2124,1280,18,135,10,8,0
12807,129,12678,13,147,2,11,0
70,70,0,1,0,1,0,2
144228,2522,141706,135,144,36,99,0
1524,341,1183,11,36,4,7,0
183,94,89,2,31,1,1,0
172,86,86,2,29,1,1,0
168,78,90,2,30,1,1,0
82972,2084,80888,85,98,26,59,0
146,146,0,1,0,1,0,1
195,102,93,2,30,1,1,0
70,70,0,1,5,1,0,0
177,94,83,2,30,1,1,0
70,70,0,1,0,1,0,2
70,70,0,1,0,1,0,2
66,66,0,1,0,1,0,2
5734,498,5236,14,15,7,7,0
216,90,126,2,30,1,1,0
66,66,0,1,0,1,0,2
66,66,0,1,0,1,0,2
66,66,0,1,0,1,0,2
70,70,0,1,4,1,0,0
66,66,0,1,0,1,0,1
220,220,0,1,0,1,0,1
66,66,0,1,0,1,0,1
749731,23099,726632,823,16,326,497,0
62,62,0,1,0,1,0,1
66,66,0,1,0,1,0,2
62,62,0,1,0,1,0,1
11179,7205,3974,47,136,26,21,0
12619,3258,9361,33,47,19,14,0
66,66,0,1,0,1,0,2
179,94,85,2,30,1,1,0
879,126,753,3,32,2,1,0
66,66,0,1,0,1,0,1
66,66,0,1,0,1,0,1
262,106,156,2,31,1,1,0
868,150,718,4,1200,2,2,0
178,94,84,2,30,1,1,0
190,97,93,2,31,1,1,0
216,110,106,2,30,1,1,0
146,146,0,1,0,1,0,1
21604,12969,8635,49,112,28,21,0
4054,2590,1464,18,16,9,9,0
6606,2153,4453,22,95,13,9,0
4237,3610,627,15,31,8,7,0
23647,9422,14225,52,40,28,24,0
138,78,60,2,5,1,1,0
2089,1161,928,10,86,6,4,0
7174,1831,5343,31,110,17,14,0
66,66,0,1,0,1,0,1
197,102,95,2,30,1,1,0
12979,6398,6581,39,115,22,17,0
66,66,0,1,0,1,0,1
8861,3484,5377,19,120,9,10,0
70,70,0,1,0,1,0,2
333062,18123,314939,420,88,182,238,0
66,66,0,1,0,1,0,1
66,66,0,1,0,1,0,1
66,66,0,1,0,1,0,2
66,66,0,1,0,1,0,1
5019,946,4073,19,34,9,10,0
4085,1916,2169,21,18,12,9,0
2655,1540,1115,19,3601,9,10,0
70,70,0,1,0,1,0,2
3538,2083,1455,17,256,9,8,0
62,62,0,1,0,1,0,1
213,102,111,2,30,1,1,0
62,62,0,1,0,1,0,1
148,148,0,1,0,1,0,1
70,70,0,1,0,1,0,2
199,94,105,2,30,1,1,0
66,66,0,1,0,1,0,2
70,70,0,2,8,2,0,0
66,66,0,1,0,1,0,2
62,62,0,1,0,1,0,1
70,70,0,1,0,1,0,2
66,66,0,1,0,1,0,1
6173,924,5249,18,177,10,8,0
194,99,95,2,31,1,1,0
228,110,118,2,30,1,1,0
66,66,0,1,0,1,0,2
1097,654,443,12,86,7,5,0
7701,2155,5546,30,611,17,13,0
7673,2645,5028,31,137,17,14,0
66,66,0,1,0,1,0,1
957715,36759,920956,1075,161,378,697,0
265909,7294,258615,235,25,55,180,0
198,94,104,2,30,1,1,0
146,146,0,1,0,1,0,1
85263,3763,81500,115,216,46,69,0
269,78,191,2,30,1,1,0
62,62,0,1,0,1,0,1
146,84,62,2,30,1,1,0
446,93,353,4,55,2,2,0
302,78,224,2,30,1,1,0
4216,771,3445,16,26,9,7,0
198,102,96,2,30,1,1,0
234,234,0,4,12,4,0,0
178,94,84,2,30,1,1,0
60,60,0,1,0,1,0,1
70,70,0,1,0,1,0,2
66,66,0,1,0,1,0,2
10630,6981,3649,31,17,17,14,0
66,66,0,1,0,1,0,2
15721,6203,9518,50,30,25,25,0
70,70,0,1,0,1,0,2
7629,3270,4359,34,337,17,17,0
3205,781,2424,17,135,8,9,0
335,90,245,4,35,2,2,0
70,70,0,1,0,1,0,2
312,192,120,6,25,4,2,0
66,66,0,1,0,1,0,1
72,72,0,1,0,1,0,3
168,78,90,2,30,1,1,0
66,66,0,1,0,1,0,1
320,140,180,6,7,3,3,0
66,66,0,1,0,1,0,1
70,70,0,1,0,1,0,2
66,66,0,1,0,1,0,2
151170,17408,133762,256,130,118,138,0
78,78,0,1,0,1,0,1
70,70,0,1,0,1,0,2
70,70,0,1,0,1,0,2
197,102,95,2,30,1,1,0
3350,2037,1313,25,95,14,11,0
3397,1506,1891,26,640,8,18,0
66,66,0,1,0,1,0,1
97,97,0,1,0,1,0,1
62,62,0,1,0,1,0,1
1786,172,1614,7,120,3,4,0
339,110,229,2,30,1,1,0
4417,3685,732,16,15,10,6,0
66,66,0,1,0,1,0,1
66,66,0,1,0,1,0,2
70,70,0,1,0,1,0,2
10151,2256,7895,32,39,17,15,0
60,60,0,1,0,1,0,1
194,87,107,2,30,1,1,0
70,70,0,1,0,1,0,2
66,66,0,1,0,1,0,1
165,86,79,2,29,1,1,0
384,94,290,2,30,1,1,0
6681,1950,4731,24,45,14,10,0
27727,1971,25756,51,80,21,30,0
70,70,0,1,0,1,0,2
326078,45627,280451,737,116,252,485,0
70,70,0,1,0,1,0,2
70,70,0,1,0,1,0,2
197,90,107,2,30,1,1,0
225,106,119,2,30,1,1,0
6420,1513,4907,25,26,14,11,0
186,95,91,2,31,1,1,0
199,102,97,2,30,1,1,0
70,70,0,1,0,1,0,2
62,62,0,1,0,1,0,1
66,66,0,1,0,1,0,1
331,126,205,2,30,1,1,0
66,66,0,1,0,1,0,1
3655,2344,1311,18,17,9,9,0
2114,1152,962,14,15,8,6,0
2618,591,2027,11,16,6,5,0
70,70,0,1,5,1,0,0
1798,1159,639,17,170,10,7,0
258,102,156,2,30,1,1,0
70,70,0,2,8,2,0,0
60,60,0,1,0,1,0,1
172,94,78,2,30,1,1,0
62,62,0,1,0,1,0,1
60,60,0,1,0,1,0,1
66,66,0,1,0,1,0,1
711,87,624,2,30,1,1,0
66,66,0,1,0,1,0,1
199,94,105,2,30,1,1,0
70,70,0,2,8,2,0,0
484,100,384,4,56,2,2,0
198,101,97,2,31,1,1,0
880,126,754,2,30,1,1,0
66,66,0,1,0,1,0,2
66,66,0,1,0,1,0,1
198,102,96,2,31,1,1,0
199,94,105,2,30,1,1,0
168,78,90,2,30,1,1,0
193,102,91,2,30,1,1,0
165,86,79,2,29,1,1,0
182,93,89,2,31,1,1,0
184,94,90,2,30,1,1,0
143,143,0,1,0,1,0,3
16957,6203,10754,30,52,14,16,0
66,66,0,1,0,1,0,1
233,81,152,2,31,1,1,0
70,70,0,1,0,1,0,2
858,858,0,14,1200,14,0,0
235,90,145,2,33,1,1,0
66,66,0,1,0,1,0,1
66,66,0,1,0,1,0,2
70,70,0,1,0,1,0,2
66,66,0,1,0,1,0,2
145,145,0,1,0,1,0,1
70,70,0,1,0,1,0,2
70,70,0,1,0,1,0,2
66,66,0,1,0,1,0,1
70,70,0,1,0,1,0,2
66,66,0,1,0,1,0,1
66,66,0,1,0,1,0,2
62,62,0,1,0,1,0,1
234,94,140,2,29,1,1,0
320,140,180,6,5,3,3,0
60,60,0,1,0,1,0,1
170,87,83,2,30,1,1,0
66,66,0,1,0,1,0,2
3576,2319,1257,21,23,11,10,0
70,70,0,1,0,1,0,2
66,66,0,1,0,1,0,1
62,62,0,1,0,1,0,1
60,60,0,1,0,1,0,1
6160,2912,3248,17,18,9,8,0
193,102,91,2,30,1,1,0
741,94,647,2,30,1,1,0
168,86,82,2,32,1,1,0
177,94,83,2,30,1,1,0
70,70,0,1,0,1,0,2
168,86,82,2,30,1,1,0
70,70,0,1,5,1,0,0
422,164,258,6,30,3,3,0
6824,1142,5682,24,134,13,11,0
198,94,104,2,30,1,1,0
3697,832,2865,12,15,7,5,0
62,62,0,1,0,1,0,1
60,60,0,1,0,1,0,1
66,66,0,1,0,1,0,1
260,140,120,5,6,3,2,0
1629,968,661,15,275,8,7,0
1469,970,499,9,65,6,3,0
66,66,0,1,0,1,0,2
757,98,659,2,30,1,1,0
66,66,0,1,0,1,0,2
3049,1569,1480,17,19,10,7,0
305,94,211,2,29,1,1,0
70,70,0,1,0,1,0,2
231,78,153,2,30,1,1,0
753,94,659,2,29,1,1,0
70,70,0,1,5,1,0,0
168,86,82,2,31,1,1,0
6286,1494,4792,22,16,11,11,0
293,102,191,2,29,1,1,0
66,66,0,1,0,1,0,1
199,102,97,2,29,1,1,0
4568,2057,2511,17,62,9,8,0
2244,1549,695,11,18,7,4,0
62,62,0,1,0,1,0,1
10459,2529,7930,31,375,13,18,0
214,110,104,2,30,1,1,0
66,66,0,1,0,1,0,2
188,96,92,2,31,1,1,0
134688,7027,127661,166,37,64,102,0
193,102,91,2,29,1,1,0
70,70,0,1,0,1,0,2
70,70,0,1,0,1,0,2
70,70,0,1,0,1,0,2
5167,700,4467,16,15,7,9,0
66,66,0,1,0,1,0,1
13841,6601,7240,42,622,19,23,0
184,102,82,2,30,1,1,0
66,66,0,1,0,1,0,2
70,70,0,1,0,1,0,2
306,94,212,2,30,1,1,0
250,86,164,4,52,2,2,0
244,98,146,2,33,1,1,0
66,66,0,1,0,1,0,1
70,70,0,1,0,1,0,2
70,70,0,1,0,1,0,2
66,66,0,1,0,1,0,1
28887,9850,19037,96,60,41,55,0
145,145,0,1,0,1,0,1
66,66,0,1,0,1,0,1
8305,2325,5980,24,46,13,11,0
70,70,0,1,5,1,0,0
2952,1548,1404,18,16,9,9,0
216,102,114,2,30,1,1,0
246,71,175,2,30,1,1,0
66,66,0,1,0,1,0,2
62,62,0,1,0,1,0,1
70,70,0,1,0,1,0,2
62,62,0,1,0,1,0,1
199,102,97,2,29,1,1,0
232,110,122,2,30,1,1,0
2996,1629,1367,17,21,9,8,0
215,102,113,2,29,1,1,0
66,66,0,1,0,1,0,1
2593394,70243,2523151,2678,303,908,1770,0
70,70,0,1,0,1,0,2
70,70,0,1,5,1,0,0
11876848,256539,11620309,11266,74,3584,7682,0
138,78,60,2,6,1,1,0
62,62,0,1,0,1,0,1
25435,5293,20142,104,138,54,50,0
16474,1881,14593,28,143,12,16,0
401,86,315,2,30,1,1,0
146,146,0,1,0,1,0,1
3893,1910,1983,36,255,17,19,0
62,62,0,1,0,1,0,1
70,70,0,1,0,1,0,2
198,102,96,2,30,1,1,0
74,74,0,1,0,1,0,1
424,198,226,7,142,4,3,0
193,102,91,2,31,1,1,0
66,66,0,1,0,1,0,1
4648,1505,3143,17,141,9,8,0
2725,1153,1572,19,208,8,11,0
66,66,0,1,0,1,0,1
70,70,0,1,0,1,0,2
9498,2578,6920,28,19,16,12,0
70,70,0,1,0,1,0,2
266,89,177,4,58,2,2,0
70,70,0,1,5,1,0,0
8400,2088,6312,33,20,18,15,0
82,82,0,2,40,2,0,0
184,94,90,2,30,1,1,0
25358,6778,18580,31,16,13,18,0
62,62,0,1,0,1,0,1
194,102,92,2,30,1,1,0
66,66,0,1,0,1,0,2
4373,1466,2907,19,27,11,8,0
14381,5620,8761,50,30,25,25,0
2255,997,1258,16,152,8,8,0
62,62,0,1,0,1,0,1
12536,1564,10972,30,809,13,17,0
62,62,0,1,0,1,0,1
480,149,331,2,1200,1,1,0
66,66,0,1,0,1,0,2
297,102,195,4,34,2,2,0
62,62,0,1,0,1,0,1
70,70,0,2,8,2,0,0
66,66,0,1,0,1,0,2
66,66,0,1,0,1,0,2
1585,863,722,12,15,6,6,0
70,70,0,1,0,1,0,2
184,102,82,2,30,1,1,0
8945,5766,3179,30,130,18,12,0
78,78,0,1,0,1,0,1
66,66,0,1,0,1,0,2
70,70,0,1,0,1,0,1
70,70,0,1,0,1,0,2
402,118,284,2,29,1,1,0
8133,2402,5731,35,255,17,18,0
7653,1226,6427,24,18,14,10,0
70,70,0,2,5,2,0,0
178,94,84,2,30,1,1,0
62,62,0,1,0,1,0,1
62,62,0,1,0,1,0,1
1832,1113,719,18,110,10,8,0
235,71,164,2,31,1,1,0
3645,609,3036,13,120,6,7,0
62,62,0,1,0,1,0,1
176,90,86,2,30,1,1,0
66,66,0,1,0,1,0,2
70,70,0,1,0,1,0,2
436359,12780,423579,448,16,157,291,0
8211,2165,6046,25,361,13,12,0
193,102,91,2,31,1,1,0
244,98,146,2,32,1,1,0
36364,9639,26725,62,53,31,31,0
184,94,90,2,31,1,1,0
70,70,0,1,0,1,0,2
216,110,106,2,31,1,1,0
62,62,0,1,0,1,0,1
70,70,0,1,0,1,0,2
4533,1626,2907,19,28,11,8,0
66,66,0,1,0,1,0,1
66,66,0,1,0,1,0,1
66,66,0,1,0,1,0,2
70,70,0,1,0,1,0,2
365,233,132,3,32,2,1,0
70,70,0,1,0,1,0,2
62,62,0,1,0,1,0,1
459,149,310,2,1200,1,1,0
1533,950,583,14,85,8,6,0
70,70,0,1,0,1,0,2
7279,2884,4395,28,16,16,12,0
70,70,0,1,0,1,0,2
66,66,0,2,7,2,0,0
136,136,0,3,14,3,0,0
66,66,0,1,0,1,0,2
66,66,0,1,90,1,0,0
70,70,0,1,0,1,0,2
6100,777,5323,17,25,9,8,0
70,70,0,1,0,1,0,2
193,102,91,2,30,1,1,0
1836,662,1174,15,3826,6,9,0
284,96,188,4,33,2,2,0
70,70,0,1,0,1,0,2
4358,1056,3302,16,30,9,7,0
4160,2675,1485,25,95,14,11,0
216,102,114,2,30,1,1,0
8891,1846,7045,27,147,14,13,0
760,96,664,2,31,1,1,0
164,86,78,2,30,1,1,0
1000,577,423,10,200,6,4,0
70,70,0,1,0,1,0,2
2673,564,2109,11,125,6,5,0
6457,1210,5247,14,17,8,6,0
9239,4472,4767,37,39,21,16,0
13241,2865,10376,60,242,26,34,0
499,425,74,4,0,3,1,0
2602,846,1756,13,136,7,6,0
62,62,0,1,0,1,0,1
1199,618,581,13,29,6,7,0
70,70,0,1,0,1,0,2
70,70,0,1,0,1,0,2
4263,671,3592,14,75,8,6,0
358,102,256,2,30,1,1,0
66,66,0,1,0,1,0,2
3950,2949,1001,26,69,15,11,0
70,70,0,1,0,1,0,2
70,70,0,1,0,1,0,2
316,136,180,6,5,3,3,0
168,78,90,2,30,1,1,0
4603,1696,2907,19,30,11,8,0
66,66,0,1,0,1,0,2
146,146,0,1,0,1,0,1
3292,2022,1270,16,16,9,7,0
733,86,647,2,31,1,1,0
62,62,0,1,0,1,0,1
199,102,97,2,30,1,1,0
253,87,166,4,31,2,2,0
266757,6935,259822,274,19,97,177,0
10494,2409,8085,21,137,9,12,0
177,94,83,2,30,1,1,0
172,172,0,2,5,2,0,0
1869,1009,860,15,18,9,6,0
1322,799,523,13,16,8,5,0
8333,2153,6180,31,100,18,13,0
70,70,0,1,4,1,0,0
184,94,90,2,29,1,1,0
11437,2775,8662,32,53,15,17,0
304,86,218,2,29,1,1,0
7660,2239,5421,32,255,16,16,0
70,70,0,1,0,1,0,2
70,70,0,1,0,1,0,2
62,62,0,1,0,1,0,1
70,70,0,1,0,1,0,2
4608,1701,2907,19,27,11,8,0
66,66,0,1,0,1,0,1
66,66,0,1,0,1,0,1
62,62,0,1,0,1,0,1
2993,1469,1524,13,20,8,5,0
258,90,168,4,56,2,2,0
448,166,282,2,30,1,1,0
193,102,91,2,30,1,1,0
60,60,0,1,0,1,0,1
60,60,0,1,0,1,0,1
164,86,78,2,29,1,1,0
14849,2263,12586,29,90,17,12,0
62,62,0,1,0,1,0,1
7461,1789,5672,25,69,14,11,0
70,70,0,1,0,1,0,2
262,106,156,2,31,1,1,0
196,102,94,2,30,1,1,0
70,70,0,1,0,1,0,2
60,60,0,1,0,1,0,1
60,60,0,1,0,1,0,1
194,102,92,2,30,1,1,0
60,60,0,1,0,1,0,1
7474,1946,5528,33,270,18,15,0
70,70,0,1,0,1,0,2
70,70,0,1,0,1,0,2
560,280,280,9,28,5,4,0
190,97,93,2,31,1,1,0
184,86,98,2,31,1,1,0
193,102,91,2,29,1,1,0
231,90,141,2,31,1,1,0
788,108,680,2,30,1,1,0
522,78,444,8,22,2,6,0
62,62,0,1,0,1,0,1
170,87,83,2,31,1,1,0
6644134,184008,6460126,6659,204,2197,4462,0
70,70,0,1,4,1,0,0
70,70,0,1,0,1,0,2
6496,3631,2865,71,606,39,32,0
70,70,0,1,0,1,0,2
70,70,0,2,8,2,0,0
6458,2658,3800,34,255,16,18,0
74,74,0,1,0,1,0,1
2378,1126,1252,14,978,7,7,0
4962,887,4075,15,28,9,6,0
70,70,0,2,8,2,0,0
62,62,0,1,0,1,0,1
60,60,0,1,0,1,0,1
66,66,0,1,0,1,0,2
70,70,0,1,0,1,0,2
184,94,90,2,30,1,1,0
70,70,0,1,0,1,0,2
787,110,677,2,30,1,1,0
166,166,0,1,1200,1,0,0
70,70,0,2,7,2,0,0
66,66,0,1,0,1,0,1
8264,4269,3995,17,31,9,8,0
70,70,0,1,0,1,0,2
711,87,624,2,31,1,1,0
34862,6364,28498,64,54,31,33,0
211,102,109,2,30,1,1,0
70,70,0,1,0,1,0,2
1488,930,558,21,1200,12,9,0
70,70,0,1,0,1,0,2
758,96,662,2,30,1,1,0
178,94,84,2,30,1,1,0
62,62,0,1,0,1,0,1
66,66,0,1,0,1,0,1
66,66,0,1,0,1,0,1
228,86,142,2,30,1,1,0
70,70,0,1,0,1,0,2
8448,3368,5080,25,48,15,10,0
152,78,74,2,30,1,1,0
70,70,0,1,0,1,0,2
62,62,0,1,0,1,0,1
60,60,0,1,0,1,0,1
62,62,0,1,0,1,0,1
66,66,0,1,0,1,0,1
5167,700,4467,16,15,7,9,0
66,66,0,1,0,1,0,1
237,91,146,2,33,1,1,0
70,70,0,1,0,1,0,2
70,70,0,2,8,2,0,0
60,60,0,1,0,1,0,1
62,62,0,1,0,1,0,1
788,108,680,2,30,1,1,0
10043,4993,5050,45,15,27,18,0
66,66,0,1,0,1,0,2
11940,3585,8355,43,16,24,19,0
23906,9380,14526,40,16,24,16,0
216,110,106,2,30,1,1,0
592,105,487,4,50,2,2,0
7658,4247,3411,29,31,15,14,0
312,192,120,6,41,4,2,0
854266,56622,797644,969,98,420,549,0
70,70,0,1,0,1,0,2
168,86,82,2,30,1,1,0
66,66,0,1,0,1,0,1
70,70,0,1,0,1,0,2
875,327,548,9,15,5,4,0
62,62,0,1,0,1,0,1
1793,1030,763,11,15,6,5,0
479,152,327,2,1200,1,1,0
184,94,90,2,30,1,1,0
763,101,662,2,30,1,1,0
62,62,0,1,0,1,0,1
40096,3155,36941,50,135,19,31,0
74,74,0,1,0,1,0,1
66,66,0,1,0,1,0,1
281,94,187,2,30,1,1,0
66,66,0,1,0,1,0,2
209,110,99,2,29,1,1,0
66,66,0,1,0,1,0,1
2431,1164,1267,27,46,11,16,0
211,102,109,2,30,1,1,0
212,108,104,2,31,1,1,0
62,62,0,1,0,1,0,1
12203,3519,8684,65,18,35,30,0
66,66,0,1,0,1,0,1
62,62,0,1,0,1,0,1
70,70,0,1,0,1,0,2
66,66,0,1,0,1,0,2
760,97,663,2,30,1,1,0
718,94,624,2,30,1,1,0
2269,1579,690,10,77,6,4,0
216,110,106,2,31,1,1,0
62,62,0,1,0,1,0,1
62,62,0,1,0,1,0,1
5829,2962,2867,35,89,17,18,0
10320,3495,6825,45,136,25,20,0
156,156,0,3,8,3,0,0
5168,700,4468,16,15,7,9,0
5593,996,4597,22,127,11,11,0
37030,24937,12093,83,1286,30,53,0
146,146,0,1,0,1,0,1
62,62,0,1,0,1,0,1
74,74,0,1,0,1,0,1
66,66,0,1,0,1,0,2
711,87,624,2,30,1,1,0
70,70,0,1,5,1,0,0
34300,868,33432,35,104,10,25,0
8652,2148,6504,20,15,11,9,0
62,62,0,1,0,1,0,1
70,70,0,1,0,1,0,2
188,96,92,2,30,1,1,0
70,70,0,1,0,1,0,2
70,70,0,1,0,1,0,2
66,66,0,1,0,1,0,2
184,80,104,2,30,1,1,0
66,66,0,1,0,1,0,1
10635,3087,7548,41,3661,22,19,0
70,70,0,1,0,1,0,2
70,70,0,1,0,1,0,2
70,70,0,1,0,1,0,2
70,70,0,1,0,1,0,2
70,70,0,1,0,1,0,2
176,90,86,2,31,1,1,0
2008,810,1198,20,394,7,13,0
1642,822,820,5,30,1,4,0
62,62,0,1,0,1,0,1
711,87,624,2,31,1,1,0
66,66,0,1,0,1,0,2
70,70,0,1,5,1,0,0
718,94,624,2,30,1,1,0
5733,3036,2697,25,235,9,16,0
70,70,0,1,0,1,0,2
4241,2521,1720,18,32,10,8,0
9381,1457,7924,21,31,11,10,0
865,126,739,2,29,1,1,0
450,246,204,8,29,5,3,0
994,86,908,2,30,1,1,0
199,102,97,2,30,1,1,0
70,70,0,1,0,1,0,2
70,70,0,1,0,1,0,2
66,66,0,1,0,1,0,2
2649,330,2319,12,134,5,7,0
501,150,351,2,1200,1,1,0
199,94,105,2,30,1,1,0
183,94,89,2,31,1,1,0
66,66,0,1,0,1,0,1
11422,2361,9061,26,505,10,16,0
62,62,0,1,0,1,0,1
70,70,0,1,0,1,0,2
323,107,216,4,47,2,2,0
66,66,0,1,0,1,0,2
177,94,83,2,30,1,1,0
70,70,0,1,5,1,0,0
60,60,0,1,0,1,0,1
183,94,89,2,30,1,1,0
1784,1010,774,16,185,9,7,0
318,192,126,6,29,4,2,0
811,94,717,2,30,1,1,0
1312,651,661,13,184,7,6,0
272,110,162,2,29,1,1,0
803,617,186,6,16,3,3,0
306,180,126,6,25,4,2,0
62,62,0,1,0,1,0,1
66,66,0,1,0,1,0,2
79652,20710,58942,112,84,58,54,0
66,66,0,1,0,1,0,2
66,66,0,1,0,1,0,1
60,60,0,1,0,1,0,1
3250,1058,2192,13,136,6,7,0
158890,11318,147572,182,30,74,108,0
199,102,97,2,30,1,1,0
7457,1333,6124,18,200,10,8,0
484,102,382,4,36,2,2,0
66,66,0,1,0,1,0,1
752,93,659,2,30,1,1,0
70,70,0,1,0,1,0,2
194,94,100,2,30,1,1,0
197,90,107,2,30,1,1,0
18398,2360,16038,39,75,17,22,0
70,70,0,1,0,1,0,2
5412,4758,654,14,14,8,6,0
800,452,348,12,94,7,5,0
70,70,0,1,5,1,0,0
39986,3118,36868,72,82,30,42,0
235,90,145,2,32,1,1,0
62,62,0,1,0,1,0,1
3676,2136,1540,15,40,10,5,0
724,366,358,11,142,6,5,0
60,60,0,1,0,1,0,1
62,62,0,1,0,1,0,1
66,66,0,1,0,1,0,2
62,62,0,1,0,1,0,1
443,182,261,6,31,3,3,0
70,70,0,1,0,1,0,2
215,102,113,2,29,1,1,0
66,66,0,1,0,1,0,2
4590,3026,1564,28,80,15,13,0
164,86,78,2,30,1,1,0
528,528,0,9,1199,9,0,0
66,66,0,1,0,1,0,1
70,70,0,1,0,1,0,2
195,102,93,2,30,1,1,0
62,62,0,1,0,1,0,1
70,70,0,1,0,1,0,2
312,140,172,4,30,2,2,0
198,90,108,2,30,1,1,0
272587,11910,260677,336,76,140,196,0
5553,1055,4498,19,121,9,10,0
305,86,219,2,30,1,1,0
2509208,64544,2444664,2429,304,700,1729,0
775,102,673,2,29,1,1,0
62,62,0,1,0,1,0,1
556,256,300,10,30,5,5,0
98,98,0,1,30,1,0,0
18674,1910,16764,32,18,17,15,0
307,102,205,4,35,2,2,0
4994,3658,1336,11,26,6,5,0
774,101,673,2,30,1,1,0
3354,1792,1562,46,195,23,23,0
66,66,0,1,0,1,0,1
397,102,295,2,30,1,1,0
66,66,0,1,0,1,0,2
70,70,0,1,0,1,0,2
70,70,0,1,4,1,0,0
62,62,0,1,0,1,0,1
66,66,0,1,0,1,0,1
66,66,0,1,0,1,0,1
70,70,0,2,8,2,0,0
70,70,0,1,0,1,0,2
70,70,0,2,8,2,0,0
13706,3115,10591,40,201,22,18,0
214,140,74,4,30,3,1,0
1680,696,984,11,142,6,5,0
1165,94,1071,2,30,1,1,0
184,94,90,2,30,1,1,0
10423,2542,7881,48,20,24,24,0
4585,1678,2907,19,29,11,8,0
361,107,254,4,37,2,2,0
2011,1238,773,16,330,9,7,0
245,98,147,2,29,1,1,0
42329,18517,23812,241,2378,116,125,0
216,110,106,2,31,1,1,0
378,192,186,7,71,4,3,0
70,70,0,1,5,1,0,0
66,66,0,1,0,1,0,1
233,90,143,2,32,1,1,0
70,70,0,1,0,1,0,2
60,60,0,1,0,1,0,1
66,66,0,1,0,1,0,2
500,500,0,1,0,1,0,1
3758,2456,1302,52,2355,31,21,0
62,62,0,1,0,1,0,1
66,66,0,1,0,1,0,1
70,70,0,1,0,1,0,2
62,62,0,1,0,1,0,1
66,66,0,1,0,1,0,1
62,62,0,1,0,1,0,1
338,110,228,2,30,1,1,0
1107,630,477,10,16,6,4,0
199,102,97,2,33,1,1,0
70,70,0,1,0,1,0,2
70,70,0,1,0,1,0,2
70,70,0,1,0,1,0,2
62,62,0,1,0,1,0,1
70,70,0,1,0,1,0,2
70,70,0,1,0,1,0,2
66,66,0,1,0,1,0,1
70,70,0,1,0,1,0,2
70,70,0,2,8,2,0,0
320,320,0,1,0,1,0,1
70,70,0,1,0,1,0,2
184,94,90,2,30,1,1,0
257,110,147,2,29,1,1,0
1784,247,1537,7,120,4,3,0
62,62,0,1,0,1,0,1
181,181,0,1,0,1,0,1
8365,2826,5539,27,693,15,12,0
2268,1050,1218,15,5442,8,7,0
339,105,234,4,53,2,2,0
66,66,0,1,0,1,0,2
178,94,84,2,30,1,1,0
7624,1384,6240,23,17,12,11,0
1769,1271,498,10,126,6,4,0
2087,1159,928,10,86,6,4,0
297,102,195,4,48,2,2,0
70,70,0,1,0,1,0,2
1498,392,1106,10,16,5,5,0
545,166,379,2,1199,1,1,0
232,172,60,3,5,2,1,0
52288,7809,44479,105,37,40,65,0
70,70,0,1,0,1,0,2
283,114,169,2,31,1,1,0
1521,967,554,10,75,6,4,0
62,62,0,1,0,1,0,1
70,70,0,1,0,1,0,2
62,62,0,1,0,1,0,1
66,66,0,1,0,1,0,1
62,62,0,1,0,1,0,1
711,87,624,2,30,1,1,0
66,66,0,1,0,1,0,1
5433,2251,3182,23,86,12,11,0
130,70,60,2,30,1,1,0
66,66,0,1,0,1,0,2
5903,1367,4536,18,16,10,8,0
157,157,0,1,0,1,0,1
166,85,81,2,30,1,1,0
731,85,646,2,30,1,1,0
146,146,0,1,0,1,0,1
168,78,90,2,29,1,1,0
506,316,190,3,30,2,1,0
5041,817,4224,20,373,8,12,0
70,70,0,1,0,1,0,2
215,102,113,2,30,1,1,0
66,66,0,1,0,1,0,2
66,66,0,1,0,1,0,1
146,146,0,1,0,1,0,1
6372,1893,4479,15,120,8,7,0
56432,4371,52061,72,135,29,43,0
26974,22004,4970,80,216,42,38,0
330,330,0,6,3609,6,0,0
92573,4519,88054,105,16,39,66,0
489,88,401,4,46,2,2,0
3562,1936,1626,48,194,24,24,0
1536,856,680,14,27,6,8,0
374,101,273,4,33,2,2,0
146,146,0,1,0,1,0,1
513,152,361,2,1200,1,1,0
4228,1470,2758,19,131,9,10,0
190,70,120,4,15,2,2,0
98,98,0,1,0,1,0,1
66,66,0,1,0,1,0,1
70,70,0,1,0,1,0,2
948180,35714,912466,1121,119,378,743,0
66,66,0,1,0,1,0,2
774,101,673,2,30,1,1,0
1726,668,1058,13,2033,4,9,0
14888,3555,11333,58,256,23,35,0
70,70,0,1,0,1,0,2
4160,2228,1932,25,159,13,12,0
506908,20303,486605,548,25,204,344,0
182,102,80,2,30,1,1,0
62,62,0,1,0,1,0,1
7134,3081,4053,24,121,11,13,0
66,66,0,1,0,1,0,1
70,70,0,1,0,1,0,2
168,86,82,2,30,1,1,0
9323,5142,4181,23,20,12,11,0
66,66,0,1,0,1,0,1
92279,4799,87480,107,16,43,64,0
200,102,98,2,31,1,1,0
1081375,19607,1061768,921,122,142,779,0
9847,4746,5101,43,16,24,19,0
183,94,89,2,30,1,1,0
70,70,0,1,0,1,0,2
66,66,0,1,0,1,0,2
5987,2780,3207,21,140,10,11,0
62,62,0,1,0,1,0,1
70,70,0,1,0,1,0,2
165,78,87,2,30,1,1,0
70,70,0,1,0,1,0,2
176,90,86,2,31,1,1,0
268,78,190,2,30,1,1,0
8613,2377,6236,41,17,23,18,0
10853,8227,2626,30,360,15,15,0
62,62,0,1,0,1,0,1
146,146,0,1,0,1,0,1
70,70,0,1,0,1,0,2
247,98,149,2,33,1,1,0
62,62,0,1,0,1,0,1
2227,1018,1209,17,15,8,9,0
214,110,104,2,30,1,1,0
6989,5073,1916,24,111,14,10,0
300,78,222,2,30,1,1,0
62,62,0,1,0,1,0,1
60,60,0,1,0,1,0,1
11855,7269,4586,28,115,15,13,0
70,70,0,2,8,2,0,0
66,66,0,1,0,1,0,1
195,102,93,2,30,1,1,0
580560,15724,564836,583,30,187,396,0
1792,1153,639,17,177,10,7,0
947,376,571,8,14,5,3,0
2840,1750,1090,13,82,7,6,0
70,70,0,1,0,1,0,2
66,66,0,1,0,1,0,1
80160,3527,76633,98,76,38,60,0
168,86,82,2,31,1,1,0
136,136,0,3,12,3,0,0
762,97,665,2,30,1,1,0
66,66,0,1,0,1,0,2
70,70,0,2,8,2,0,0
70,70,0,1,0,1,0,2
70,70,0,1,0,1,0,2
578,286,292,9,15,5,4,0
199,102,97,2,30,1,1,0
1575,988,587,13,35,7,6,0
60,60,0,1,0,1,0,1
70,70,0,1,0,1,0,2
145,145,0,1,0,1,0,1
62,62,0,1,0,1,0,1
235,98,137,2,30,1,1,0
320,320,0,5,0,5,0,0
66,66,0,1,0,1,0,2
70,70,0,1,0,1,0,2
451,86,365,2,30,1,1,0
6362,1745,4617,25,18,13,12,0
70,70,0,1,0,1,0,2
66,66,0,1,0,1,0,2
66,66,0,1,0,1,0,1
66,66,0,1,0,1,0,1
3857,2757,1100,27,22,14,13,0
66,66,0,1,0,1,0,1
70,70,0,1,0,1,0,2
225,87,138,2,30,1,1,0
237,118,119,2,1200,1,1,0
499,425,74,4,0,3,1,0
62,62,0,1,0,1,0,1
261,175,86,2,31,1,1,0
4555,2472,2083,20,119,11,9,0
7796,766,7030,16,27,8,8,0
200,102,98,2,30,1,1,0
792,792,0,13,1200,13,0,0
60,60,0,1,0,1,0,1
60,60,0,1,0,1,0,1
207714,9731,197983,267,193,120,147,0
9284,2430,6854,25,82,14,11,0
4684,1777,2907,19,12,11,8,0
6517,1812,4705,21,255,11,10,0
66,66,0,1,0,1,0,1
62,62,0,1,0,1,0,1
66,66,0,1,91,1,0,0
146,146,0,1,0,1,0,1
66,66,0,1,0,1,0,2
332,102,230,2,30,1,1,0
70,70,0,1,5,1,0,0
145,145,0,1,0,1,0,1
168,86,82,2,32,1,1,0
311,102,209,2,30,1,1,0
66,66,0,1,0,1,0,2
193,102,91,2,29,1,1,0
2544,1681,863,12,185,7,5,0
196,102,94,2,30,1,1,0
66,66,0,1,0,1,0,1
70,70,0,1,0,1,0,2
6826,1214,5612,20,105,12,8,0
504,382,122,8,15,6,2,0
1574197,46737,1527460,1590,34,557,1033,0
60,60,0,1,0,1,0,1
70,70,0,1,0,1,0,2
146,146,0,1,0,1,0,1
437,98,339,4,41,2,2,0
183,94,89,2,31,1,1,0
145,145,0,1,0,1,0,1
179,94,85,2,30,1,1,0
70,70,0,1,0,1,0,2
70,70,0,1,0,1,0,2
730296,15564,714732,723,57,218,505,0
416,210,206,7,26,4,3,0
3734,1750,1984,24,203,12,12,0
858,126,732,2,30,1,1,0
130,70,60,2,30,1,1,0
78,78,0,1,30,1,0,0
70,70,0,1,5,1,0,0
66,66,0,1,0,1,0,1
66,66,0,1,0,1,0,2
70,70,0,1,0,1,0,2
177,94,83,2,30,1,1,0
168,86,82,2,30,1,1,0
492,306,186,8,16,5,3,0
1320,1320,0,21,1682,21,0,0
159,159,0,1,0,1,0,1
490,149,341,2,1200,1,1,0
70,70,0,2,8,2,0,0
318,192,126,6,27,4,2,0
66,66,0,1,0,1,0,1
776,102,674,2,30,1,1,0
378,192,186,7,19,4,3,0
258,78,180,4,30,2,2,0
145,145,0,1,0,1,0,1
214,140,74,4,35,3,1,0
7599,2842,4757,27,22,15,12,0
62,62,0,1,0,1,0,1
970,598,372,14,1201,8,6,0
66,66,0,1,0,1,0,1
70,70,0,1,0,1,0,2
1748,716,1032,19,409,6,13,0
5281,1393,3888,22,16,13,9,0
62,62,0,1,0,1,0,1
196,100,96,2,30,1,1,0
225915,9896,216019,283,80,128,155,0
16366,4160,12206,41,55,20,21,0
66,66,0,1,0,1,0,1
70,70,0,1,0,1,0,2
212,94,118,2,30,1,1,0
70,70,0,1,0,1,0,2
186,95,91,2,30,1,1,0
66,66,0,1,0,1,0,1
197,102,95,2,30,1,1,0
10639,4680,5959,53,176,24,29,0
183,94,89,2,30,1,1,0
70,70,0,1,0,1,0,2
198,101,97,2,31,1,1,0
66,66,0,1,0,1,0,1
10252,2152,8100,38,126,18,20,0
66,66,0,1,0,1,0,1
70,70,0,2,8,2,0,0
70,70,0,1,0,1,0,2
422,164,258,6,29,3,3,0
16890,7125,9765,33,98,19,14,0
199,102,97,2,30,1,1,0
62,62,0,1,0,1,0,1
146,146,0,1,0,1,0,1
193,102,91,2,30,1,1,0
499,425,74,4,0,3,1,0
70,70,0,1,0,1,0,2
250,66,184,4,9,2,2,0
60,60,0,1,0,1,0,1
172,88,84,2,31,1,1,0
167,86,81,2,30,1,1,0
184,94,90,2,31,1,1,0
1520,1058,462,12,29,8,4,0
70,70,0,1,0,1,0,2
62,62,0,1,0,1,0,1
70,70,0,1,0,1,0,2
4581,1674,2907,19,30,11,8,0
146,146,0,1,0,1,0,1
70,70,0,1,5,1,0,0
244,244,0,2,0,2,0,0
78,78,0,2,8,2,0,0
66,66,0,1,0,1,0,1
816,102,714,2,30,1,1,0
62,62,0,1,0,1,0,1
4091,1015,3076,15,27,8,7,0
4375,1230,3145,16,26,8,8,0
70,70,0,1,0,1,0,2
66,66,0,1,0,1,0,2
66,66,0,1,0,1,0,1
60,60,0,1,0,1,0,1
66,66,0,1,0,1,0,1
159,159,0,1,0,1,0,1
645662,22326,623336,743,41,299,444,0
711,87,624,2,31,1,1,0
66,66,0,1,0,1,0,1
62,62,0,1,0,1,0,1
70,70,0,1,0,1,0,2
6058,1038,5020,20,56,11,9,0
1937,1193,744,12,16,7,5,0
62,62,0,1,0,1,0,1
70,70,0,1,0,1,0,2
62,62,0,1,0,1,0,1
62,62,0,1,0,1,0,1
329,88,241,4,50,2,2,0
326,110,216,2,29,1,1,0
194,102,92,2,29,1,1,0
62,62,0,1,0,1,0,1
12594,5098,7496,32,36,17,15,0
17225,7769,9456,71,91,34,37,0
183,94,89,2,30,1,1,0
3589,2432,1157,17,86,9,8,0
70,70,0,1,0,1,0,2
146,146,0,1,0,1,0,1
499,425,74,4,0,3,1,0
66,66,0,1,0,1,0,1
564,193,371,6,51,3,3,0
70,70,0,1,0,1,0,2
70,70,0,1,0,1,0,2
2511,1465,1046,21,102,10,11,0
62,62,0,1,0,1,0,1
60,60,0,1,0,1,0,1
66,66,0,1,0,1,0,2
199,102,97,2,30,1,1,0
405,90,315,4,59,2,2,0
62,62,0,1,0,1,0,1
70,70,0,1,0,1,0,2
146,146,0,1,0,1,0,1
60,60,0,1,0,1,0,1
70,70,0,1,0,1,0,2
82,82,0,1,31,1,0,0
738,86,652,2,29,1,1,0
330,330,0,6,1200,6,0,0
66,66,0,1,0,1,0,1
6993,960,6033,17,31,10,7,0
66,66,0,1,0,1,0,2
9938,3644,6294,31,18,18,13,0
66,66,0,1,0,1,0,2
62,62,0,1,0,1,0,1
31549,6352,25197,64,206,26,38,0
70,70,0,1,0,1,0,2
60,60,0,1,0,1,0,1
228,90,138,2,30,1,1,0
176,176,0,3,46,3,0,0
66,66,0,1,0,1,0,2
14035,8420,5615,31,256,18,13,0
70,70,0,1,0,1,0,2
70,70,0,1,0,1,0,2
62,62,0,1,0,1,0,1
7165,2077,5088,22,105,12,10,0
436,254,182,7,14,4,3,0
66,66,0,1,0,1,0,2
199,102,97,2,31,1,1,0
777438,37182,740256,940,64,407,533,0
760,97,663,2,31,1,1,0
62,62,0,1,0,1,0,1
168,78,90,2,30,1,1,0
70,70,0,1,0,1,0,2
72,72,0,1,0,1,0,1
60,60,0,1,0,1,0,1
66,66,0,1,0,1,0,2
66,66,0,1,0,1,0,1
210,110,100,2,31,1,1,0
1582,866,716,11,27,7,4,0
3419,1275,2144,13,135,6,7,0
62,62,0,1,0,1,0,1
66,66,0,1,0,1,0,1
186,83,103,2,30,1,1,0
66,66,0,1,0,1,0,2
190,70,120,4,15,2,2,0
184,94,90,2,30,1,1,0
66,66,0,1,0,1,0,2
66,66,0,1,0,1,0,1
258,94,164,2,30,1,1,0
66,66,0,1,0,1,0,1
66,66,0,1,0,1,0,1
66,66,0,1,0,1,0,1
5600,1187,4413,24,80,13,11,0
66,66,0,1,0,1,0,2
1097,1097,0,1,0,1,0,1
502,150,352,2,1200,1,1,0
66,66,0,1,0,1,0,2
62,62,0,1,0,1,0,1
358,102,256,2,30,1,1,0
7166,1086,6080,18,87,9,9,0
216,110,106,2,31,1,1,0
62,62,0,1,0,1,0,1
509,150,359,2,1200,1,1,0
145,145,0,1,0,1,0,1
62,62,0,1,0,1,0,1
168,78,90,2,30,1,1,0
2693,1361,1332,17,19,10,7,0
1647482,62713,1584769,1898,219,744,1154,0
235,90,145,2,32,1,1,0
199,102,97,2,30,1,1,0
969,86,883,2,30,1,1,0
66,66,0,1,0,1,0,2
70,70,0,2,7,2,0,0
310549,9420,301129,339,65,122,217,0
62,62,0,1,0,1,0,1
6033,770,5263,18,16,8,10,0
66,66,0,1,0,1,0,1
374,126,248,2,30,1,1,0
351,93,258,4,50,2,2,0
1114,534,580,12,15,7,5,0
1210,950,260,2,30,1,1,0
643,88,555,2,30,1,1,0
70,70,0,1,5,1,0,0
70,70,0,1,0,1,0,2
66,66,0,1,0,1,0,2
183,94,89,2,31,1,1,0
199,102,97,2,31,1,1,0
4943,936,4007,21,32,11,10,0
8702,4668,4034,92,626,50,42,0
100,100,0,1,0,1,0,1
24232,10141,14091,74,76,39,35,0
3909,888,3021,12,15,6,6,0
193,102,91,2,30,1,1,0
8166,2498,5668,16,120,8,8,0
70,70,0,2,7,2,0,0
738,86,652,2,31,1,1,0
312,132,180,6,6,3,3,0
195,102,93,2,31,1,1,0
5046,4132,914,31,15,16,15,0
8507,3320,5187,28,30,14,14,0
168,78,90,2,30,1,1,0
70,70,0,1,0,1,0,2
2965,1650,1315,24,275,12,12,0
70,70,0,1,0,1,0,2
66,66,0,1,0,1,0,2
146,146,0,1,0,1,0,1
197,102,95,2,30,1,1,0
370,94,276,2,30,1,1,0
60,60,0,1,0,1,0,1
122,62,60,2,30,1,1,0
167,86,81,2,30,1,1,0
1396,735,661,14,80,8,6,0
70,70,0,1,0,1,0,2
4940,3363,1577,27,34,16,11,0
216,110,106,2,31,1,1,0
62,62,0,1,0,1,0,1
769074,31261,737813,876,165,356,520,0
66,66,0,1,0,1,0,1
8879,2420,6459,32,255,17,15,0
177,94,83,2,31,1,1,0
66,66,0,1,0,1,0,2
748,106,642,2,31,1,1,0
70,70,0,1,0,1,0,2
4151,1015,3136,16,27,8,8,0
5413,2166,3247,22,39,13,9,0
102,102,0,1,30,1,0,0
1610,1073,537,14,15,8,6,0
5018,4314,704,11,30,6,5,0
72,72,0,1,0,1,0,1
716,95,621,2,30,1,1,0
70,70,0,1,0,1,0,2
66,66,0,1,0,1,0,1
60,60,0,1,90,1,0,0
146,146,0,1,0,1,0,1
70,70,0,1,0,1,0,2
73712,18850,54862,135,717,61,74,0
66,66,0,1,0,1,0,2
66,66,0,1,0,1,0,1
1547,960,587,14,26,8,6,0
13022,1500,11522,30,23,15,15,0
70,70,0,1,0,1,0,2
4651,1744,2907,19,30,11,8,0
70,70,0,1,0,1,0,2
330,330,0,6,1200,6,0,0
8601,2870,5731,40,225,22,18,0
5121,936,4185,17,27,9,8,0
66,66,0,1,0,1,0,1
182517,10761,171756,265,352,130,135,0
2090,1100,990,17,119,9,8,0
246,94,152,2,30,1,1,0
908,126,782,2,30,1,1,0
718,94,624,2,30,1,1,0
2772,1777,995,16,124,9,7,0
9274,5282,3992,42,186,22,20,0
70,70,0,1,0,1,0,2
62,62,0,1,0,1,0,1
70,70,0,2,8,2,0,0
8287,2469,5818,31,18,14,17,0
177,94,83,2,29,1,1,0
193,102,91,2,29,1,1,0
62,62,0,1,0,1,0,1
22751,17995,4756,67,73,42,25,0
432,240,192,8,101,5,3,0
70,70,0,1,0,1,0,2
70,70,0,1,0,1,0,2
66,66,0,1,0,1,0,2
70,70,0,1,0,1,0,2
11442,3116,8326,32,46,19,13,0
844,152,692,4,1199,2,2,0
213,94,119,2,30,1,1,0
304,86,218,2,29,1,1,0
150,150,0,1,1199,1,0,0
70,70,0,1,0,1,0,2
209,110,99,2,30,1,1,0
62,62,0,1,0,1,0,1
499,425,74,4,0,3,1,0
70,70,0,2,8,2,0,0
30399,22692,7707,57,144,31,26,0
62,62,0,1,0,1,0,1
755,102,653,2,30,1,1,0
66,66,0,1,0,1,0,1
72,72,0,1,0,1,0,1
205,86,119,2,30,1,1,0
159,159,0,1,0,1,0,1
1056,682,374,10,15,6,4,0
66,66,0,1,5,1,0,0
146,146,0,1,0,1,0,1
1466,856,610,13,27,6,7,0
12260,3870,8390,52,283,27,25,0
62,62,0,1,0,1,0,1
37677,7875,29802,115,3342,58,57,0
304,86,218,2,30,1,1,0
181,94,87,2,29,1,1,0
183,94,89,2,29,1,1,0
199,102,97,2,30,1,1,0
70,70,0,1,0,1,0,2
173,94,79,2,30,1,1,0
718,94,624,2,30,1,1,0
70,70,0,1,0,1,0,2
70,70,0,1,0,1,0,2
9449,3441,6008,27,41,17,10,0
184,94,90,2,30,1,1,0
168,78,90,2,30,1,1,0
969,86,883,2,30,1,1,0
293,95,198,4,46,2,2,0
70,70,0,1,0,1,0,2
66,66,0,1,0,1,0,1
62,62,0,1,0,1,0,1
66,66,0,1,0,1,0,1
1326,876,450,11,26,6,5,0
177,94,83,2,30,1,1,0
11769,1894,9875,27,99,13,14,0
168,78,90,2,30,1,1,0
70,70,0,1,0,1,0,2
66,66,0,1,0,1,0,2
10318,2117,8201,38,371,19,19,0
66,66,0,1,0,1,0,1
193,102,91,2,33,1,1,0
511,195,316,6,56,3,3,0
159,159,0,1,0,1,0,1
148,148,0,1,0,1,0,1
62,62,0,1,0,1,0,1
70,70,0,2,8,2,0,0
62,62,0,1,0,1,0,1
66,66,0,1,0,1,0,2
66,66,0,1,0,1,0,1
70,70,0,1,0,1,0,2
4769,2622,2147,14,135,7,7,0
211,110,101,2,30,1,1,0
181,94,87,2,31,1,1,0
66,66,0,1,0,1,0,2
510,164,346,2,31,1,1,0
62,62,0,1,0,1,0,1
70,70,0,1,0,1,0,2
70,70,0,1,0,1,0,2
745,93,652,2,30,1,1,0
5167,700,4467,16,14,7,9,0
184,94,90,2,31,1,1,0
70,70,0,1,0,1,0,2
320,140,180,6,5,3,3,0
66,66,0,1,0,1,0,2
66,66,0,1,0,1,0,1
75064,64938,10126,147,277,71,76,0
199,102,97,2,30,1,1,0
38893,31305,7588,107,101,55,52,0
70,70,0,1,0,1,0,2
131,131,0,1,0,1,0,1
62,62,0,1,0,1,0,1
56258,45661,10597,165,244,88,77,0
70,70,0,1,0,1,0,2
7862,1873,5989,20,15,11,9,0
66,66,0,1,0,1,0,1
70,70,0,1,0,1,0,2
4055,1295,2760,11,121,6,5,0
14233438,253696,13979742,12752,54,3515,9237,0
7229,2357,4872,26,270,14,12,0
198,101,97,2,30,1,1,0
8822,1485,7337,26,15,13,13,0
9674,1776,7898,29,3764,11,18,0
652,300,352,4,1200,3,1,0
70,70,0,1,0,1,0,2
7182,1016,6166,28,412,11,17,0
66,66,0,1,0,1,0,1
62,62,0,1,0,1,0,1
177,94,83,2,29,1,1,0
458,188,270,6,30,3,3,0
474,200,274,6,43,3,3,0
177,94,83,2,29,1,1,0
198,120,78,4,15,3,1,0
66,66,0,1,0,1,0,1
4196,1407,2789,19,135,9,10,0
9385,3246,6139,53,118,31,22,0
214,140,74,4,35,3,1,0
60,60,0,1,0,1,0,1
193,102,91,2,30,1,1,0
70,70,0,1,0,1,0,2
15947,5526,10421,38,622,16,22,0
70,70,0,1,5,1,0,0
268,86,182,2,30,1,1,0
124,64,60,2,15,1,1,0
66,66,0,1,0,1,0,1
66,66,0,1,0,1,0,2
9217,1548,7669,25,50,13,12,0
66,66,0,1,0,1,0,2
180,94,86,2,30,1,1,0
66,66,0,1,0,1,0,1
70,70,0,1,0,1,0,2
1515,481,1034,11,15,6,5,0
1634,126,1508,4,30,2,2,0
3613,433,3180,11,15,6,5,0
62,62,0,1,0,1,0,1
5167,700,4467,16,15,7,9,0
7645,2967,4678,23,15,13,10,0
196,94,102,2,31,1,1,0
78198970,2041652,76157318,79332,368,28698,50634,0
130,70,60,3,4,2,1,0
89335,4699,84636,107,118,32,75,0
66,66,0,1,0,1,0,2
12746,7725,5021,39,234,24,15,0
130,70,60,2,6,1,1,0
274,94,180,2,30,1,1,0
436,254,182,7,15,4,3,0
146,146,0,1,0,1,0,1
13440,8354,5086,39,20,20,19,0
66,66,0,1,0,1,0,1
10179,4285,5894,60,272,31,29,0
156,156,0,1,0,1,0,1
126,62,64,2,5,1,1,0
62,62,0,1,0,1,0,1
15546,2361,13185,39,123,18,21,0
185925,12445,173480,210,105,82,128,0
6305,2124,4181,20,16,10,10,0
70,70,0,1,5,1,0,0
60,60,0,1,0,1,0,1
197,94,103,2,30,1,1,0
509,150,359,2,1200,1,1,0
70,70,0,1,0,1,0,2
192,98,94,2,31,1,1,0
184,94,90,2,29,1,1,0
62,62,0,1,0,1,0,1
66,66,0,1,0,1,0,2
198,90,108,2,30,1,1,0
60,60,0,1,0,1,0,1
168,78,90,2,30,1,1,0
62,62,0,1,0,1,0,1
70,70,0,1,0,1,0,2
216,110,106,2,30,1,1,0
199,102,97,2,30,1,1,0
66,66,0,1,0,1,0,2
212,90,122,4,30,2,2,0
7002,5717,1285,15,45,9,6,0
70,70,0,1,0,1,0,2
1752,786,966,16,17,9,7,0
62,62,0,1,0,1,0,1
102,102,0,1,30,1,0,0
60,60,0,1,0,1,0,1
183,94,89,2,30,1,1,0
7067,2430,4637,18,17,8,10,0
66,66,0,1,0,1,0,1
782,110,672,2,30,1,1,0
66,66,0,1,0,1,0,1
66,66,0,1,0,1,0,2
66,66,0,1,0,1,0,2
6357,1079,5278,18,32,10,8,0
78,78,0,1,0,1,0,1
70,70,0,1,0,1,0,2
318,192,126,6,26,4,2,0
62,62,0,1,0,1,0,1
7240,2035,5205,25,316,12,13,0
70,70,0,1,0,1,0,2
822,102,720,2,29,1,1,0
18444,12288,6156,36,149,20,16,0
156,156,0,1,0,1,0,1
62,62,0,1,0,1,0,1
165,86,79,2,30,1,1,0
744,95,649,2,30,1,1,0
66,66,0,1,0,1,0,2
1594,1280,314,10,15,5,5,0
70,70,0,1,0,1,0,2
56118,3429,52689,77,26,35,42,0
66,66,0,1,0,1,0,2
74,74,0,1,0,1,0,1
747,93,654,2,31,1,1,0
1701,1048,653,15,38,8,7,0
304,86,218,2,30,1,1,0
5398,3277,2121,30,80,16,14,0
62,62,0,1,0,1,0,1
74105,3416,70689,84,135,32,52,0
70,70,0,2,8,2,0,0
66,66,0,1,0,1,0,2
3533,1045,2488,17,147,8,9,0
182,93,89,2,31,1,1,0
66,66,0,1,0,1,0,2
66,66,0,1,0,1,0,2
199,94,105,2,30,1,1,0
60,60,0,1,0,1,0,1
62,62,0,1,0,1,0,1
62,62,0,1,0,1,0,1
173,94,79,2,30,1,1,0
70,70,0,1,0,1,0,2
62,62,0,1,0,1,0,1
10637,4761,5876,30,145,17,13,0
70,70,0,1,0,1,0,2
6031,770,5261,18,15,8,10,0
196,102,94,2,30,1,1,0
1151,711,440,10,15,5,5,0
53075,3609,49466,74,173,25,49,0
66,66,0,1,0,1,0,1
62,62,0,1,0,1,0,1
62,62,0,1,0,1,0,1
66,66,0,1,0,1,0,1
471,182,289,6,57,3,3,0
146,146,0,1,0,1,0,1
9173,2080,7093,22,18,13,9,0
178,94,84,2,30,1,1,0
4526,1619,2907,19,26,11,8,0
1210,637,573,14,51,7,7,0
194,102,92,2,31,1,1,0
66,66,0,1,0,1,0,1
199,102,97,2,30,1,1,0
19125,2345,16780,37,128,15,22,0
188,96,92,2,31,1,1,0
1890,1010,880,13,16,8,5,0
195,102,93,2,30,1,1,0
749,89,660,2,30,1,1,0
364,102,262,2,30,1,1,0
62,62,0,1,0,1,0,1
70,70,0,1,0,1,0,2
102,102,0,1,60,1,0,0
130,66,64,2,5,1,1,0
70,70,0,2,8,2,0,0
70,70,0,1,0,1,0,2
216,110,106,2,30,1,1,0
66,66,0,1,0,1,0,1
62,62,0,1,0,1,0,1
66,66,0,1,0,1,0,1
70,70,0,1,0,1,0,2
66,66,0,1,0,1,0,1
66,66,0,1,0,1,0,2
66,66,0,1,0,1,0,2
70,70,0,1,0,1,0,2
62,62,0,1,0,1,0,1
70,70,0,1,0,1,0,2
14647,2365,12282,22,136,10,12,0
888,126,762,2,30,1,1,0
70,70,0,1,5,1,0,0
70,70,0,1,0,1,0,2
66,66,0,1,0,1,0,2
66,66,0,1,0,1,0,2
70,70,0,1,0,1,0,2
24745,1926,22819,39,170,18,21,0
275,86,189,2,30,1,1,0
1680,1386,294,7,30,4,3,0
480,149,331,2,1200,1,1,0
215,94,121,2,30,1,1,0
193,102,91,2,30,1,1,0
422,164,258,6,29,3,3,0
199,94,105,2,30,1,1,0
62,62,0,1,0,1,0,1
6889,4719,2170,25,330,14,11,0
4955,1749,3206,24,16,15,9,0
502,150,352,2,1200,1,1,0
62,62,0,1,0,1,0,1
879,126,753,2,31,1,1,0
177,94,83,2,30,1,1,0
66,66,0,1,0,1,0,2
6803,2164,4639,14,121,7,7,0
7528,1416,6112,29,811,11,18,0
62,62,0,1,0,1,0,1
66,66,0,1,0,1,0,1
70,70,0,1,0,1,0,2
190,97,93,2,31,1,1,0
62,62,0,1,0,1,0,1
231,86,145,2,30,1,1,0
183,94,89,2,31,1,1,0
66,66,0,1,0,1,0,2
504,318,186,8,16,5,3,0
184,94,90,2,30,1,1,0
62,62,0,1,0,1,0,1
166,86,80,2,31,1,1,0
227,89,138,2,30,1,1,0
234,94,140,2,29,1,1,0
26779179,169104,26610075,19911,91,1968,17943,0
146,146,0,1,0,1,0,1
6250,1765,4485,22,15,12,10,0
70,70,0,1,0,1,0,2
36007,4328,31679,65,217,33,32,0
1053,566,487,10,47,6,4,0
1280,586,694,10,15,5,5,0
711,87,624,2,31,1,1,0
301,126,175,2,30,1,1,0
62,62,0,1,0,1,0,1
525373,237667,287706,1387,390,693,694,0
70,70,0,1,0,1,0,2
8033,2013,6020,20,15,11,9,0
195,102,93,2,29,1,1,0
166,86,80,2,30,1,1,0
811,94,717,2,30,1,1,0
200,102,98,2,31,1,1,0
62,62,0,1,0,1,0,1
70,70,0,1,0,1,0,2
66,66,0,1,0,1,0,2
193,102,91,2,29,1,1,0
1169,616,553,12,16,7,5,0
60,60,0,1,0,1,0,1
3730,2455,1275,18,256,10,8,0
66,66,0,1,0,1,0,2
181,86,95,2,29,1,1,0
166,86,80,2,29,1,1,0
183,86,97,2,30,1,1,0
66,66,0,1,0,1,0,2
9901,1298,8603,19,79,10,9,0
62,62,0,1,0,1,0,1
199,102,97,2,29,1,1,0
1638,1324,314,10,15,5,5,0
234,234,0,4,12,4,0,0
65158,3519,61639,89,200,41,48,0
62,62,0,1,0,1,0,1
66,66,0,1,0,1,0,1
70,70,0,1,0,1,0,2
60,60,0,1,0,1,0,1
66,66,0,1,0,1,0,2
66,66,0,1,0,1,0,1
499,192,307,6,26,4,2,0
66,66,0,1,0,1,0,2
74,74,0,1,0,1,0,1
60,60,0,1,0,1,0,1
66,66,0,1,0,1,0,1
16167,1392,14775,25,105,12,13,0
62,62,0,1,0,1,0,1
183,94,89,2,30,1,1,0
66,66,0,1,5,1,0,0
220,220,0,1,0,1,0,1
8779,3672,5107,17,119,8,9,0
186,95,91,2,31,1,1,0
66,66,0,1,0,1,0,1
62,62,0,1,0,1,0,1
66,66,0,1,0,1,0,1
66,66,0,1,0,1,0,1
62,62,0,1,0,1,0,1
70,70,0,1,0,1,0,2
183,94,89,2,30,1,1,0
66,66,0,1,0,1,0,1
6679,2408,4271,23,20,10,13,0
70,70,0,1,0,1,0,2
70,70,0,1,0,1,0,2
475,150,325,2,1200,1,1,0
26293,7740,18553,55,121,26,29,0
66,66,0,1,0,1,0,2
3354,1792,1562,46,193,23,23,0
209,102,107,2,30,1,1,0
66,66,0,1,0,1,0,1
62,62,0,1,0,1,0,1
1786,172,1614,7,120,3,4,0
66,66,0,1,0,1,0,1
66,66,0,1,0,1,0,1
138,69,69,2,30,1,1,0
70,70,0,1,4,1,0,0
66,66,0,1,0,1,0,1
66,66,0,1,0,1,0,1
5601,1203,4398,14,60,9,5,0
62,62,0,1,0,1,0,1
66,66,0,1,0,1,0,1
280,118,162,2,30,1,1,0
211,102,109,2,30,1,1,0
70,70,0,1,0,1,0,2
4046,967,3079,13,27,7,6,0
66,66,0,2,8,2,0,0
178,94,84,2,30,1,1,0
731,91,640,2,30,1,1,0
2349,258,2091,10,120,4,6,0
195,94,101,2,29,1,1,0
66,66,0,1,0,1,0,2
78,78,0,1,0,1,0,1
184,94,90,2,31,1,1,0
828,390,438,11,40,4,7,0
70,70,0,1,0,1,0,2
7155,2151,5004,34,33,20,14,0
146,146,0,1,0,1,0,1
214,110,104,2,31,1,1,0
70,70,0,1,0,1,0,2
70,70,0,2,7,2,0,0
259,86,173,2,30,1,1,0
70,70,0,1,5,1,0,0
426,186,240,8,30,4,4,0
70,70,0,1,0,1,0,2
66,66,0,1,0,1,0,2
198,101,97,2,30,1,1,0
5601,1203,4398,14,59,9,5,0
332590,15084,317506,341,139,89,252,0
13084,2704,10380,36,201,21,15,0
139,139,0,1,0,1,0,1
60,60,0,1,0,1,0,1
234,234,0,4,12,4,0,0
148,148,0,1,0,1,0,1
214,140,74,4,15,3,1,0
266,87,179,4,35,2,2,0
3817,829,2988,11,16,7,4,0
195,102,93,2,30,1,1,0
512,166,346,2,30,1,1,0
336,231,105,3,30,2,1,0
5167,700,4467,16,14,7,9,0
199,102,97,2,31,1,1,0
240332,6623,233709,258,170,92,166,0
1644,1324,320,10,15,5,5,0
66,66,0,1,0,1,0,2
70,70,0,1,0,1,0,2
60,60,0,1,0,1,0,1
62,62,0,1,0,1,0,1
170,87,83,2,30,1,1,0
184,94,90,2,30,1,1,0
66,66,0,1,0,1,0,2
177,94,83,2,30,1,1,0
296,126,170,2,30,1,1,0
199,102,97,2,30,1,1,0
60,60,0,1,0,1,0,1
177,94,83,2,29,1,1,0
66,66,0,1,0,1,0,2
912,410,502,10,15,5,5,0
70,70,0,1,0,1,0,2
16227,7159,9068,40,524,21,19,0
190,97,93,2,31,1,1,0
62,62,0,1,0,1,0,1
2900,2007,893,20,36,12,8,0
70,70,0,1,0,1,0,2
183,94,89,2,30,1,1,0
718,94,624,2,30,1,1,0
66,66,0,1,0,1,0,2
1415,101,1314,4,51,2,2,0
70,70,0,1,0,1,0,2
70,70,0,1,4,1,0,0
70,70,0,1,0,1,0,2
70,70,0,2,8,2,0,0
1666,126,1540,4,31,2,2,0
244,98,146,2,32,1,1,0
200,102,98,2,30,1,1,0
784,94,690,2,29,1,1,0
2798,1652,1146,15,143,8,7,0
70,70,0,1,0,1,0,2
62,62,0,1,0,1,0,1
3605,1648,1957,20,255,10,10,0
70,70,0,1,0,1,0,2
174140,4942,169198,166,65,47,119,0
5247,3662,1585,21,310,11,10,0
62,62,0,1,0,1,0,1
2957,619,2338,12,15,6,6,0
66,66,0,1,0,1,0,2
216,110,106,2,30,1,1,0
150,150,0,1,1200,1,0,0
72,72,0,1,0,1,0,1
62,62,0,1,0,1,0,1
70,70,0,1,0,1,0,2
167,86,81,2,30,1,1,0
193,102,91,2,30,1,1,0
66,66,0,1,0,1,0,1
62,62,0,1,0,1,0,1
66,66,0,1,0,1,0,2
66,66,0,1,0,1,0,1
146,146,0,1,0,1,0,1
10332,2735,7597,36,21,17,19,0
60,60,0,1,0,1,0,1
316,136,180,6,5,3,3,0
70,70,0,1,0,1,0,2
66,66,0,2,7,2,0,0
62,62,0,1,0,1,0,1
885,126,759,2,30,1,1,0
5411,851,4560,17,15,8,9,0
5692,1597,4095,19,18,11,8,0
257,94,163,2,30,1,1,0
395647,11870,383777,409,16,144,265,0
320,95,225,4,41,2,2,0
8192,2071,6121,23,361,10,13,0
66,66,0,1,0,1,0,1
70,70,0,1,0,1,0,2
70,70,0,1,0,1,0,2
7847,2985,4862,30,337,16,14,0
146,146,0,1,0,1,0,1
211,110,101,2,30,1,1,0
66,66,0,1,0,1,0,1
384,166,218,2,30,1,1,0
199,102,97,2,30,1,1,0
231,102,129,2,29,1,1,0
70,70,0,2,7,2,0,0
66,66,0,1,0,1,0,2
2113,1181,932,10,127,6,4,0
70,70,0,1,0,1,0,2
1281,399,882,10,16,6,4,0
66,66,0,1,0,1,0,2
1377,300,1077,6,1200,3,3,0
8801,2032,6769,28,361,14,14,0
70,70,0,1,5,1,0,0
480989,16896,464093,507,22,178,329,0
242,78,164,2,29,1,1,0
66,66,0,1,0,1,0,2
70,70,0,1,0,1,0,2
36471,5174,31297,57,38,23,34,0
186,95,91,2,30,1,1,0
66,66,0,1,0,1,0,2
288,101,187,4,28,2,2,0
195,102,93,2,31,1,1,0
174,89,85,2,0,1,1,0
60,60,0,1,0,1,0,1
146,146,0,1,0,1,0,1
205,83,122,4,29,2,2,0
62,62,0,1,0,1,0,1
66,66,0,1,0,1,0,1
10793,2049,8744,23,30,14,9,0
199,94,105,2,30,1,1,0
4620,1713,2907,19,28,11,8,0
70,70,0,1,0,1,0,2
1463,988,475,12,27,7,5,0
880,126,754,2,30,1,1,0
12583,2945,9638,31,47,16,15,0
4819,2903,1916,29,81,15,14,0
625995,31468,594527,722,199,256,466,0
1867,1228,639,18,87,11,7,0
173,94,79,2,30,1,1,0
4501,3174,1327,26,61,16,10,0
62,62,0,1,0,1,0,1
70,70,0,1,0,1,0,2
146,146,0,1,0,1,0,1
62,62,0,1,0,1,0,1
62,62,0,1,0,1,0,1
190,70,120,4,18,2,2,0
3324,663,2661,12,15,7,5,0
1106,800,306,10,14,5,5,0
212,102,110,2,30,1,1,0
749,89,660,2,31,1,1,0
196,102,94,2,31,1,1,0
62,62,0,1,0,1,0,1
242,78,164,2,30,1,1,0
66,66,0,1,0,1,0,1
184,94,90,2,29,1,1,0
31814,26657,5157,52,212,32,20,0
1516,481,1035,11,15,6,5,0
772,102,670,2,30,1,1,0
298,102,196,4,36,2,2,0
216,110,106,2,31,1,1,0
779,86,693,2,30,1,1,0
136,136,0,3,14,3,0,0
232,71,161,2,30,1,1,0
148,148,0,1,0,1,0,1
396,396,0,7,1200,7,0,0
93,93,0,2,60,2,0,0
70,70,0,1,0,1,0,2
66,66,0,1,0,1,0,2
62,62,0,1,0,1,0,1
62,62,0,1,0,1,0,1
154,94,60,2,4,1,1,0
1519,787,732,10,110,6,4,0
182,93,89,2,31,1,1,0
23229,1880,21349,46,80,21,25,0
66,66,0,1,0,1,0,1
62,62,0,1,0,1,0,1
5433,925,4508,19,360,10,9,0
164,164,0,1,0,1,0,1
212,150,62,2,30,1,1,0
62,62,0,1,0,1,0,1
70,70,0,1,0,1,0,2
60,60,0,1,0,1,0,1
62,62,0,1,0,1,0,1
4145,1976,2169,22,18,13,9,0
70,70,0,1,0,1,0,2
92958,4869,88089,109,15,44,65,0
193,102,91,2,30,1,1,0
160,160,0,1,0,1,0,1
66,66,0,1,0,1,0,2
66,66,0,1,0,1,0,1
8464,2256,6208,25,255,13,12,0
70,70,0,1,0,1,0,2
280,140,140,5,130,3,2,0
70,70,0,1,0,1,0,2
21293,7315,13978,85,188,37,48,0
12760,2205,10555,39,122,21,18,0
8426,2893,5533,27,16,15,12,0
148,148,0,1,0,1,0,3
6854,1380,5474,18,161,9,9,0
66,66,0,1,0,1,0,2
60,60,0,1,0,1,0,1
181961,40579,141382,247,238,101,146,0
62,62,0,1,0,1,0,1
195,102,93,2,30,1,1,0
146,146,0,1,0,1,0,1
146,146,0,1,0,1,0,1
230,90,140,2,30,1,1,0
104399,8436,95963,122,21,49,73,0
774,101,673,2,30,1,1,0
177,94,83,2,31,1,1,0
66,66,0,1,0,1,0,1
1370,89,1281,4,33,2,2,0
70,70,0,1,0,1,0,2
3730,2378,1352,23,28,12,11,0
3447,788,2659,13,135,6,7,0
449555,320,449235,719,50,6,713,0
70,70,0,1,0,1,0,2
62,62,0,1,0,1,0,1
66,66,0,1,0,1,0,2
733,94,639,2,30,1,1,0
66,66,0,1,0,1,0,2
247,98,149,2,33,1,1,0
70,70,0,1,0,1,0,2
66,66,0,1,0,1,0,1
94827,3328,91499,97,16,30,67,0
70,70,0,2,8,2,0,0
9593,3182,6411,19,23,8,11,0
70,70,0,1,0,1,0,2
168,78,90,2,30,1,1,0
60,60,0,1,0,1,0,1
66,66,0,1,0,1,0,1
93073,4939,88134,111,16,45,66,0
199,102,97,2,29,1,1,0
4463,1215,3248,16,121,8,8,0
60,60,0,1,0,1,0,1
200,102,98,2,29,1,1,0
882,126,756,2,30,1,1,0
320,320,0,1,0,1,0,1
177,94,83,2,30,1,1,0
193,102,91,2,29,1,1,0
194,102,92,2,30,1,1,0
70,70,0,1,0,1,0,2
70,70,0,1,0,1,0,2
5993,2348,3645,15,120,8,7,0
410,93,317,4,30,2,2,0
62,62,0,1,0,1,0,1
180,94,86,2,31,1,1,0
200,102,98,2,31,1,1,0
226,110,116,2,30,1,1,0
6896,2139,4757,31,33,15,16,0
18607,4906,13701,47,255,20,27,0
7761,2376,5385,24,256,12,12,0
66,66,0,1,0,1,0,2
70,70,0,1,0,1,0,2
150,150,0,1,1200,1,0,0
70,70,0,1,0,1,0,2
182,94,88,2,30,1,1,0
66,66,0,1,0,1,0,2
70,70,0,2,8,2,0,0
62,62,0,1,0,1,0,1
142299,120615,21684,348,336,180,168,0
70,70,0,1,0,1,0,2
164,84,80,2,31,1,1,0
70,70,0,1,0,1,0,2
66,66,0,1,0,1,0,2
66,66,0,1,0,1,0,1
62,62,0,1,0,1,0,1
186,102,84,2,30,1,1,0
422,240,182,8,25,5,3,0
177,94,83,2,30,1,1,0
60,60,0,1,0,1,0,1
9329,3935,5394,30,405,17,13,0
134,60,74,3,5,2,1,0
66,66,0,1,0,1,0,1
168,86,82,2,31,1,1,0
150,150,0,1,1200,1,0,0
260,106,154,2,32,1,1,0
62,62,0,1,0,1,0,1
377,86,291,2,29,1,1,0
14832,3978,10854,32,34,15,17,0
184,94,90,2,30,1,1,0
533295,14310,518985,552,18,201,351,0
66,66,0,1,0,1,0,2
3339,2205,1134,21,38,13,8,0
66,66,0,1,0,1,0,1
350650,19028,331622,494,83,251,243,0
499,425,74,4,0,3,1,0
422,164,258,6,30,3,3,0
70,70,0,1,0,1,0,2
70,70,0,1,0,1,0,2
66,66,0,1,0,1,0,1
3006,1615,1391,15,15,8,7,0
15255,2304,12951,30,31,13,17,0
257,126,131,2,30,1,1,0
825,99,726,2,31,1,1,0
70,70,0,2,8,2,0,0
70,70,0,1,0,1,0,2
564,318,246,9,15,5,4,0
66,66,0,1,0,1,0,2
66,66,0,1,0,1,0,1
7936,2847,5089,15,120,7,8,0
3037,2276,761,12,28,7,5,0
70,70,0,2,7,2,0,0
62,62,0,1,0,1,0,1
199,94,105,2,30,1,1,0
43126,33414,9712,214,220,108,106,0
146,146,0,1,0,1,0,1
60,60,0,1,0,1,0,1
66,66,0,1,0,1,0,1
784,94,690,2,30,1,1,0
901,126,775,2,30,1,1,0
9516,1896,7620,21,127,11,10,0
66,66,0,1,0,1,0,1
70,70,0,1,0,1,0,2
148,86,62,2,30,1,1,0
183,94,89,2,30,1,1,0
86,86,0,1,30,1,0,0
66,66,0,1,0,1,0,1
11958,2983,8975,28,48,15,13,0
197,94,103,2,29,1,1,0
70,70,0,1,0,1,0,2
70,70,0,1,0,1,0,2
70,70,0,1,0,1,0,2
66,66,0,1,0,1,0,1
274616,12640,261976,352,28,167,185,0
66,66,0,1,0,1,0,2
295458,11828,283630,339,185,137,202,0
701,88,613,2,31,1,1,0
184,94,90,2,30,1,1,0
66,66,0,1,0,1,0,2
66,66,0,1,0,1,0,1
70,70,0,1,0,1,0,2
953,215,738,6,46,3,3,0
10175,1359,8816,18,78,7,11,0
66,66,0,1,0,1,0,2
198,101,97,2,30,1,1,0
10078,2210,7868,36,120,19,17,0
62,62,0,1,0,1,0,1
66,66,0,1,0,1,0,2
70,70,0,1,0,1,0,2
6713,3052,3661,49,5974,15,34,0
70,70,0,1,0,1,0,2
479,152,327,2,1200,1,1,0
70,70,0,1,0,1,0,2
8282,3240,5042,40,255,20,20,0
177,94,83,2,30,1,1,0
1825,824,1001,21,134,11,10,0
214,110,104,2,30,1,1,0
502,310,192,9,31,6,3,0
244,78,166,2,30,1,1,0
62,62,0,1,0,1,0,1
167,86,81,2,30,1,1,0
584,370,214,9,25,6,3,0
66,66,0,1,0,1,0,1
60,60,0,1,0,1,0,1
66,66,0,2,7,2,0,0
184,86,98,2,30,1,1,0
62,62,0,1,0,1,0,1
62,62,0,1,0,1,0,1
60,60,0,1,0,1,0,1
200,102,98,2,30,1,1,0
237,71,166,2,31,1,1,0
62,62,0,1,0,1,0,1
60,60,0,1,0,1,0,1
146,146,0,1,0,1,0,1
202,103,99,2,31,1,1,0
181,94,87,2,30,1,1,0
62,62,0,1,0,1,0,1
28899,3134,25765,66,271,32,34,0
903603,21528,882075,858,57,234,624,0
42247,4067,38180,58,25,23,35,0
9908271,123308,9784963,8531,359,1708,6823,0
195,102,93,2,30,1,1,0
62,62,0,1,0,1,0,1
274798,9459,265339,343,201,136,207,0
70,70,0,1,0,1,0,2
70,70,0,1,5,1,0,0
70,70,0,1,0,1,0,2
197,102,95,2,35,1,1,0
3522,869,2653,13,121,6,7,0
70,70,0,1,0,1,0,2
66,66,0,1,0,1,0,1
70,70,0,1,0,1,0,2
70,70,0,1,0,1,0,2
66,66,0,1,0,1,0,2
1806,1806,0,22,224,22,0,0
94,94,0,1,30,1,0,0
146,146,0,1,0,1,0,1
140155,6367,133788,173,145,62,111,0
66,66,0,1,0,1,0,1
197,90,107,2,30,1,1,0
183,94,89,2,30,1,1,0
60,60,0,1,0,1,0,1
177,94,83,2,30,1,1,0
198,94,104,2,31,1,1,0
66,66,0,1,0,1,0,2
127391,26326,101065,179,172,76,103,0
262,94,168,2,30,1,1,0
70,70,0,1,0,1,0,2
70,70,0,1,0,1,0,2
66,66,0,2,7,2,0,0
70,70,0,1,0,1,0,2
179,94,85,2,31,1,1,0
66,66,0,1,0,1,0,2
30257,2427,27830,45,255,22,23,0
70,70,0,1,0,1,0,2
70,70,0,1,0,1,0,2
66,66,0,2,8,2,0,0
66,66,0,1,0,1,0,2
216,110,106,2,30,1,1,0
7910,1967,5943,30,55,15,15,0
362,240,122,7,25,5,2,0
70,70,0,1,0,1,0,2
70,70,0,1,0,1,0,2
469799,14616,455183,474,129,155,319,0
177,94,83,2,30,1,1,0
70,70,0,2,7,2,0,0
726,726,0,12,1199,12,0,0
240,98,142,2,29,1,1,0
66,66,0,1,0,1,0,1
70,70,0,2,7,2,0,0
501,150,351,2,1200,1,1,0
70,70,0,2,8,2,0,0
70,70,0,1,0,1,0,2
70,70,0,1,0,1,0,2
184,94,90,2,29,1,1,0
60,60,0,1,0,1,0,1
466,392,74,4,0,3,1,0
9227,2999,6228,64,616,35,29,0
66,66,0,1,0,1,0,2
4570,792,3778,15,15,8,7,0
9329,2900,6429,27,135,15,12,0
66,66,0,1,0,1,0,2
1743,1164,579,16,25,10,6,0
70,70,0,1,0,1,0,2
10213447,100765,10112682,8215,121,1412,6803,0
198,102,96,2,30,1,1,0
216,110,106,2,31,1,1,0
172,88,84,2,31,1,1,0
506,152,354,2,1200,1,1,0
62,62,0,1,0,1,0,1
183,94,89,2,30,1,1,0
7237,2578,4659,19,16,9,10,0
66,66,0,1,0,1,0,1
207,86,121,2,30,1,1,0
66,66,0,1,0,1,0,2
2048821,56490,1992331,2082,44,522,1560,0
70,70,0,1,0,1,0,2
146,146,0,1,0,1,0,1
86,86,0,1,0,1,0,1
9869,2448,7421,61,1253,24,37,0
182,94,88,2,30,1,1,0
66,66,0,1,0,1,0,2
70,70,0,1,0,1,0,2
70,70,0,1,0,1,0,2
180,94,86,2,30,1,1,0
8869,1938,6931,21,17,12,9,0
66,66,0,1,0,1,0,1
374,192,182,7,21,4,3,0
62,62,0,1,5,1,0,0
66,66,0,1,0,1,0,1
193,102,91,2,30,1,1,0
6340,1381,4959,19,170,9,10,0
13526,2192,11334,32,141,16,16,0
1577,594,983,20,1740,10,10,0
1854,1360,494,12,15,7,5,0
143,143,0,1,0,1,0,1
210,110,100,2,30,1,1,0
66,66,0,1,0,1,0,2
66,66,0,1,0,1,0,1
199,102,97,2,30,1,1,0
64,64,0,1,30,1,0,0
913,126,787,2,31,1,1,0
62,62,0,1,0,1,0,1
422,164,258,6,30,3,3,0
177,94,83,2,30,1,1,0
70,70,0,1,0,1,0,2
7123,1331,5792,22,81,11,11,0
60,60,0,1,0,1,0,1
754,94,660,2,30,1,1,0
190,97,93,2,30,1,1,0
8363,1573,6790,24,49,14,10,0
62,62,0,1,0,1,0,1
199,102,97,2,30,1,1,0
183,94,89,2,30,1,1,0
70,70,0,1,0,1,0,1
168,94,74,2,30,1,1,0
183,94,89,2,30,1,1,0
70,70,0,1,5,1,0,0
174,89,85,2,31,1,1,0
62,62,0,1,0,1,0,1
62,62,0,1,0,1,0,1
481,150,331,2,1199,1,1,0
70,70,0,1,0,1,0,2
180,86,94,2,30,1,1,0
6673,2151,4522,27,125,13,14,0
18375,7252,11123,47,40,24,23,0
398,255,143,3,33,2,1,0
184,94,90,2,31,1,1,0
66,66,0,1,0,1,0,2
66,66,0,1,0,1,0,2
213,82,131,2,30,1,1,0
57535,3735,53800,70,122,26,44,0
70,70,0,1,0,1,0,2
213,102,111,2,30,1,1,0
60,60,0,1,0,1,0,1
126,60,66,3,11,2,1,0
70,70,0,2,7,2,0,0
62,62,0,1,0,1,0,1
146,146,0,1,0,1,0,1
1114,534,580,12,16,7,5,0
499,425,74,4,1,3,1,0
70,70,0,1,0,1,0,2
86,86,0,1,29,1,0,0
21620,7973,13647,112,488,57,55,0
490,264,226,8,32,5,3,0
186,95,91,2,31,1,1,0
70,70,0,1,0,1,0,2
70,70,0,1,0,1,0,2
481,150,331,2,1200,1,1,0
5233,3384,1849,21,62,11,10,0
70,70,0,1,0,1,0,2
502,380,122,7,19,5,2,0
60,60,0,1,5,1,0,0
66,66,0,1,0,1,0,1
70,70,0,1,0,1,0,2
70,70,0,1,0,1,0,2
177,94,83,2,29,1,1,0
7450,2503,4947,21,977,11,10,0
232,102,130,2,30,1,1,0
66,66,0,1,0,1,0,2
86,86,0,1,29,1,0,0
66,66,0,1,0,1,0,1
199,75,124,4,59,2,2,0
526,188,338,6,48,3,3,0
745,93,652,2,31,1,1,0
1115,534,581,12,15,7,5,0
183,94,89,2,29,1,1,0
70,70,0,1,0,1,0,2
62,62,0,1,0,1,0,1
9766,2050,7716,23,15,12,11,0
338,102,236,2,30,1,1,0
70,70,0,1,0,1,0,2
4247,699,3548,13,46,7,6,0
148,148,0,1,0,1,0,1
66,66,0,1,0,1,0,1
66,66,0,1,0,1,0,1
66,66,0,1,0,1,0,2
1786,172,1614,7,120,3,4,0
62,62,0,1,0,1,0,1
70,70,0,1,0,1,0,2
180,94,86,2,30,1,1,0
754,94,660,2,31,1,1,0
320,140,180,6,7,3,3,0
70,70,0,1,0,1,0,2
189,79,110,2,301,1,1,0
156,156,0,3,8,3,0,0
237,93,144,2,31,1,1,0
138,78,60,2,6,1,1,0
1743,1164,579,16,25,10,6,0
70,70,0,1,0,1,0,2
66,66,0,1,0,1,0,1
62,62,0,1,0,1,0,1
184,94,90,2,30,1,1,0
1748,716,1032,19,395,6,13,0
118508,4979,113529,128,135,48,80,0
70,70,0,1,0,1,0,2
145,145,0,1,0,1,0,1
70,70,0,2,7,2,0,0
822,102,720,2,30,1,1,0
66,66,0,1,0,1,0,1
66,66,0,1,0,1,0,1
5167,700,4467,16,15,7,9,0
70,70,0,1,0,1,0,2
66,66,0,1,0,1,0,1
2954,671,2283,12,15,7,5,0
70,70,0,1,0,1,0,2
314,192,122,6,15,4,2,0
258,110,148,2,30,1,1,0
66,66,0,1,0,1,0,2
66,66,0,1,0,1,0,1
70,70,0,1,0,1,0,2
214,110,104,2,30,1,1,0
7995,2096,5899,18,120,8,10,0
70,70,0,1,0,1,0,2
66,66,0,1,0,1,0,2
83,83,0,1,0,1,0,1
306,94,212,2,30,1,1,0
66,66,0,1,0,1,0,1
62,62,0,1,0,1,0,1
199,102,97,2,30,1,1,0
70,70,0,2,7,2,0,0
418,75,343,2,31,1,1,0
66,66,0,1,0,1,0,1
62,62,0,1,0,1,0,1
66,66,0,1,0,1,0,1
422,164,258,6,30,3,3,0
70,70,0,1,0,1,0,2
304294,8535,295759,302,132,90,212,0
209,110,99,2,30,1,1,0
66,66,0,1,0,1,0,1
70,70,0,1,0,1,0,2
1275,1275,0,1,0,1,0,1
240,98,142,2,30,1,1,0
14487990,289826,14198164,13259,54,3839,9420,0
198,102,96,2,31,1,1,0
70,70,0,1,0,1,0,2
70,70,0,1,0,1,0,2
177,94,83,2,30,1,1,0
66,66,0,1,0,1,0,2
62,62,0,1,0,1,0,1
2259313,91208,2168105,2847,1409,1118,1729,0
210,110,100,2,30,1,1,0
5695,505,5190,14,15,7,7,0
60,60,0,1,90,1,0,0
200,102,98,2,31,1,1,0
70,70,0,1,0,1,0,2
70,70,0,1,0,1,0,2
199,199,0,1,0,1,0,1
1804,884,920,12,49,6,6,0
66,66,0,1,0,1,0,1
109,109,0,1,0,1,0,1
70,70,0,1,0,1,0,2
200,102,98,2,30,1,1,0
5996,976,5020,19,72,10,9,0
177,94,83,2,30,1,1,0
70,70,0,1,0,1,0,2
450,246,204,8,29,5,3,0
66,66,0,1,0,1,0,1
216,110,106,2,31,1,1,0
66,66,0,1,0,1,0,1
21959,8954,13005,65,63,33,32,0
70,70,0,1,0,1,0,2
884,126,758,2,30,1,1,0
70,70,0,1,0,1,0,2
62,62,0,1,0,1,0,1
184,94,90,2,30,1,1,0
70,70,0,1,0,1,0,2
66,66,0,1,0,1,0,2
200,102,98,2,30,1,1,0
168,86,82,2,32,1,1,0
82430,3774,78656,108,67,49,59,0
66,66,0,1,0,1,0,2
6988,1214,5774,29,315,13,16,0
77506,2940,74566,100,80,38,62,0
2600,1396,1204,18,48,10,8,0
70,70,0,1,5,1,0,0
299,102,197,2,30,1,1,0
70,70,0,1,4,1,0,0
146,146,0,1,0,1,0,1
70,70,0,1,0,1,0,2
66,66,0,1,0,1,0,1
97,97,0,1,0,1,0,1
3947,2271,1676,22,140,13,9,0
62,62,0,1,0,1,0,1
70,70,0,1,0,1,0,2
224,86,138,2,29,1,1,0
196,100,96,2,31,1,1,0
183,94,89,2,30,1,1,0
66,66,0,1,0,1,0,2
62,62,0,1,0,1,0,1
184,86,98,2,30,1,1,0
182,93,89,2,30,1,1,0
66,66,0,1,0,1,0,2
196,102,94,2,30,1,1,0
11389,4837,6552,27,120,13,14,0
66,66,0,1,0,1,0,2
70,70,0,1,0,1,0,2
66,66,0,1,0,1,0,1
882,126,756,2,30,1,1,0
66,66,0,1,0,1,0,1
578,518,60,2,5,1,1,0
98,98,0,1,0,1,0,1
66,66,0,1,5,1,0,0
60,60,0,1,0,1,0,1
12237,2818,9419,27,26,14,13,0
701,88,613,2,30,1,1,0
26623,5756,20867,42,126,18,24,0
198,90,108,2,30,1,1,0
66,66,0,1,0,1,0,1
94,94,0,1,30,1,0,0
216,110,106,2,30,1,1,0
396,396,0,7,3615,7,0,0
86,86,0,1,31,1,0,0
183,94,89,2,30,1,1,0
7411,3022,4389,26,46,15,11,0
17387,9304,8083,30,56,19,11,0
62,62,0,1,0,1,0,1
104,104,0,1,30,1,0,0
306066,33556,272510,414,196,162,252,0
44984,28294,16690,77,40,40,37,0
1267,1267,0,1,0,1,0,1
196,100,96,2,31,1,1,0
62,62,0,1,0,1,0,1
66,66,0,1,0,1,0,1
70,70,0,1,0,1,0,2
378,192,186,7,41,4,3,0
66,66,0,1,0,1,0,1
70,70,0,1,0,1,0,2
161,161,0,2,1200,2,0,0
23751,3197,20554,42,170,19,23,0
183,94,89,2,30,1,1,0
9382,3057,6325,35,1220,17,18,0
183024,16754,166270,247,28,114,133,0
145,145,0,1,0,1,0,1
6062,1042,5020,20,55,11,9,0
70,70,0,1,0,1,0,2
1561,768,793,17,185,9,8,0
744,89,655,2,31,1,1,0
66,66,0,1,0,1,0,2
3020,1414,1606,30,118,16,14,0
16067,4838,11229,43,121,21,22,0
499,425,74,4,0,3,1,0
134631,7253,127378,176,171,79,97,0
66,66,0,1,0,1,0,1
519,166,353,2,1200,1,1,0
66,66,0,1,0,1,0,1
2549,1595,954,21,75,11,10,0
7072,1145,5927,20,105,12,8,0
468,149,319,2,1200,1,1,0
70,70,0,1,0,1,0,2
66,66,0,1,0,1,0,2
1217,594,623,16,1764,10,6,0
751,95,656,2,30,1,1,0
70,70,0,1,0,1,0,2
3910,1805,2105,20,19,12,8,0
60,60,0,1,0,1,0,1
66,66,0,1,0,1,0,2
1410,933,477,11,3600,6,5,0
194,87,107,2,30,1,1,0
1251,722,529,11,147,6,5,0
70,70,0,1,0,1,0,2
6141,949,5192,17,21,9,8,0
763,102,661,2,30,1,1,0
60,60,0,1,0,1,0,1
62,62,0,1,0,1,0,1
699554,16426,683128,701,95,244,457,0
238,118,120,2,1199,1,1,0
190,97,93,2,31,1,1,0
7201,1167,6034,16,131,8,8,0
70,70,0,1,0,1,0,2
738,86,652,2,31,1,1,0
1344,899,445,8,15,6,2,0
15659,3294,12365,60,114,25,35,0
62,62,0,1,0,1,0,1
66,66,0,1,0,1,0,1
217,87,130,2,30,1,1,0
62,62,0,1,0,1,0,1
6410,1610,4800,24,17,13,11,0
3105,1298,1807,20,16,10,10,0
353,118,235,2,30,1,1,0
199,102,97,2,30,1,1,0
217,87,130,2,31,1,1,0
70,70,0,1,0,1,0,2
9415,3998,5417,23,301,11,12,0
66,66,0,1,0,1,0,1
366,240,126,7,29,5,2,0
66,66,0,1,5,1,0,0
6032,1722,4310,22,117,13,9,0
176,90,86,2,30,1,1,0
166,86,80,2,29,1,1,0
146,146,0,1,0,1,0,1
60,60,0,1,0,1,0,1
70,70,0,1,0,1,0,2
167,86,81,2,31,1,1,0
66,66,0,1,5,1,0,0
188,96,92,2,31,1,1,0
337,110,227,2,30,1,1,0
66,66,0,1,0,1,0,2
66,66,0,1,0,1,0,1
7352,1790,5562,24,263,12,12,0
70,70,0,1,5,1,0,0
66,66,0,1,0,1,0,1
916,86,830,2,31,1,1,0
214,110,104,2,29,1,1,0
38395,6930,31465,56,30,27,29,0
184,94,90,2,30,1,1,0
177,94,83,2,29,1,1,0
70,70,0,1,5,1,0,0
70,70,0,1,0,1,0,2
66,66,0,1,0,1,0,2
230,136,94,4,14,3,1,0
2125,709,1416,11,16,5,6,0
1641,483,1158,10,15,5,5,0
884,126,758,2,31,1,1,0
62,62,0,1,0,1,0,1
486,240,246,9,35,5,4,0
62,62,0,1,0,1,0,1
62,62,0,1,0,1,0,1
14879,4981,9898,43,121,21,22,0
66,66,0,1,0,1,0,2
2339,1107,1232,11,21,6,5,0
153968,7663,146305,170,173,43,127,0
181,94,87,2,30,1,1,0
62,62,0,1,0,1,0,1
181,94,87,2,32,1,1,0
70,70,0,1,0,1,0,2
183,94,89,2,30,1,1,0
430,172,258,6,59,3,3,0
8725,3341,5384,25,136,12,13,0
70,70,0,1,0,1,0,2
70,70,0,1,5,1,0,0
154478,6934,147544,194,24,86,108,0
66,66,0,1,0,1,0,2
256802,11839,244963,329,173,136,193,0
423,102,321,2,30,1,1,0
66,66,0,1,0,1,0,1
70,70,0,1,0,1,0,2
182,94,88,2,30,1,1,0
62,62,0,1,0,1,0,1
66,66,0,1,0,1,0,2
145,145,0,1,0,1,0,1
1060654,45683,1014971,1265,176,560,705,0
62,62,0,1,0,1,0,1
491,150,341,2,1199,1,1,0
66,66,0,1,0,1,0,1
3999,905,3094,15,26,8,7,0
5167,700,4467,16,15,7,9,0
172,94,78,2,30,1,1,0
66,66,0,1,0,1,0,1
308,188,120,4,15,2,2,0
134,60,74,3,4,2,1,0
186,95,91,3,33,2,1,0
9685,2504,7181,26,153,11,15,0
644,90,554,2,30,1,1,0
3845,1814,2031,19,38,11,8,0
810,108,702,2,30,1,1,0
6270,4231,2039,22,16,11,11,0
193,102,91,2,30,1,1,0
4517,1610,2907,19,27,11,8,0
200,94,106,2,29,1,1,0
66,66,0,1,0,1,0,1
204,70,134,4,26,2,2,0
13372,7598,5774,29,555,18,11,0
66,66,0,1,0,1,0,2
749,94,655,2,30,1,1,0
1330,706,624,10,33,6,4,0
888,126,762,2,30,1,1,0
495,421,74,4,0,3,1,0
1582,883,699,18,32,10,8,0
2137,1258,879,11,150,6,5,0
969,86,883,2,30,1,1,0
177,94,83,2,30,1,1,0
1452,817,635,16,29,9,7,0
70,70,0,1,0,1,0,2
178,94,84,2,30,1,1,0
499,425,74,4,1,3,1,0
66,66,0,1,0,1,0,2
62,62,0,1,0,1,0,1
60,60,0,1,0,1,0,1
832,268,564,14,37,5,9,0
21086,2515,18571,42,25,21,21,0
306,212,94,3,29,2,1,0
62,62,0,1,0,1,0,1
197,102,95,2,30,1,1,0
173,94,79,2,30,1,1,0
179,94,85,2,30,1,1,0
66,66,0,2,8,2,0,0
235,90,145,2,33,1,1,0
70,70,0,1,0,1,0,2
193,102,91,2,31,1,1,0
66,66,0,1,0,1,0,2
1990,812,1178,9,15,5,4,0
70,70,0,1,0,1,0,2
196,102,94,2,30,1,1,0
216,82,134,2,32,1,1,0
146,146,0,1,0,1,0,1
104543,5227,99316,130,47,57,73,0
66,66,0,1,0,1,0,1
9698,3026,6672,54,618,27,27,0
3589,1251,2338,15,20,9,6,0
146,146,0,1,0,1,0,1
70,70,0,1,5,1,0,0
60,60,0,1,0,1,0,1
4695,2520,2175,22,19,13,9,0
62,62,0,1,0,1,0,1
176,90,86,2,30,1,1,0
245,245,0,2,30,2,0,0
7915,1926,5989,20,16,11,9,0
60,60,0,1,0,1,0,1
2106,1657,449,10,20,6,4,0
66,66,0,1,0,1,0,1
70,70,0,1,0,1,0,2
70,70,0,1,0,1,0,2
2477,1505,972,15,20,9,6,0
318,192,126,6,29,4,2,0
1341,657,684,8,30,4,4,0
1851,1222,629,16,27,10,6,0
1973,1021,952,10,15,6,4,0
238,99,139,2,30,1,1,0
220,78,142,2,30,1,1,0
2614,1689,925,18,20,10,8,0
453,186,267,6,30,3,3,0
2531,1416,1115,17,3600,8,9,0
66,66,0,1,0,1,0,2
7974,2716,5258,50,7261,26,24,0
70,70,0,1,4,1,0,0
879,462,417,2,600,1,1,0
229,89,140,2,31,1,1,0
62,62,0,1,0,1,0,1
711,87,624,2,30,1,1,0
6922156,117604,6804552,6122,50,1519,4603,0
235,90,145,2,32,1,1,0
70,70,0,1,0,1,0,2
2863,1501,1362,20,317,10,10,0
234,234,0,4,12,4,0,0
70,70,0,1,0,1,0,2
6857,1727,5130,23,316,13,10,0
193,102,91,2,30,1,1,0
70,70,0,1,0,1,0,2
12300,4454,7846,26,30,13,13,0
70,70,0,1,0,1,0,2
250,102,148,2,29,1,1,0
8220,849,7371,13,28,5,8,0
66,66,0,1,0,1,0,2
66,66,0,1,0,1,0,2
330,330,0,6,3609,6,0,0
70,70,0,1,0,1,0,2
66,66,0,1,0,1,0,2
244,244,0,2,0,2,0,0
168,86,82,2,30,1,1,0
62,62,0,1,0,1,0,1
412,97,315,4,58,2,2,0
66,66,0,1,0,1,0,1
6132,767,5365,17,26,9,8,0
70,70,0,1,0,1,0,2
72,72,0,1,0,1,0,1
130,70,60,2,5,1,1,0
1462,703,759,8,16,5,3,0
422,164,258,6,30,3,3,0
1778,1386,392,8,31,4,4,0
70,70,0,1,0,1,0,2
1011,232,779,6,55,3,3,0
70,70,0,1,0,1,0,2
210,94,116,2,30,1,1,0
70,70,0,1,0,1,0,2
281,98,183,4,57,2,2,0
66,66,0,1,0,1,0,2
10970,7709,3261,24,29,13,11,0
198,101,97,2,30,1,1,0
393,110,283,2,30,1,1,0
146,146,0,1,0,1,0,1
183,94,89,2,30,1,1,0
182,93,89,2,31,1,1,0
168,78,90,2,30,1,1,0
177,94,83,2,30,1,1,0
4215,2090,2125,15,16,8,7,0
70,70,0,1,0,1,0,2
193,102,91,2,31,1,1,0
78,78,0,1,0,1,0,1
7683,1817,5866,42,3089,15,27,0
146,146,0,1,0,1,0,1
70,70,0,1,0,1,0,2
450,246,204,8,30,5,3,0
160,70,90,2,8,1,1,0
194,102,92,2,31,1,1,0
868,150,718,4,1200,2,2,0
70,70,0,1,0,1,0,2
3072,696,2376,13,16,8,5,0
66,66,0,1,0,1,0,1
10091,2314,7777,33,17,18,15,0
72,72,0,1,0,1,0,1
199,102,97,2,30,1,1,0
62,62,0,1,0,1,0,1
767,102,665,2,30,1,1,0
118,118,0,1,1199,1,0,0
42086,9535,32551,48,21,19,29,0
4962,887,4075,15,28,9,6,0
8006,1986,6020,20,16,11,9,0
62,62,0,1,0,1,0,1
8670,1805,6865,28,26,15,13,0
62,62,0,1,0,1,0,1
199,102,97,2,30,1,1,0
116686,21822,94864,224,186,112,112,0
3871,1166,2705,13,136,6,7,0
70,70,0,1,0,1,0,2
70,70,0,1,0,1,0,2
66,66,0,1,0,1,0,2
199,102,97,2,30,1,1,0
70,70,0,1,0,1,0,2
36026,28458,7568,70,407,30,40,0
216,94,122,2,30,1,1,0
6568,2770,3798,20,121,10,10,0
343,163,180,6,15,3,3,0
146,146,0,1,0,1,0,1
386,102,284,2,30,1,1,0
316,136,180,6,7,3,3,0
14327,1918,12409,37,270,17,20,0
3282,781,2501,17,136,8,9,0
66,66,0,1,5,1,0,0
779,86,693,2,30,1,1,0
194,102,92,2,30,1,1,0
62,62,0,1,0,1,0,1
66,66,0,1,0,1,0,1
8698,1393,7305,22,16,12,10,0
70,70,0,1,0,1,0,2
7863,1874,5989,20,15,11,9,0
1251209,30056,1221153,1238,85,386,852,0
66,66,0,1,0,1,0,1
873,126,747,2,30,1,1,0
70,70,0,1,0,1,0,2
66,66,0,1,0,1,0,2
66,66,0,1,0,1,0,1
193,102,91,2,30,1,1,0
199,102,97,2,29,1,1,0
9525,6135,3390,24,120,13,11,0
8088,2191,5897,28,508,13,15,0
62,62,0,1,0,1,0,1
235,90,145,2,32,1,1,0
7318,1585,5733,24,50,14,10,0
70,70,0,1,0,1,0,2
70,70,0,1,0,1,0,2
199,102,97,2,30,1,1,0
214,140,74,4,41,3,1,0
195,102,93,2,30,1,1,0
256,102,154,2,30,1,1,0
6601,1120,5481,17,115,9,8,0
62,62,0,1,0,1,0,1
70,70,0,1,5,1,0,0
6453,1210,5243,14,24,8,6,0
3874,1587,2287,17,143,9,8,0
199,102,97,2,30,1,1,0
1766,1332,434,22,1200,15,7,0
66,66,0,1,0,1,0,2
5434,3724,1710,26,76,14,12,0
23955,4211,19744,42,46,21,21,0
70,70,0,2,8,2,0,0
70,70,0,2,8,2,0,0
277,98,179,4,36,2,2,0
156,156,0,2,0,2,0,1
66,66,0,1,0,1,0,1
66,66,0,1,0,1,0,1
182,93,89,2,31,1,1,0
26189,8238,17951,72,18,39,33,0
1987,1329,658,10,136,6,4,0
25223,13115,12108,63,116,33,30,0
4458,1336,3122,13,53,7,6,0
200,102,98,2,30,1,1,0
1773,924,849,6,30,3,3,0
62,62,0,1,0,1,0,1
70,70,0,1,4,1,0,0
1584,1584,0,25,1537,25,0,0
5465,2653,2812,28,169,14,14,0
66,66,0,1,0,1,0,2
190,97,93,2,30,1,1,0
70,70,0,1,0,1,0,2
70,70,0,1,0,1,0,2
4657,2146,2511,14,135,7,7,0
8034,2014,6020,20,15,11,9,0
876,126,750,2,31,1,1,0
62,62,0,1,0,1,0,1
78,78,0,1,0,1,0,1
499,425,74,4,0,3,1,0
855,126,729,2,30,1,1,0
177,91,86,3,38,2,1,0
229,89,140,2,31,1,1,0
70,70,0,1,0,1,0,2
10148,2203,7945,37,120,19,18,0
291,94,197,2,29,1,1,0
66,66,0,1,0,1,0,2
66,66,0,1,0,1,0,2
70,70,0,1,0,1,0,2
62,62,0,1,0,1,0,1
66,66,0,1,0,1,0,2
66,66,0,1,0,1,0,1
177,94,83,2,30,1,1,0
180,94,86,2,30,1,1,0
130,70,60,2,30,1,1,0
24764,4454,20310,30,88,12,18,0
184,94,90,2,31,1,1,0
886,126,760,2,30,1,1,0
176,90,86,2,31,1,1,0
70,70,0,1,0,1,0,2
62,62,0,1,0,1,0,1
198,102,96,2,31,1,1,0
711,87,624,2,30,1,1,0
4175264,89546,4085718,4141,532,1111,3030,0
62,62,0,1,0,1,0,1
366,240,126,7,32,5,2,0
146,146,0,1,0,1,0,1
70,70,0,1,0,1,0,2
3828,1516,2312,29,5271,18,11,0
146,146,0,1,0,1,0,1
195,94,101,2,31,1,1,0
156,156,0,1,0,1,0,1
1686,984,702,15,32,8,7,0
66,66,0,1,0,1,0,2
66,66,0,1,0,1,0,2
66,66,0,1,0,1,0,2
70,70,0,1,4,1,0,0
5685,1179,4506,18,29,10,8,0
70,70,0,1,0,1,0,2
146,146,0,1,0,1,0,1
60,60,0,1,0,1,0,1
62,62,0,1,0,1,0,1
70,70,0,1,0,1,0,2
8235,2076,6159,24,330,11,13,0
3538,701,2837,11,20,6,5,0
70,70,0,1,0,1,0,2
253281,6271,247010,276,117,66,210,0
198,90,108,2,30,1,1,0
62,62,0,1,0,1,0,1
66,66,0,1,0,1,0,1
66,66,0,1,0,1,0,1
178,91,87,2,31,1,1,0
66,66,0,1,0,1,0,1
84306,6712,77594,156,236,58,98,0
214,102,112,2,29,1,1,0
70,70,0,1,0,1,0,2
2979,914,2065,10,120,5,5,0
146,146,0,1,0,1,0,1
66,66,0,2,8,2,0,0
8057,2037,6020,20,15,11,9,0
70,70,0,1,0,1,0,2
4354,2166,2188,14,136,7,7,0
31286,2032,29254,50,30,26,24,0
306,94,212,2,30,1,1,0
461,91,370,4,60,2,2,0
1190,591,599,8,15,5,3,0
604924,37384,567540,846,154,315,531,0
66,66,0,1,0,1,0,2
62,62,0,1,0,1,0,1
62,62,0,1,0,1,0,1
199,102,97,2,30,1,1,0
70,70,0,1,0,1,0,2
177,94,83,2,29,1,1,0
196,102,94,2,30,1,1,0
66,66,0,1,0,1,0,1
738,318,420,12,163,5,7,0
323,110,213,2,30,1,1,0
1786,172,1614,7,120,3,4,0
116577,6817,109760,137,62,54,83,0
66,66,0,1,0,1,0,1
193,102,91,2,30,1,1,0
25519,7061,18458,37,16,20,17,0
7576,1897,5679,23,136,13,10,0
70,70,0,1,0,1,0,2
179,94,85,2,29,1,1,0
70,70,0,1,0,1,0,2
226,78,148,2,30,1,1,0
145,145,0,1,0,1,0,1
6967,765,6202,15,16,7,8,0
66,66,0,1,0,1,0,2
148,86,62,2,31,1,1,0
60,60,0,1,0,1,0,1
84558,3469,81089,94,16,34,60,0
348,105,243,4,45,2,2,0
70,70,0,1,0,1,0,2
70,70,0,1,0,1,0,2
62,62,0,1,0,1,0,1
168,78,90,2,30,1,1,0
70,70,0,1,0,1,0,2
66,66,0,1,0,1,0,1
70,70,0,1,0,1,0,2
210,94,116,2,30,1,1,0
760,97,663,2,30,1,1,0
7902,1565,6337,20,150,9,11,0
70,70,0,1,0,1,0,2
70,70,0,1,0,1,0,2
6045,1834,4211,21,82,10,11,0
60,60,0,1,0,1,0,1
3364,1737,1627,15,360,8,7,0
11111,1014,10097,24,37,10,14,0
1114,534,580,12,16,7,5,0
5713,1079,4634,15,26,8,7,0
62,62,0,1,0,1,0,1
62,62,0,1,0,1,0,1
261,89,172,4,32,2,2,0
715,94,621,2,29,1,1,0
62,62,0,1,0,1,0,1
509,150,359,2,1200,1,1,0
146,146,0,1,0,1,0,1
2736,1992,744,37,1580,25,12,0
71,71,0,1,0,1,0,1
62,62,0,1,0,1,0,1
8732,2438,6294,23,36,11,12,0
66,66,0,1,0,1,0,2
499,425,74,4,0,3,1,0
66,66,0,1,0,1,0,1
66,66,0,1,0,1,0,1
66,66,0,1,0,1,0,2
225,110,115,2,30,1,1,0
70,70,0,1,0,1,0,2
70,70,0,1,0,1,0,2
6271,1354,4917,25,113,14,11,0
146,146,0,1,0,1,0,1
182,60,122,4,29,2,2,0
5306,1619,3687,20,29,12,8,0
892,126,766,2,30,1,1,0
1130,613,517,11,15,6,5,0
5973,779,5194,17,16,9,8,0
2765,1835,930,14,21,8,6,0
1122,682,440,11,15,6,5,0
5911,1666,4245,27,18,15,12,0
182,93,89,2,31,1,1,0
196,102,94,2,31,1,1,0
146,146,0,1,0,1,0,1
9519,4377,5142,33,354,17,16,0
146,146,0,1,0,1,0,1
168,78,90,2,30,1,1,0
66,66,0,1,0,1,0,2
66,66,0,1,0,1,0,1
66,66,0,1,0,1,0,1
4652,1745,2907,19,28,11,8,0
214,110,104,2,30,1,1,0
214,110,104,2,30,1,1,0
14603,4208,10395,39,48,20,19,0
62,62,0,1,0,1,0,1
12306,2097,10209,31,360,15,16,0
70,70,0,1,0,1,0,2
66,66,0,1,0,1,0,1
193,102,91,2,30,1,1,0
70,70,0,1,0,1,0,2
66,66,0,1,0,1,0,2
492,306,186,8,16,5,3,0
62,62,0,1,0,1,0,1
62,62,0,1,0,1,0,1
70,70,0,1,0,1,0,2
212,102,110,2,30,1,1,0
3025,1958,1067,26,49,14,12,0
301,108,193,4,54,2,2,0
115031,5628,109403,143,104,55,88,0
70,70,0,2,8,2,0,0
11343,3864,7479,22,21,11,11,0
177,94,83,2,30,1,1,0
214,140,74,4,15,3,1,0
1806,1806,0,22,224,22,0,0
66,66,0,1,0,1,0,2
145,145,0,1,0,1,0,1
66,66,0,1,0,1,0,1
1454,866,588,11,58,7,4,0
62,62,0,1,0,1,0,1
66,66,0,1,0,1,0,2
66,66,0,1,0,1,0,1
560,280,280,9,30,5,4,0
234,234,0,4,12,4,0,0
8189,3146,5043,26,30,14,12,0
170,87,83,2,30,1,1,0
146,146,0,1,0,1,0,1
62,62,0,1,0,1,0,1
70,70,0,1,0,1,0,2
66,66,0,1,0,1,0,2
199,102,97,2,29,1,1,0
216,94,122,2,29,1,1,0
249,85,164,4,55,2,2,0
27629,9041,18588,88,271,46,42,0
170,87,83,2,31,1,1,0
840,420,420,14,39,7,7,0
2913,633,2280,15,15,8,7,0
70,70,0,2,8,2,0,0
330,330,0,6,3609,6,0,0
3407,1518,1889,16,16,9,7,0
70,70,0,1,0,1,0,2
8006,1986,6020,20,15,11,9,0
70,70,0,1,0,1,0,2
185,102,83,2,30,1,1,0
373,126,247,2,30,1,1,0
62,62,0,1,0,1,0,1
168,86,82,2,30,1,1,0
4013,2840,1173,23,27,13,10,0
70,70,0,1,0,1,0,2
320,140,180,6,6,3,3,0
66,66,0,1,0,1,0,2
4370,1148,3222,17,26,9,8,0
66,66,0,1,0,1,0,1
66,66,0,1,0,1,0,1
66,66,0,1,0,1,0,2
228,118,110,2,1199,1,1,0
70,70,0,1,0,1,0,2
376,126,250,2,30,1,1,0
70,70,0,1,0,1,0,2
177,94,83,2,31,1,1,0
60483,25857,34626,136,47,63,73,0
316,136,180,6,6,3,3,0
170,87,83,2,31,1,1,0
70,70,0,1,0,1,0,2
279,110,169,2,30,1,1,0
214,140,74,4,15,3,1,0
66,66,0,2,7,2,0,0
185,102,83,2,31,1,1,0
70,70,0,1,0,1,0,2
244,94,150,2,30,1,1,0
66,66,0,1,0,1,0,2
62,62,0,1,0,1,0,1
210,110,100,2,29,1,1,0
6058,1037,5021,20,54,11,9,0
193,102,91,2,31,1,1,0
86,86,0,1,30,1,0,0
11488,7258,4230,47,122,27,20,0
1462,916,546,13,34,7,6,0
70,70,0,1,0,1,0,2
70,70,0,1,0,1,0,2
70,70,0,1,0,1,0,2
168,86,82,3,44,2,1,0
193,102,91,2,31,1,1,0
235,90,145,2,33,1,1,0
8264,1910,6354,21,361,10,11,0
70,70,0,1,0,1,0,2
70,70,0,1,0,1,0,2
60,60,0,1,0,1,0,1
66,66,0,1,0,1,0,1
3498,1872,1626,48,195,24,24,0
70,70,0,2,8,2,0,0
66,66,0,1,0,1,0,1
62,62,0,1,0,1,0,1
5670,3091,2579,16,121,8,8,0
188,80,108,2,31,1,1,0
62,62,0,1,0,1,0,1
66,66,0,2,8,2,0,0
1914,1465,449,10,19,6,4,0
103144,2997,100147,114,16,36,78,0
1128432,47396,1081036,1242,142,458,784,0
216,110,106,2,29,1,1,0
209,102,107,2,30,1,1,0
66,66,0,1,0,1,0,1
202,103,99,2,31,1,1,0
277,110,167,2,30,1,1,0
70,70,0,1,0,1,0,2
3354,1792,1562,46,195,23,23,0
216,110,106,2,31,1,1,0
66,66,0,1,0,1,0,2
31087,1654,29433,42,16,18,24,0
7226,844,6382,19,50,9,10,0
195,102,93,2,30,1,1,0
6903,1185,5718,26,255,12,14,0
8060,2166,5894,23,255,12,11,0
70,70,0,1,0,1,0,2
70,70,0,1,0,1,0,2
97,97,0,1,0,1,0,1
62,62,0,1,0,1,0,1
66,66,0,1,0,1,0,2
5474,2239,3235,31,80,14,17,0
366,240,126,7,32,5,2,0
66,66,0,1,0,1,0,1
190,97,93,2,31,1,1,0
21212,14546,6666,43,362,24,19,0
186,95,91,2,30,1,1,0
2481,529,1952,11,75,6,5,0
450,246,204,8,142,5,3,0
66,66,0,1,0,1,0,2
62,62,0,1,0,1,0,1
63724,45783,17941,171,123,85,86,0
210,94,116,2,30,1,1,0
70,70,0,1,0,1,0,2
8351,2366,5985,41,185,20,21,0
66,66,0,1,0,1,0,1
62,62,0,1,0,1,0,1
81295,4140,77155,114,117,42,72,0
66,66,0,1,0,1,0,1
156,156,0,2,0,2,0,0
27013,3578,23435,36,21,15,21,0
70,70,0,1,0,1,0,2
148,86,62,2,29,1,1,0
66,66,0,1,0,1,0,1
16199,7657,8542,58,127,28,30,0
62,62,0,1,0,1,0,1
66,66,0,1,0,1,0,1
70,70,0,1,0,1,0,2
231,111,120,2,1200,1,1,0
15453,3281,12172,29,140,16,13,0
10057,1887,8170,23,126,12,11,0
66,66,0,1,0,1,0,2
168,78,90,2,29,1,1,0
891,126,765,2,31,1,1,0
66,66,0,1,0,1,0,1
66,66,0,1,0,1,0,2
571,166,405,2,30,1,1,0
66,66,0,1,0,1,0,1
5084,969,4115,18,32,10,8,0
62,62,0,1,0,1,0,1
1638,1324,314,10,15,5,5,0
378,180,198,7,53,4,3,0
70,70,0,1,0,1,0,2
146,146,0,1,0,1,0,1
62,62,0,1,0,1,0,1
62,62,0,1,0,1,0,1
378,192,186,7,19,4,3,0
330,330,0,6,1199,6,0,0
66,66,0,1,0,1,0,2
193,102,91,2,31,1,1,0
170,87,83,2,31,1,1,0
114697,3049,111648,114,26,35,79,0
821,102,719,2,30,1,1,0
66,66,0,1,0,1,0,2
66,66,0,1,0,1,0,1
711,87,624,2,30,1,1,0
3572,2746,826,14,15,8,6,0
170,87,83,2,30,1,1,0
146,146,0,1,0,1,0,1
66,66,0,1,0,1,0,2
499,425,74,4,0,3,1,0
66,66,0,1,0,1,0,1
66,66,0,1,0,1,0,2
70,70,0,1,5,1,0,0
212,98,114,2,30,1,1,0
66,66,0,1,0,1,0,1
66,66,0,1,0,1,0,2
66,66,0,1,0,1,0,1
70,70,0,1,0,1,0,2
60,60,0,1,0,1,0,1
9695,4412,5283,22,172,13,9,0
3287,2072,1215,12,30,6,6,0
5013,968,4045,20,87,11,9,0
7310,967,6343,18,25,10,8,0
145,145,0,1,0,1,0,1
168,86,82,2,36,1,1,0
62,62,0,1,0,1,0,1
177,94,83,2,30,1,1,0
70,70,0,1,0,1,0,2
10889,1117,9772,22,16,12,10,0
60,60,0,1,0,1,0,1
70,70,0,1,0,1,0,2
138,69,69,2,30,1,1,0
70,70,0,1,5,1,0,0
214,110,104,2,30,1,1,0
62,62,0,1,0,1,0,1
60,60,0,1,0,1,0,1
442,250,192,8,44,5,3,0
124,60,64,2,5,1,1,0
62,62,0,1,0,1,0,1
70,70,0,1,0,1,0,2
240,98,142,2,30,1,1,0
60,60,0,1,0,1,0,1
210,102,108,2,30,1,1,0
3474,2349,1125,29,3438,17,12,0
6377,703,5674,13,15,6,7,0
62,62,0,1,0,1,0,1
216,110,106,2,30,1,1,0
70,70,0,1,0,1,0,2
66,66,0,1,0,1,0,2
3721,1173,2548,18,20,11,7,0
323437,18923,304514,544,252,276,268,0
3156,1011,2145,16,16,8,8,0
230,78,152,2,30,1,1,0
2042,1022,1020,17,80,9,8,0
177,94,83,2,30,1,1,0
66,66,0,1,0,1,0,2
66,66,0,1,0,1,0,1
234,234,0,4,12,4,0,0
66,66,0,1,0,1,0,1
66,66,0,1,0,1,0,2
70,70,0,1,0,1,0,2
479444,14906,464538,489,62,173,316,0
184,94,90,2,29,1,1,0
130,70,60,2,5,1,1,0
19547,2951,16596,42,82,21,21,0
304,94,210,2,30,1,1,0
86,86,0,1,30,1,0,0
70,70,0,1,4,1,0,0
5619,927,4692,17,15,10,7,0
212,108,104,2,31,1,1,0
13034,3324,9710,35,120,15,20,0
499,425,74,4,0,3,1,0
62,62,0,1,0,1,0,1
825,99,726,2,30,1,1,0
817,98,719,2,31,1,1,0
62,62,0,1,0,1,0,1
168,78,90,2,30,1,1,0
66,66,0,1,0,1,0,1
78,78,0,1,30,1,0,0
5647,2402,3245,26,159,14,12,0
178,118,60,2,15,1,1,0
156,156,0,3,8,3,0,0
98,98,0,1,0,1,0,1
216,110,106,2,30,1,1,0
66,66,0,1,0,1,0,1
12494,5331,7163,48,122,21,27,0
70,70,0,1,0,1,0,2
216,110,106,2,30,1,1,0
720,94,626,2,30,1,1,0
70,70,0,1,0,1,0,2
5689,1015,4674,16,45,8,8,0
745,93,652,2,30,1,1,0
196,102,94,2,29,1,1,0
5241,2026,3215,50,6660,18,32,0
146,146,0,1,0,1,0,1
8760,3693,5067,20,90,12,8,0
312,140,172,4,30,2,2,0
5885,3796,2089,16,30,10,6,0
70,70,0,1,0,1,0,2
354,102,252,2,30,1,1,0
9330,2410,6920,25,81,13,12,0
278,78,200,2,31,1,1,0
6260,696,5564,17,16,9,8,0
810,413,397,7,19,5,2,0
66,66,0,1,0,1,0,1
4266,1768,2498,18,121,8,10,0
253,118,135,2,1200,1,1,0
225,102,123,2,30,1,1,0
83444,15305,68139,121,148,51,70,0
192,98,94,2,31,1,1,0
146,146,0,1,0,1,0,1
60,60,0,1,0,1,0,1
213,102,111,2,30,1,1,0
70,70,0,1,0,1,0,2
184,94,90,2,31,1,1,0
62,62,0,1,0,1,0,1
70,70,0,1,0,1,0,2
12281469,369857,11911612,13837,31,5536,8301,0
11558,3964,7594,37,17,15,22,0
491,115,376,2,31,1,1,0
62,62,0,1,0,1,0,1
6353,1075,5278,18,33,10,8,0
60,60,0,1,0,1,0,1
3039,1089,1950,9,120,5,4,0
13999,3478,10521,33,134,15,18,0
62,62,0,1,0,1,0,1
24703,16382,8321,49,21,28,21,0
70,70,0,1,0,1,0,2
57497,913,56584,52,75,11,41,0
66,66,0,1,0,1,0,2
8602,1050,7552,16,120,7,9,0
132,132,0,3,1200,3,0,0
164,86,78,2,29,1,1,0
5879,870,5009,18,53,9,9,0
70,70,0,1,0,1,0,2
5502,1543,3959,17,20,9,8,0
70,70,0,1,0,1,0,2
146,146,0,1,0,1,0,1
1306,557,749,10,25,6,4,0
228,118,110,2,1199,1,1,0
146,146,0,1,0,1,0,1
1253,716,537,12,23,7,5,0
70,70,0,1,0,1,0,2
211,110,101,2,30,1,1,0
280,214,66,2,29,1,1,0
70,70,0,1,0,1,0,2
17188,1559,15629,25,31,10,15,0
66,66,0,1,0,1,0,2
183,94,89,2,29,1,1,0
161,161,0,2,1199,2,0,0
4518,1784,2734,30,23,15,15,0
320,320,0,6,1200,6,0,0
70,70,0,1,0,1,0,2
62,62,0,1,0,1,0,1
70,70,0,1,0,1,0,2
66,66,0,1,0,1,0,2
172,88,84,2,31,1,1,0
70,70,0,1,0,1,0,2
62,62,0,1,0,1,0,1
7298,2661,4637,21,17,11,10,0
1462,965,497,13,18,7,6,0
177,94,83,2,30,1,1,0
168,78,90,2,30,1,1,0
224,78,146,2,30,1,1,0
371,94,277,2,30,1,1,0
70,70,0,1,0,1,0,1
66,66,0,1,0,1,0,1
2970,1793,1177,20,15,12,8,0
66,66,0,1,0,1,0,2
70,70,0,1,0,1,0,2
398,93,305,4,45,2,2,0
66,66,0,1,0,1,0,1
26154,6874,19280,35,17,16,19,0
70,70,0,1,0,1,0,2
194259,7011,187248,211,39,80,131,0
66,66,0,1,0,1,0,2
66,66,0,1,0,1,0,2
70,70,0,1,0,1,0,2
4756,1849,2907,19,27,11,8,0
9597,2488,7109,32,287,16,16,0
70,70,0,1,0,1,0,2
62,62,0,1,0,1,0,1
62,62,0,1,0,1,0,1
66,66,0,1,0,1,0,1
66,66,0,1,0,1,0,2
66,66,0,1,0,1,0,2
66,66,0,1,0,1,0,2
70,70,0,1,0,1,0,2
6256,1871,4385,20,45,12,8,0
312,78,234,2,29,1,1,0
200,102,98,2,30,1,1,0
4213,2429,1784,18,31,9,9,0
8519,1687,6832,29,17,16,13,0
62,62,0,1,0,1,0,1
66,66,0,1,0,1,0,2
66,66,0,1,0,1,0,2
66,66,0,1,0,1,0,2
711,87,624,2,30,1,1,0
70,70,0,1,0,1,0,2
66,66,0,1,0,1,0,1
214,110,104,2,30,1,1,0
70,70,0,1,0,1,0,2
66,66,0,1,0,1,0,1
70,70,0,1,0,1,0,2
252,70,182,3,120,1,2,0
62,62,0,1,0,1,0,1
62,62,0,1,0,1,0,1
696,413,283,7,15,5,2,0
70,70,0,1,0,1,0,2
146,146,0,1,0,1,0,1
66,66,0,1,0,1,0,1
198,93,105,2,30,1,1,0
278027,5087,272940,288,22,76,212,0
74,74,0,1,0,1,0,1
196,94,102,2,29,1,1,0
62,62,0,1,0,1,0,1
78,78,0,1,30,1,0,0
251,71,180,2,31,1,1,0
6438,2599,3839,21,144,10,11,0
479,152,327,2,1200,1,1,0
322,118,204,2,30,1,1,0
60,60,0,1,0,1,0,1
268,94,174,2,30,1,1,0
1160,392,768,10,66,5,5,0
762,97,665,2,31,1,1,0
4435,2482,1953,10,121,6,4,0
8058,2038,6020,20,15,11,9,0
70,70,0,2,8,2,0,0
66,66,0,1,0,1,0,1
66,66,0,1,0,1,0,2
145,145,0,1,0,1,0,1
62,62,0,1,0,1,0,1
730,102,628,2,30,1,1,0
132,132,0,3,1200,3,0,0
66,66,0,1,0,1,0,1
60,60,0,1,0,1,0,1
193,102,91,2,30,1,1,0
82,82,0,1,0,1,0,1
145,145,0,1,0,1,0,1
9219616,105865,9113751,7687,120,1487,6200,0
86,86,0,1,30,1,0,0
7828,2313,5515,31,64,17,14,0
70,70,0,1,0,1,0,2
1514,1514,0,1,0,1,0,1
356,60,296,6,18,2,4,0
200,102,98,2,30,1,1,0
70,70,0,1,0,1,0,2
70,70,0,2,8,2,0,0
62,62,0,1,0,1,0,1
66,66,0,1,0,1,0,2
62,62,0,1,0,1,0,1
815,95,720,2,31,1,1,0
62,62,0,1,0,1,0,1
62,62,0,1,0,1,0,1
60,60,0,1,0,1,0,1
66,66,0,1,0,1,0,2
1724,916,808,17,128,7,10,0
70,70,0,1,0,1,0,2
62,62,0,1,0,1,0,1
62,62,0,1,0,1,0,1
3606,2572,1034,14,151,8,6,0
70,70,0,1,0,1,0,2
416,210,206,7,26,4,3,0
177,94,83,2,30,1,1,0
70,70,0,1,0,1,0,2
62,62,0,1,0,1,0,1
598,598,0,8,41,8,0,0
250076,10158,239918,315,24,146,169,0
62,62,0,1,0,1,0,1
70,70,0,1,0,1,0,2
2408,1466,942,10,124,6,4,0
66,66,0,1,0,1,0,1
53756,46525,7231,82,275,51,31,0
215,80,135,2,33,1,1,0
6397,947,5450,15,18,8,7,0
287,102,185,2,30,1,1,0
12597,6029,6568,36,267,15,21,0
70,70,0,1,0,1,0,2
183,94,89,2,30,1,1,0
66,66,0,1,0,1,0,2
322,134,188,2,30,1,1,0
66,66,0,1,0,1,0,2
14555,5048,9507,82,134,33,49,0
167,86,81,2,30,1,1,0
216,110,106,2,30,1,1,0
72,72,0,1,0,1,0,1
70,70,0,1,0,1,0,2
60,60,0,1,91,1,0,0
70,70,0,1,5,1,0,0
216,90,126,2,30,1,1,0
6910,3381,3529,50,323,26,24,0
498,93,405,4,47,2,2,0
70,70,0,1,0,1,0,2
62,62,0,1,0,1,0,1
518,185,333,6,60,3,3,0
5768,3426,2342,22,135,11,11,0
70,70,0,1,0,1,0,2
186,102,84,2,30,1,1,0
450,246,204,8,25,5,3,0
60,60,0,1,0,1,0,1
362,240,122,7,25,5,2,0
70,70,0,1,0,1,0,2
571,166,405,2,29,1,1,0
5394,2785,2609,14,134,7,7,0
66,66,0,1,0,1,0,1
62,62,0,1,0,1,0,1
66,66,0,1,0,1,0,1
60,60,0,1,0,1,0,1
459,149,310,2,1200,1,1,0
62,62,0,1,0,1,0,1
66,66,0,1,0,1,0,1
60,60,0,1,0,1,0,1
177,94,83,2,31,1,1,0
70,70,0,1,5,1,0,0
70,70,0,1,0,1,0,2
70,70,0,1,0,1,0,2
70,70,0,1,0,1,0,2
82,82,0,1,30,1,0,0
9043,5948,3095,31,121,15,16,0
480,149,331,2,1200,1,1,0
60,60,0,1,0,1,0,1
499,425,74,4,0,3,1,0
330,330,0,6,3609,6,0,0
199,102,97,2,31,1,1,0
62,62,0,1,0,1,0,1
168,78,90,2,29,1,1,0
57649,2489,55160,66,69,23,43,0
198,101,97,2,30,1,1,0
166,86,80,2,30,1,1,0
268,87,181,4,35,2,2,0
66,66,0,1,0,1,0,1
9592,2361,7231,25,15,14,11,0
70,70,0,1,0,1,0,2
66,66,0,1,0,1,0,1
168,86,82,2,30,1,1,0
66,66,0,1,0,1,0,2
2064,1287,777,16,139,9,7,0
70,70,0,1,0,1,0,2
4590,575,4015,14,28,6,8,0
130,70,60,2,5,1,1,0
2936,1546,1390,17,70,10,7,0
33774,1880,31894,58,195,19,39,0
66,66,0,1,0,1,0,1
66,66,0,1,0,1,0,1
20532,14664,5868,47,75,24,23,0
8034,2584,5450,39,16,23,16,0
57778,2562,55216,73,200,29,44,0
5476,3102,2374,42,132,23,19,0
62,62,0,1,0,1,0,1
66,66,0,1,0,1,0,1
66,66,0,1,0,1,0,2
184,94,90,2,30,1,1,0
733,93,640,2,31,1,1,0
10396,4585,5811,38,54,21,17,0
66,66,0,1,0,1,0,2
220,78,142,2,30,1,1,0
7877,1888,5989,20,15,11,9,0
1043,556,487,10,16,6,4,0
156,94,62,2,30,1,1,0
66,66,0,1,0,1,0,2
320,140,180,6,5,3,3,0
240,98,142,2,29,1,1,0
66,66,0,1,0,1,0,1
6720,1166,5554,22,360,11,11,0
211,102,109,2,30,1,1,0
62,62,0,1,0,1,0,1
196,102,94,2,30,1,1,0
24712,9272,15440,65,136,34,31,0
146,146,0,1,0,1,0,1
459,149,310,2,1200,1,1,0
209,110,99,2,30,1,1,0
5399,2711,2688,13,120,7,6,0
662,600,62,12,495,11,1,0
221,75,146,2,30,1,1,0
781,94,687,2,30,1,1,0
5975,2713,3262,24,125,12,12,0
90387,4941,85446,123,170,54,69,0
60,60,0,1,0,1,0,1
62,62,0,1,0,1,0,1
178,94,84,2,29,1,1,0
78335,7114,71221,114,22,60,54,0
60,60,0,1,0,1,0,1
66,66,0,1,0,1,0,1
701,88,613,2,30,1,1,0
70,70,0,1,0,1,0,2
193,102,91,2,30,1,1,0
66,66,0,1,0,1,0,1
100,100,0,1,0,1,0,1
195,102,93,2,30,1,1,0
1417,96,1321,4,30,2,2,0
8859,1662,7197,26,75,14,12,0
66,66,0,1,0,1,0,2
66,66,0,1,0,1,0,1
169,169,0,2,90,2,0,0
66,66,0,1,0,1,0,1
62,62,0,1,0,1,0,1
66,66,0,1,0,1,0,2
199,94,105,2,29,1,1,0
313,83,230,4,54,2,2,0
499,425,74,4,0,3,1,0
325,98,227,4,40,2,2,0
7776,2266,5510,17,35,9,8,0
66,66,0,1,0,1,0,1
2387,979,1408,15,36,6,9,0
70,70,0,2,8,2,0,0
3429,1679,1750,14,22,8,6,0
70,70,0,1,0,1,0,2
7036547,93047,6943500,5816,186,995,4821,0
7746,2015,5731,29,15,16,13,0
66,66,0,1,0,1,0,1
15752,5736,10016,28,30,14,14,0
70,70,0,1,0,1,0,2
148,148,0,1,0,1,0,1
1373,734,639,17,125,10,7,0
66,66,0,1,0,1,0,1
66,66,0,1,0,1,0,1
7372,1764,5608,27,547,15,12,0
70,70,0,1,0,1,0,2
3566,871,2695,11,120,5,6,0
66,66,0,1,0,1,0,1
298,101,197,4,31,2,2,0
62,62,0,1,0,1,0,1
70,70,0,1,0,1,0,2
66,66,0,1,0,1,0,2
70,70,0,1,5,1,0,0
165,86,79,2,30,1,1,0
182,93,89,2,31,1,1,0
70,70,0,1,0,1,0,2
3354,1792,1562,46,194,23,23,0
448,166,282,2,30,1,1,0
78,78,0,1,0,1,0,1
70,70,0,1,0,1,0,2
62,62,0,1,0,1,0,1
66,66,0,1,0,1,0,2
66,66,0,1,0,1,0,1
74,74,0,1,0,1,0,1
70,70,0,2,8,2,0,0
66,66,0,1,0,1,0,2
177,94,83,2,29,1,1,0
66,66,0,1,0,1,0,1
103631,2766,100865,110,39,38,72,0
196,102,94,2,30,1,1,0
5241,860,4381,17,15,9,8,0
337,110,227,2,30,1,1,0
374,192,182,7,61,4,3,0
70,70,0,1,0,1,0,2
70,70,0,1,0,1,0,2
62,62,0,1,0,1,0,1
318,192,126,6,37,4,2,0
66324,17448,48876,86,331,39,47,0
819,102,717,2,30,1,1,0
41921,15385,26536,69,34,37,32,0
213,81,132,2,30,1,1,0
1726,940,786,8,51,5,3,0
728,462,266,2,30,1,1,0
226,110,116,2,30,1,1,0
62,62,0,1,0,1,0,1
5578,764,4814,14,15,8,6,0
3483,1578,1905,17,186,10,7,0
368,86,282,2,30,1,1,0
66,66,0,1,0,1,0,1
66,66,0,1,0,1,0,1
9621,2347,7274,24,78,12,12,0
66,66,0,1,0,1,0,1
70,70,0,1,0,1,0,2
493152,13222,479930,509,19,184,325,0
8398,1552,6846,27,50,14,13,0
443,182,261,6,30,3,3,0
177,94,83,2,29,1,1,0
70,70,0,1,5,1,0,0
3648,1080,2568,18,135,8,10,0
70,70,0,2,8,2,0,0
205,86,119,2,29,1,1,0
1488,930,558,21,1200,12,9,0
66,66,0,1,0,1,0,2
199,102,97,2,30,1,1,0
4414,993,3421,14,25,6,8,0
70,70,0,2,8,2,0,0
3285,2009,1276,26,150,16,10,0
8205,2989,5216,42,115,21,21,0
62,62,0,1,0,1,0,1
62,62,0,1,0,1,0,1
177,94,83,2,30,1,1,0
212,102,110,2,29,1,1,0
771,102,669,2,30,1,1,0
199,94,105,2,30,1,1,0
66,66,0,1,0,1,0,2
182,93,89,2,30,1,1,0
66,66,0,1,0,1,0,2
70,70,0,1,0,1,0,2
8507,4462,4045,27,141,14,13,0
62,62,0,1,0,1,0,1
3307,937,2370,17,16,10,7,0
70,70,0,1,0,1,0,2
193,102,91,2,30,1,1,0
168,86,82,2,30,1,1,0
7705,2005,5700,26,120,13,13,0
184,94,90,2,29,1,1,0
178,94,84,2,30,1,1,0
234,234,0,4,12,4,0,0
66,66,0,1,0,1,0,1
66,66,0,1,0,1,0,2
91414,11700,79714,174,59,65,109,0
13520,2288,11232,43,192,19,24,0
199,94,105,2,30,1,1,0
193,102,91,2,30,1,1,0
7118,2239,4879,22,15,12,10,0
66,66,0,1,0,1,0,1
70,70,0,1,0,1,0,2
1936,1085,851,9,15,5,4,0
8789,1592,7197,25,75,13,12,0
884,126,758,2,30,1,1,0
212,102,110,2,30,1,1,0
199,102,97,2,30,1,1,0
212,102,110,2,30,1,1,0
229,89,140,2,31,1,1,0
178,94,84,2,30,1,1,0
218,90,128,2,30,1,1,0
90241,3033,87208,89,16,24,65,0
1607664,53945,1553719,1792,39,700,1092,0
70,70,0,1,0,1,0,2
244,71,173,2,30,1,1,0
5168,700,4468,16,16,7,9,0
1360,900,460,10,515,6,4,0
211,102,109,2,30,1,1,0
134,60,74,3,6,2,1,0
1431,783,648,10,75,6,4,0
259,110,149,2,30,1,1,0
278312,9722,268590,323,61,135,188,0
188,96,92,2,30,1,1,0
66,66,0,1,0,1,0,2
66,66,0,1,0,1,0,1
200,90,110,2,29,1,1,0
199,102,97,2,29,1,1,0
66,66,0,1,0,1,0,2
70,70,0,1,0,1,0,2
300,86,214,2,31,1,1,0
6550,1836,4714,25,46,15,10,0
4514,1928,2586,17,240,8,9,0
62,62,0,1,0,1,0,1
182,93,89,2,30,1,1,0
199,102,97,2,30,1,1,0
9199,2329,6870,30,133,17,13,0
825,99,726,2,31,1,1,0
70,70,0,1,0,1,0,2
66,66,0,1,0,1,0,2
183,94,89,2,30,1,1,0
3743,1654,2089,10,121,5,5,0
15487,8701,6786,29,44,17,12,0
62,62,0,1,0,1,0,1
72,72,0,1,0,1,0,1
200,102,98,2,30,1,1,0
1191,692,499,12,40,7,5,0
66,66,0,1,0,1,0,2
70,70,0,1,0,1,0,2
10829,2227,8602,35,47,20,15,0
340,110,230,2,31,1,1,0
4968,1304,3664,26,1190,13,13,0
70,70,0,1,0,1,0,2
256,114,142,2,30,1,1,0
66,66,0,1,0,1,0,2
70,70,0,1,0,1,0,2
1411,852,559,13,25,7,6,0
70,70,0,1,0,1,0,2
70,70,0,1,0,1,0,2
70,70,0,1,0,1,0,2
66,66,0,1,0,1,0,2
62,62,0,1,0,1,0,1
66,66,0,1,0,1,0,2
17716,5150,12566,48,21,25,23,0
60,60,0,1,0,1,0,1
62,62,0,1,0,1,0,1
344,94,250,2,29,1,1,0
62,62,0,1,0,1,0,1
70,70,0,1,0,1,0,2
33435,1694,31741,43,20,18,25,0
265,111,154,2,30,1,1,0
8929,3204,5725,25,80,14,11,0
210,110,100,2,30,1,1,0
2659,1417,1242,19,276,9,10,0
320,320,0,5,0,5,0,0
70,70,0,1,0,1,0,2
3848,1039,2809,37,662,11,26,0
177,94,83,2,30,1,1,0
499,425,74,4,0,3,1,0
481,150,331,2,1200,1,1,0
70,70,0,1,0,1,0,2
199,102,97,2,30,1,1,0
60,60,0,1,0,1,0,1
146,146,0,1,0,1,0,1
66,66,0,1,0,1,0,1
5161,2421,2740,14,122,7,7,0
66,66,0,1,0,1,0,2
62,62,0,1,0,1,0,1
60,60,0,1,0,1,0,1
740109,22948,717161,800,54,311,489,0
177,94,83,2,30,1,1,0
402,142,260,2,31,1,1,0
3878,1156,2722,14,136,7,7,0
70,70,0,1,0,1,0,2
12386,1821,10565,23,33,11,12,0
328,90,238,4,37,2,2,0
66,66,0,1,0,1,0,1
4089,1965,2124,25,83,13,12,0
66,66,0,1,0,1,0,1
779,110,669,2,30,1,1,0
62,62,0,1,0,1,0,1
62,62,0,1,0,1,0,1
1992,1350,642,10,15,5,5,0
316,136,180,6,6,3,3,0
70,70,0,1,0,1,0,2
199,102,97,2,30,1,1,0
60,60,0,1,0,1,0,1
66,66,0,1,0,1,0,1
523,161,362,2,1200,1,1,0
790,110,680,2,30,1,1,0
211,102,109,2,30,1,1,0
70,70,0,1,0,1,0,2
78,78,0,1,0,1,0,1
264,110,154,2,30,1,1,0
301494,6917,294577,306,48,101,205,0
66,66,0,1,0,1,0,1
167,86,81,2,30,1,1,0
70,70,0,1,0,1,0,2
66,66,0,1,4,1,0,0
70,70,0,1,0,1,0,2
8058,1136,6922,19,126,9,10,0
62,62,0,1,0,1,0,1
62,62,0,1,0,1,0,1
450,246,204,8,29,5,3,0
198,101,97,2,31,1,1,0
13774,4989,8785,35,51,20,15,0
62,62,0,1,0,1,0,1
7398,1480,5918,24,39,12,12,0
136475,59298,77177,166,53,78,88,0
66,66,0,1,0,1,0,1
229628,10653,218975,263,49,103,160,0
256887,11565,245322,293,56,112,181,0
329,102,227,2,30,1,1,0
66,66,0,1,0,1,0,1
168,86,82,2,30,1,1,0
15722,5108,10614,39,16,22,17,0
711,87,624,2,30,1,1,0
70,70,0,1,0,1,0,2
62,62,0,1,0,1,0,1
1066,545,521,11,28,5,6,0
564,191,373,6,62,3,3,0
7912,3269,4643,23,95,12,11,0
62,62,0,1,0,1,0,1
70,70,0,1,0,1,0,2
7983,1963,6020,20,15,11,9,0
70,70,0,1,0,1,0,2
65667,5371,60296,89,85,36,53,0
183,94,89,2,30,1,1,0
204,104,100,2,31,1,1,0
66,66,0,1,0,1,0,2
143,143,0,1,0,1,0,1
62,62,0,1,0,1,0,1
183,70,113,2,120,1,1,0
60,60,0,1,0,1,0,1
499,425,74,4,0,3,1,0
66,66,0,1,0,1,0,1
237,91,146,2,32,1,1,0
62,62,0,1,0,1,0,1
214,110,104,2,30,1,1,0
86,86,0,1,30,1,0,0
66,66,0,1,0,1,0,2
62,62,0,1,0,1,0,1
66,66,0,1,0,1,0,2
226,110,116,2,30,1,1,0
145,145,0,1,0,1,0,1
130,70,60,2,5,1,1,0
174,89,85,2,30,1,1,0
13229,3527,9702,56,91,28,28,0
130,70,60,2,15,1,1,0
70,70,0,1,0,1,0,2
60,60,0,1,0,1,0,1
182,93,89,2,31,1,1,0
507,507,0,1,0,1,0,1
614577,24675,589902,673,149,228,445,0
177,94,83,2,31,1,1,0
821,102,719,2,30,1,1,0
320,140,180,6,7,3,3,0
66,66,0,1,0,1,0,1
168,78,90,2,30,1,1,0
66,66,0,1,0,1,0,1
66,66,0,1,5,1,0,0
70,70,0,1,0,1,0,2
454,262,192,8,41,5,3,0
70,70,0,1,0,1,0,2
449862,38989,410873,644,280,286,358,0
60,60,0,1,0,1,0,1
17314,6865,10449,50,79,24,26,0
318,192,126,6,27,4,2,0
170,87,83,2,31,1,1,0
62,62,0,1,0,1,0,1
390740,13639,377101,441,132,152,289,0
70,70,0,1,0,1,0,2
318,192,126,6,41,4,2,0
6334,840,5494,19,29,10,9,0
66,66,0,1,0,1,0,2
774,76,698,4,29,2,2,0
74,74,0,1,0,1,0,1
209,110,99,2,30,1,1,0
1413,876,537,12,11,6,6,0
168,78,90,2,30,1,1,0
9482,4710,4772,19,17,11,8,0
499,425,74,4,0,3,1,0
318,192,126,6,53,4,2,0
36720,3404,33316,51,25,22,29,0
62,62,0,1,0,1,0,1
66,66,0,1,5,1,0,0
66,66,0,1,0,1,0,1
70,70,0,1,0,1,0,2
70,70,0,1,0,1,0,2
2224,1852,372,33,1565,27,6,0
216,90,126,2,30,1,1,0
908,842,66,7,15,6,1,0
66,66,0,1,0,1,0,2
70,70,0,1,0,1,0,2
70,70,0,1,0,1,0,2
9429,3621,5808,60,80,26,34,0
3885,2355,1530,26,270,13,13,0
66,66,0,1,0,1,0,2
193,102,91,2,30,1,1,0
146,146,0,1,0,1,0,1
2350,1392,958,17,275,9,8,0
70,70,0,1,0,1,0,2
114,114,0,2,32,2,0,0
25297,10467,14830,51,362,27,24,0
74,74,0,1,0,1,0,1
62,62,0,1,0,1,0,1
66,66,0,1,0,1,0,1
62,62,0,1,0,1,0,1
195,102,93,2,30,1,1,0
70,70,0,2,8,2,0,0
136,136,0,3,13,3,0,0
12283477,390003,11893474,13073,164,4327,8746,0
70,70,0,1,0,1,0,2
318,192,126,6,28,4,2,0
194,99,95,2,31,1,1,0
78,78,0,1,5,1,0,0
62,62,0,1,0,1,0,1
211,102,109,2,29,1,1,0
138,78,60,2,6,1,1,0
259,110,149,2,30,1,1,0
70,70,0,1,0,1,0,2
66,66,0,1,0,1,0,2
66,66,0,1,0,1,0,1
66,66,0,1,0,1,0,2
70,70,0,1,0,1,0,2
62,62,0,1,0,1,0,1
4408,801,3607,16,34,8,8,0
4458,1569,2889,24,138,10,14,0
373033,19903,353130,469,143,180,289,0
10257,6305,3952,31,134,19,12,0
70,70,0,1,0,1,0,2
70,70,0,1,0,1,0,2
60,60,0,1,0,1,0,1
4624,1717,2907,19,27,11,8,0
2791,1800,991,26,185,15,11,0
66,66,0,1,0,1,0,1
38188,688,37500,35,104,7,28,0
177,94,83,2,30,1,1,0
70,70,0,1,0,1,0,2
184,102,82,2,30,1,1,0
414,268,146,3,33,2,1,0
499,425,74,4,0,3,1,0
70,70,0,1,5,1,0,0
62,62,0,1,0,1,0,1
66,66,0,1,0,1,0,2
62,62,0,1,0,1,0,1
74,74,0,1,0,1,0,1
7909,3501,4408,19,181,9,10,0
10311,2186,8125,26,186,14,12,0
66,66,0,1,0,1,0,1
66,66,0,1,0,1,0,2
7306,2784,4522,22,202,12,10,0
70,70,0,1,0,1,0,2
143,143,0,1,0,1,0,1
194,102,92,2,30,1,1,0
66,66,0,1,0,1,0,1
9324,4240,5084,24,16,13,11,0
318,192,126,6,39,4,2,0
60,60,0,1,0,1,0,1
62,62,0,1,0,1,0,1
6656,769,5887,14,16,9,5,0
62,62,0,1,0,1,0,1
62,62,0,1,0,1,0,1
70,70,0,1,0,1,0,2
1271,918,353,9,15,6,3,0
3197,1931,1266,19,15,9,10,0
146,146,0,1,0,1,0,1
504,318,186,8,15,5,3,0
1549,1097,452,9,21,5,4,0
66,66,0,2,8,2,0,0
212,110,102,2,29,1,1,0
70,70,0,1,0,1,0,2
1797,1070,727,10,15,5,5,0
338,107,231,4,39,2,2,0
70,70,0,1,0,1,0,2
70,70,0,2,8,2,0,0
70,70,0,1,0,1,0,2
146,146,0,1,0,1,0,1
200,102,98,2,29,1,1,0
70,70,0,1,0,1,0,2
70,70,0,2,7,2,0,0
70,70,0,1,0,1,0,2
70,70,0,1,5,1,0,0
66,66,0,1,0,1,0,2
70,70,0,1,0,1,0,2
268,70,198,4,19,1,3,0
66,66,0,1,0,1,0,2
66,66,0,1,0,1,0,2
66,66,0,1,0,1,0,1
60,60,0,1,0,1,0,1
8702,580,8122,17,53,5,12,0
66,66,0,1,0,1,0,2
5858,1511,4347,20,21,11,9,0
66,66,0,1,0,1,0,2
196,86,110,2,30,1,1,0
60,60,0,1,0,1,0,1
66,66,0,1,0,1,0,2
62,62,0,1,0,1,0,1
396,396,0,7,3615,7,0,0
183,94,89,2,30,1,1,0
1305,1305,0,1,0,1,0,1
14723,2606,12117,54,19,22,32,0
62,62,0,1,0,1,0,1
66,66,0,1,0,1,0,2
5480,3236,2244,19,47,12,7,0
9451,3719,5732,45,76,25,20,0
66,66,0,1,0,1,0,2
7967,2176,5791,27,125,14,13,0
70,70,0,1,0,1,0,2
186,95,91,2,31,1,1,0
62,62,0,1,0,1,0,1
156,156,0,3,8,3,0,0
193,102,91,2,30,1,1,0
1114,534,580,12,16,7,5,0
62,62,0,1,0,1,0,1
526,304,222,8,35,5,3,0
195,102,93,2,30,1,1,0
12704,3182,9522,35,49,16,19,0
66,66,0,1,0,1,0,1
18224,2763,15461,29,126,14,15,0
6485767,147003,6338764,6221,320,2024,4197,0
70,70,0,1,0,1,0,2
66,66,0,1,0,1,0,1
177,94,83,2,30,1,1,0
9381,2351,7030,26,37,15,11,0
70,70,0,1,0,1,0,2
146,146,0,1,0,1,0,1
168,78,90,2,31,1,1,0
272841,13586,259255,353,176,164,189,0
677,217,460,6,74,3,3,0
819,102,717,2,30,1,1,0
70,70,0,1,0,1,0,2
146,146,0,1,0,1,0,1
70,70,0,1,5,1,0,0
172,88,84,2,31,1,1,0
17710,10880,6830,44,271,25,19,0
66,66,0,1,0,1,0,1
244,98,146,2,33,1,1,0
6090,773,5317,17,25,9,8,0
70,70,0,1,0,1,0,2
70,70,0,1,0,1,0,2
62,62,0,1,0,1,0,1
70,70,0,1,0,1,0,2
320,140,180,6,8,3,3,0
378,192,186,7,14,4,3,0
90,90,0,1,0,1,0,1
60,60,0,1,0,1,0,1
10320,5152,5168,45,15,25,20,0
177,94,83,2,30,1,1,0
70,70,0,1,0,1,0,2
436,254,182,7,15,4,3,0
70,70,0,1,0,1,0,2
66,66,0,1,0,1,0,1
62,62,0,1,0,1,0,1
70,70,0,1,0,1,0,2
66,66,0,1,0,1,0,2
66,66,0,1,0,1,0,1
19915,764,19151,23,16,7,16,0
70,70,0,1,0,1,0,2
168,168,0,1,0,1,0,1
66,66,0,1,0,1,0,1
214,110,104,2,30,1,1,0
70,70,0,1,0,1,0,2
62,62,0,1,0,1,0,1
70,70,0,1,0,1,0,2
197,102,95,2,30,1,1,0
60,60,0,1,0,1,0,1
62,62,0,1,0,1,0,1
62,62,0,1,0,1,0,1
183,94,89,2,30,1,1,0
60,60,0,1,0,1,0,1
70,70,0,2,8,2,0,0
66,66,0,1,0,1,0,1
168,86,82,2,30,1,1,0
156,94,62,2,30,1,1,0
66,66,0,1,0,1,0,2
479,277,202,4,1200,2,2,0
170,87,83,2,31,1,1,0
66,66,0,1,0,1,0,2
768,99,669,2,30,1,1,0
70,70,0,1,5,1,0,0
10107,1324,8783,22,75,12,10,0
66,66,0,1,0,1,0,1
70,70,0,2,8,2,0,0
5325,1074,4251,18,25,10,8,0
256,71,185,2,30,1,1,0
66,66,0,1,0,1,0,2
66,66,0,1,0,1,0,1
320,94,226,2,30,1,1,0
66,66,0,1,0,1,0,1
600,306,294,6,0,3,3,0
66,66,0,1,0,1,0,1
6746,2826,3920,19,399,11,8,0
70,70,0,1,0,1,0,2
60,60,0,1,0,1,0,1
152,86,66,2,5,1,1,0
261,87,174,4,45,2,2,0
150,60,90,2,9,1,1,0
20971,2840,18131,52,89,24,28,0
70,70,0,1,0,1,0,2
66,66,0,1,0,1,0,2
66,66,0,1,0,1,0,1
70,70,0,1,0,1,0,2
240,98,142,2,30,1,1,0
62,62,0,1,0,1,0,1
24415,3924,20491,45,48,22,23,0
70,70,0,1,0,1,0,2
62,62,0,1,0,1,0,1
828,390,438,11,60,4,7,0
70,70,0,1,5,1,0,0
193,102,91,2,29,1,1,0
5150,3651,1499,34,46,18,16,0
70,70,0,1,0,1,0,2
19816,13030,6786,80,159,40,40,0
70,70,0,1,0,1,0,2
70,70,0,1,0,1,0,2
62,62,0,1,0,1,0,1
1514,852,662,16,86,9,7,0
70,70,0,1,0,1,0,2
198,102,96,2,30,1,1,0
4500,2769,1731,29,80,14,15,0
211,110,101,2,31,1,1,0
66,66,0,1,0,1,0,2
1482,878,604,10,75,6,4,0
1152,712,440,10,15,5,5,0
372,246,126,6,27,4,2,0
168,86,82,2,30,1,1,0
7332,2907,4425,50,122,22,28,0
3457,1568,1889,17,21,10,7,0
305,160,145,3,33,2,1,0
11173,821,10352,19,15,9,10,0
70,70,0,1,0,1,0,2
70,70,0,1,0,1,0,2
70,70,0,1,0,1,0,2
6811,3791,3020,23,115,13,10,0
1871,712,1159,10,15,5,5,0
21205,1711,19494,32,1806,11,21,0
1658,1247,411,8,15,5,3,0
70,70,0,1,0,1,0,2
1495,843,652,10,30,5,5,0
9168,1596,7572,22,186,11,11,0
466,108,358,4,45,2,2,0
62,62,0,1,0,1,0,1
771,101,670,2,30,1,1,0
152,152,0,1,1200,1,0,0
5613,733,4880,16,15,9,7,0
209,110,99,2,31,1,1,0
134,60,74,3,4,2,1,0
5900,751,5149,15,130,7,8,0
13392,11220,2172,31,53,19,12,0
7845,1860,5985,24,81,14,10,0
70,70,0,1,0,1,0,2
301,85,216,4,53,2,2,0
60,60,0,1,0,1,0,1
215,102,113,2,30,1,1,0
1248,1248,0,1,0,1,0,1
184,78,106,3,10,2,1,0
66,66,0,1,0,1,0,1
66,66,0,1,0,1,0,1
66,66,0,1,0,1,0,2
70,70,0,2,8,2,0,0
3734,1750,1984,24,203,12,12,0
66,66,0,1,0,1,0,2
70,70,0,1,0,1,0,2
66,66,0,1,0,1,0,1
66,66,0,1,0,1,0,2
178,94,84,2,30,1,1,0
62,62,0,1,0,1,0,1
490,149,341,2,1201,1,1,0
66,66,0,1,0,1,0,1
186,102,84,2,30,1,1,0
62,62,0,1,0,1,0,1
62,62,0,1,0,1,0,1
70,70,0,1,0,1,0,2
66,66,0,1,0,1,0,1
60,60,0,1,0,1,0,1
350,94,256,2,29,1,1,0
6502,1347,5155,31,1195,10,21,0
146,146,0,1,0,1,0,1
184,94,90,2,30,1,1,0
198,101,97,2,30,1,1,0
9322,2994,6328,26,22,16,10,0
304,86,218,2,31,1,1,0
736,670,66,6,15,5,1,0
62,62,0,1,0,1,0,1
1658,1247,411,8,15,5,3,0
66,66,0,1,0,1,0,2
354,140,214,6,130,3,3,0
1382,855,527,11,20,6,5,0
70,70,0,1,0,1,0,2
211,110,101,2,30,1,1,0
70,70,0,1,0,1,0,2
70,70,0,1,0,1,0,2
572,320,252,10,28,6,4,0
66,66,0,1,0,1,0,2
62,62,0,1,0,1,0,1
9328,1709,7619,18,139,8,10,0
62,62,0,1,0,1,0,1
70,70,0,1,0,1,0,2
196,102,94,2,30,1,1,0
2143,676,1467,12,25,7,5,0
136,136,0,1,0,1,0,1
182,93,89,2,31,1,1,0
145,145,0,1,0,1,0,1
119911,5690,114221,153,173,63,90,0
300,90,210,2,30,1,1,0
495,127,368,4,33,2,2,0
70,70,0,1,0,1,0,2
309,110,199,2,30,1,1,0
312,132,180,6,6,3,3,0
62,62,0,1,0,1,0,1
4917,1273,3644,17,34,10,7,0
237,91,146,2,32,1,1,0
306,180,126,6,28,4,2,0
66,66,0,1,0,1,0,1
70,70,0,1,0,1,0,2
70,70,0,1,0,1,0,2
320,320,0,5,0,5,0,0
3422,1962,1460,33,131,18,15,0
682,199,483,6,46,3,3,0
336,111,225,4,29,2,2,0
374,91,283,4,33,2,2,0
184,94,90,2,31,1,1,0
66,66,0,1,0,1,0,1
177,94,83,2,30,1,1,0
62,62,0,1,0,1,0,1
66,66,0,1,0,1,0,1
66,66,0,1,0,1,0,2
330,330,0,6,1200,6,0,0
366,240,126,7,25,5,2,0
70,70,0,1,0,1,0,2
66,66,0,1,0,1,0,2
194,102,92,2,30,1,1,0
302,78,224,2,30,1,1,0
70,70,0,1,0,1,0,2
66,66,0,1,0,1,0,2
9643,2462,7181,26,146,11,15,0
66,66,0,1,0,1,0,1
56951,28706,28245,236,174,116,120,0
66,66,0,1,0,1,0,1
582,270,312,8,32,4,4,0
66,66,0,1,0,1,0,2
2227,1018,1209,17,16,8,9,0
66,66,0,1,0,1,0,1
74,74,0,1,0,1,0,1
66,66,0,1,0,1,0,2
5315,3154,2161,56,47,32,24,0
789,110,679,2,30,1,1,0
66,66,0,1,0,1,0,2
53365,28404,24961,565,753,302,263,0
70,70,0,1,0,1,0,2
62,62,0,1,0,1,0,1
216,110,106,2,30,1,1,0
60,60,0,1,0,1,0,1
198,90,108,2,30,1,1,0
264,110,154,2,30,1,1,0
9934,4897,5037,43,15,25,18,0
70,70,0,1,0,1,0,2
66,66,0,1,0,1,0,1
444,192,252,8,17,4,4,0
4579,1672,2907,19,29,11,8,0
2351,1546,805,20,40,11,9,0
168,86,82,2,30,1,1,0
752,93,659,2,31,1,1,0
245,94,151,2,30,1,1,0
70,70,0,1,0,1,0,2
181,94,87,2,30,1,1,0
60,60,0,1,0,1,0,1
70,70,0,1,0,1,0,2
70,70,0,1,0,1,0,2
66,66,0,1,0,1,0,1
62,62,0,1,0,1,0,1
70,70,0,1,0,1,0,2
62,62,0,1,0,1,0,1
32653,15160,17493,307,506,160,147,0
70,70,0,1,0,1,0,2
134,60,74,3,4,2,1,0
70,70,0,1,0,1,0,2
62,62,0,1,0,1,0,1
66,66,0,1,0,1,0,2
196,94,102,2,30,1,1,0
177,94,83,2,31,1,1,0
16921,7469,9452,40,138,19,21,0
194,102,92,2,31,1,1,0
1413,876,537,12,28,6,6,0
70,70,0,1,0,1,0,2
7130,1890,5240,25,33,12,13,0
66,66,0,1,0,1,0,1
62,62,0,1,0,1,0,1
168,86,82,2,30,1,1,0
200,102,98,2,30,1,1,0
66,66,0,1,0,1,0,1
21680,2897,18783,35,120,15,20,0
62,62,0,1,0,1,0,1
4960,896,4064,14,18,8,6,0
17842,11204,6638,43,174,24,19,0
66,66,0,1,0,1,0,1
70,70,0,2,8,2,0,0
504,318,186,8,16,5,3,0
168,78,90,2,30,1,1,0
260,102,158,2,30,1,1,0
70,70,0,2,8,2,0,0
62,62,0,1,0,1,0,1
3616,429,3187,11,15,6,5,0
66,66,0,1,0,1,0,1
72,72,0,1,0,1,0,1
70,70,0,1,0,1,0,2
118413,7486,110927,151,33,70,81,0
4659,1752,2907,19,30,11,8,0
74,74,0,1,0,1,0,1
5660875,75934,5584941,4719,141,686,4033,0
70,70,0,1,0,1,0,2
502,150,352,2,1199,1,1,0
70,70,0,1,0,1,0,2
502,150,352,2,1200,1,1,0
246,94,152,2,30,1,1,0
70,70,0,1,0,1,0,2
181,94,87,2,30,1,1,0
66,66,0,1,5,1,0,0
66,66,0,1,0,1,0,2
2855,1388,1467,12,44,7,5,0
62,62,0,1,0,1,0,1
70,70,0,1,0,1,0,2
5960402,99613,5860789,5017,133,952,4065,0
66,66,0,1,0,1,0,1
8705,3570,5135,35,100,20,15,0
70,70,0,1,0,1,0,2
66,66,0,1,0,1,0,1
62,62,0,1,0,1,0,1
182,93,89,2,31,1,1,0
66,66,0,1,0,1,0,1
70,70,0,1,5,1,0,0
184,94,90,2,31,1,1,0
1440,956,484,15,35,8,7,0
66,66,0,1,0,1,0,2
66,66,0,1,0,1,0,2
62,62,0,1,0,1,0,1
66,66,0,1,0,1,0,2
193,102,91,2,30,1,1,0
136,136,0,3,14,3,0,0
66,66,0,1,0,1,0,1
22215,2460,19755,39,198,15,24,0
100,100,0,1,0,1,0,1
60,60,0,1,0,1,0,1
3442,1672,1770,19,22,10,9,0
66,66,0,1,0,1,0,2
60,60,0,1,0,1,0,1
2308,1541,767,11,18,7,4,0
60,60,0,1,0,1,0,1
62,62,0,1,0,1,0,1
62,62,0,1,0,1,0,1
374,192,182,7,15,4,3,0
66,66,0,1,0,1,0,1
66,66,0,1,0,1,0,1
3108,1047,2061,14,136,7,7,0
3233,1141,2092,14,135,7,7,0
656,398,258,11,39,7,4,0
3214,1260,1954,33,1371,17,16,0
422,164,258,6,30,3,3,0
62,62,0,1,0,1,0,1
198,93,105,2,30,1,1,0
195,102,93,2,29,1,1,0
70,70,0,1,5,1,0,0
5553,927,4626,16,15,10,6,0
66,66,0,1,0,1,0,2
2815,1605,1210,17,166,9,8,0
177,94,83,2,30,1,1,0
70,70,0,1,5,1,0,0
200,90,110,2,30,1,1,0
70,70,0,1,0,1,0,2
9055,863,8192,18,45,10,8,0
66,66,0,1,0,1,0,1
168,78,90,2,30,1,1,0
4416,1702,2714,19,126,9,10,0
179,94,85,2,29,1,1,0
66,66,0,1,5,1,0,0
774,101,673,2,30,1,1,0
70,70,0,1,0,1,0,2
867,126,741,2,30,1,1,0
177,94,83,2,30,1,1,0
70,70,0,1,0,1,0,2
70,70,0,1,0,1,0,2
70,70,0,1,0,1,0,2
295,86,209,2,30,1,1,0
330,330,0,6,3609,6,0,0
23328780,730794,22597986,24754,320,8113,16641,0
1357,369,988,6,1200,3,3,0
62,62,0,1,0,1,0,1
70,70,0,1,0,1,0,2
670633,656612,14021,657,146,465,192,0
550,129,421,4,57,2,2,0
170,87,83,2,30,1,1,0
66,66,0,1,0,1,0,1
70,70,0,1,0,1,0,2
1671,1004,667,16,76,8,8,0
70,70,0,1,5,1,0,0
62,62,0,1,0,1,0,1
70,70,0,1,0,1,0,2
70,70,0,1,0,1,0,2
86,86,0,1,30,1,0,0
180,92,88,2,31,1,1,0
6141,1268,4873,22,18,12,10,0
320,140,180,6,7,3,3,0
24271,2640,21631,38,123,16,22,0
70,70,0,2,8,2,0,0
70,70,0,1,0,1,0,2
5593,2346,3247,22,39,13,9,0
60,60,0,1,0,1,0,1
15095,2556,12539,37,102,15,22,0
8871,3470,5401,24,123,13,11,0
168,78,90,2,30,1,1,0
62,62,0,1,0,1,0,1
6506,1532,4974,28,16,14,14,0
146,146,0,1,0,1,0,1
416,210,206,7,28,4,3,0
66,66,0,1,0,1,0,1
7630,839,6791,20,79,9,11,0
184,94,90,2,30,1,1,0
136,136,0,3,14,3,0,0
9264,2848,6416,31,100,16,15,0
6783,3270,3513,22,120,11,11,0
66,66,0,1,0,1,0,2
66,66,0,1,0,1,0,1
66,66,0,1,0,1,0,2
70,70,0,1,0,1,0,2
36602,1919,34683,58,80,19,39,0
11307,7633,3674,25,163,18,7,0
12268,2979,9289,35,81,18,17,0
66,66,0,1,0,1,0,1
70,70,0,1,0,1,0,2
66,66,0,1,0,1,0,1
66,66,0,1,0,1,0,1
146,146,0,1,0,1,0,1
191737,8302,183435,205,31,79,126,0
183,94,89,2,31,1,1,0
70,70,0,1,0,1,0,2
16022,3217,12805,25,138,11,14,0
176,78,98,2,30,1,1,0
70,70,0,1,0,1,0,2
1312,651,661,13,185,7,6,0
504,105,399,4,35,2,2,0
66,66,0,1,0,1,0,2
70,70,0,2,8,2,0,0
66,66,0,1,0,1,0,1
62,62,0,1,0,1,0,1
178,94,84,2,30,1,1,0
70,70,0,1,0,1,0,2
8272,2455,5817,29,391,10,19,0
70,70,0,1,0,1,0,2
13740,5392,8348,35,134,18,17,0
66,66,0,1,0,1,0,1
70,70,0,1,0,1,0,2
202,103,99,2,30,1,1,0
66,66,0,1,0,1,0,1
5495,1303,4192,17,15,9,8,0
66,66,0,1,0,1,0,1
130,70,60,2,6,1,1,0
66,66,0,2,8,2,0,0
188,96,92,2,31,1,1,0
578,286,292,9,15,5,4,0
62,62,0,1,0,1,0,1
75,75,0,1,30,1,0,0
70,70,0,2,7,2,0,0
320,140,180,6,6,3,3,0
740,222,518,11,3631,4,7,0
594,594,0,10,1199,10,0,0
66,66,0,1,0,1,0,1
70,70,0,1,0,1,0,2
17915,7421,10494,39,61,21,18,0
70,70,0,1,0,1,0,2
93644,8868,84776,131,31,64,67,0
354,94,260,2,29,1,1,0
6861,2224,4637,19,19,9,10,0
62,62,0,1,0,1,0,1
62,62,0,1,0,1,0,1
70,70,0,1,0,1,0,2
194,102,92,2,31,1,1,0
7490,2688,4802,23,383,10,13,0
62,62,0,1,0,1,0,1
179,94,85,2,30,1,1,0
168,86,82,2,30,1,1,0
6357,1546,4811,26,17,14,12,0
183,94,89,2,30,1,1,0
66,66,0,2,8,2,0,0
10003,5095,4908,21,76,12,9,0
184,102,82,2,30,1,1,0
212,110,102,2,31,1,1,0
487330,18074,469256,508,122,148,360,0
146,146,0,1,0,1,0,1
772,103,669,2,30,1,1,0
311,311,0,3,1200,3,0,0
86,86,0,1,30,1,0,0
156,156,0,2,0,2,0,0
184,94,90,2,30,1,1,0
66,66,0,1,0,1,0,1
62,62,0,1,0,1,0,1
184,94,90,2,30,1,1,0
70,70,0,1,5,1,0,0
16960,1347,15613,28,17,10,18,0
60,60,0,1,0,1,0,1
3920,2138,1782,23,135,12,11,0
66,66,0,1,0,1,0,2
282,140,142,5,152,3,2,0
2981,1719,1262,17,79,10,7,0
3185,2263,922,18,26,9,9,0
276,126,150,2,30,1,1,0
66,66,0,1,0,1,0,1
66,66,0,1,0,1,0,1
234,234,0,4,12,4,0,0
168,78,90,2,30,1,1,0
70,70,0,1,29,1,0,0
422,240,182,8,24,5,3,0
70,70,0,1,0,1,0,2
9237,2447,6790,30,16,14,16,0
66,66,0,1,0,1,0,2
492,306,186,8,15,5,3,0
70,70,0,2,8,2,0,0
887,126,761,2,30,1,1,0
82,82,0,1,0,1,0,1
184,94,90,2,30,1,1,0
146,146,0,1,0,1,0,1
62,62,0,1,0,1,0,1
62,62,0,1,0,1,0,1
27723,5572,22151,59,47,31,28,0
195,94,101,2,30,1,1,0
145,145,0,1,0,1,0,1
62,62,0,1,0,1,0,1
1550,834,716,19,141,10,9,0
66,66,0,1,0,1,0,1
4709,4006,703,11,25,6,5,0
198,102,96,2,30,1,1,0
4081,443,3638,12,15,6,6,0
183,94,89,2,30,1,1,0
70,70,0,2,9,2,0,0
70,70,0,1,0,1,0,2
4479,2526,1953,10,120,6,4,0
238,87,151,2,30,1,1,0
4885,895,3990,16,29,9,7,0
458,188,270,6,29,3,3,0
285,94,191,2,30,1,1,0
3674,1750,1924,23,203,12,11,0
62,62,0,1,0,1,0,1
66,66,0,1,0,1,0,2
316,136,180,6,6,3,3,0
70,70,0,1,0,1,0,2
1413,876,537,12,25,6,6,0
62,62,0,1,0,1,0,1
66,66,0,1,0,1,0,2
70,70,0,1,0,1,0,2
766,103,663,4,41,2,2,0
66,66,0,1,0,1,0,2
728,102,626,2,30,1,1,0
62,62,0,1,0,1,0,1
66,66,0,1,90,1,0,0
2863801,103667,2760134,3193,182,1240,1953,0
60,60,0,1,0,1,0,1
177,94,83,2,30,1,1,0
177,94,83,2,30,1,1,0
66,66,0,1,0,1,0,2
20880,7976,12904,41,47,22,19,0
198,101,97,2,31,1,1,0
145,145,0,1,0,1,0,1
66,66,0,1,0,1,0,2
244,98,146,2,31,1,1,0
268,78,190,2,30,1,1,0
196,102,94,2,29,1,1,0
66,66,0,1,5,1,0,0
146,146,0,1,0,1,0,1
66,66,0,1,0,1,0,1
66,66,0,1,0,1,0,2
98,98,0,1,0,1,0,1
88,88,0,1,0,1,0,1
145,145,0,1,0,1,0,1
62,62,0,1,0,1,0,1
380975,82011,298964,804,171,343,461,0
62,62,0,1,0,1,0,1
66,66,0,1,0,1,0,1
70,70,0,1,0,1,0,2
66,66,0,1,0,1,0,1
263,182,81,2,30,1,1,0
5549,2777,2772,24,16,14,10,0
66,66,0,1,0,1,0,1
210,110,100,2,30,1,1,0
244,98,146,2,33,1,1,0
60,60,0,1,0,1,0,1
1425,97,1328,4,53,2,2,0
70,70,0,1,0,1,0,2
66,66,0,1,0,1,0,2
70,70,0,1,0,1,0,2
60,60,0,1,0,1,0,1
2962,1844,1118,16,15,8,8,0
62,62,0,1,0,1,0,1
70,70,0,1,0,1,0,2
1876,998,878,12,15,7,5,0
182,93,89,2,31,1,1,0
66,66,0,1,0,1,0,1
66,66,0,1,0,1,0,2
33068,2556,30512,48,81,21,27,0
324,150,174,2,1201,1,1,0
66,66,0,1,0,1,0,1
215996,13055,202941,265,127,96,169,0
499,425,74,4,0,3,1,0
146,146,0,1,0,1,0,1
196,94,102,2,30,1,1,0
8820,2996,5824,27,95,14,13,0
70,70,0,1,0,1,0,2
66,66,0,1,0,1,0,1
10094,1100,8994,20,33,10,10,0
177,94,83,2,30,1,1,0
66,66,0,1,0,1,0,2
70,70,0,1,5,1,0,0
62,62,0,1,0,1,0,1
48495,10969,37526,83,477,39,44,0
70,70,0,1,0,1,0,2
70,70,0,1,0,1,0,2
66,66,0,1,0,1,0,2
216,90,126,2,30,1,1,0
1056,682,374,10,15,6,4,0
66,66,0,1,0,1,0,2
70,70,0,1,0,1,0,2
7594,1457,6137,26,404,10,16,0
70,70,0,1,0,1,0,2
825,99,726,2,30,1,1,0
74,74,0,1,0,1,0,1
70,70,0,1,0,1,0,2
62,62,0,1,0,1,0,1
70,70,0,1,0,1,0,2
1394,733,661,14,80,8,6,0
82496,3881,78615,104,61,47,57,0
8329,2188,6141,29,100,16,13,0
329,118,211,2,30,1,1,0
300,118,182,2,29,1,1,0
969,86,883,2,29,1,1,0
168,78,90,2,30,1,1,0
6956,2856,4100,28,16,16,12,0
422,164,258,6,30,3,3,0
2820,1466,1354,20,534,11,9,0
70,70,0,1,0,1,0,2
526,304,222,8,35,5,3,0
70,70,0,1,0,1,0,2
70,70,0,1,0,1,0,2
182,93,89,2,30,1,1,0
199,102,97,2,30,1,1,0
62,62,0,1,0,1,0,1
62,62,0,1,0,1,0,1
7855,1866,5989,20,15,11,9,0
2173,616,1557,10,15,6,4,0
211,102,109,2,29,1,1,0
66,66,0,1,0,1,0,2
6668,2026,4642,15,120,8,7,0
939,547,392,11,27,5,6,0
177,94,83,2,30,1,1,0
157,157,0,1,0,1,0,1
70,70,0,1,0,1,0,2
168,86,82,2,30,1,1,0
70,70,0,1,0,1,0,2
62,62,0,1,0,1,0,1
70,70,0,1,0,1,0,2
66,66,0,1,0,1,0,2
2925,1480,1445,11,30,7,4,0
62,62,0,1,0,1,0,1
199,102,97,2,29,1,1,0
66,66,0,1,0,1,0,2
3067,1817,1250,18,16,8,10,0
74,74,0,1,0,1,0,1
227,102,125,2,30,1,1,0
2885,1732,1153,16,256,9,7,0
70,70,0,1,0,1,0,2
70,70,0,1,0,1,0,2
14640,5951,8689,52,115,26,26,0
168,78,90,2,30,1,1,0
70,70,0,1,0,1,0,2
62,62,0,1,0,1,0,1
754,94,660,2,31,1,1,0
885,126,759,2,30,1,1,0
70,70,0,1,0,1,0,2
4592,697,3895,14,25,8,6,0
6391,1285,5106,19,15,10,9,0
1248170,26899,1221271,1212,16,382,830,0
86,86,0,1,30,1,0,0
195,102,93,2,30,1,1,0
66,66,0,1,0,1,0,1
184,94,90,2,30,1,1,0
66,66,0,1,0,1,0,2
66,66,0,1,0,1,0,2
761,100,661,2,30,1,1,0
66,66,0,1,0,1,0,1
66,66,0,1,0,1,0,1
62,62,0,1,0,1,0,1
66,66,0,1,0,1,0,2
66,66,0,1,0,1,0,1
199,102,97,2,31,1,1,0
756,95,661,2,31,1,1,0
11828,2811,9017,31,76,16,15,0
70,70,0,1,0,1,0,2
180,94,86,2,30,1,1,0
66,66,0,1,0,1,0,2
146,146,0,1,0,1,0,1
66,66,0,1,0,1,0,2
490,111,379,4,54,2,2,0
10790,5444,5346,21,122,10,11,0
70,70,0,1,5,1,0,0
7759,4000,3759,23,96,11,12,0
60,60,0,1,0,1,0,1
66,66,0,1,0,1,0,1
70,70,0,2,6,2,0,0
223,92,131,2,31,1,1,0
66,66,0,1,0,1,0,1
70,70,0,1,0,1,0,2
3483,2072,1411,21,214,17,4,0
66,66,0,1,0,1,0,1
70,70,0,1,5,1,0,0
711,87,624,2,31,1,1,0
180,94,86,2,31,1,1,0
177,94,83,2,30,1,1,0
260,86,174,2,30,1,1,0
6351,1370,4981,18,131,9,9,0
66,66,0,1,0,1,0,1
182,93,89,2,31,1,1,0
66,66,0,1,0,1,0,2
66,66,0,1,0,1,0,1
70,70,0,1,0,1,0,2
70,70,0,1,0,1,0,2
200,102,98,2,30,1,1,0
10450,3898,6552,20,135,11,9,0
3894,863,3031,15,16,9,6,0
1101393,30310,1071083,1137,109,381,756,0
185169,75281,109888,426,111,209,217,0
479,150,329,2,1199,1,1,0
70,70,0,1,0,1,0,2
62,62,0,1,0,1,0,1
8119,1962,6157,24,360,11,13,0
10044,2134,7910,42,34,23,19,0
16656,3094,13562,29,271,14,15,0
183,94,89,2,29,1,1,0
374,240,134,3,32,2,1,0
62,62,0,1,0,1,0,1
4077,438,3639,12,15,6,6,0
402,132,270,6,1209,3,3,0
8250,3928,4322,80,296,44,36,0
296,110,186,2,30,1,1,0
70,70,0,1,0,1,0,2
1125,595,530,12,29,6,6,0
70,70,0,1,0,1,0,2
146,146,0,1,0,1,0,1
70,70,0,1,5,1,0,0
66,66,0,1,0,1,0,1
180,94,86,2,30,1,1,0
167,86,81,2,29,1,1,0
90,90,0,1,30,1,0,0
70,70,0,1,0,1,0,2
450,246,204,8,24,5,3,0
177,94,83,2,29,1,1,0
4275,2479,1796,22,316,11,11,0
70,70,0,1,0,1,0,2
78,78,0,1,5,1,0,0
70,70,0,1,0,1,0,2
1210,788,422,9,33,5,4,0
78,78,0,1,0,1,0,1
66,66,0,1,0,1,0,1
70,70,0,1,0,1,0,2
8512,2483,6029,21,18,12,9,0
179,86,93,2,30,1,1,0
370,86,284,2,30,1,1,0
62,62,0,1,0,1,0,1
66,66,0,1,0,1,0,1
70,70,0,1,0,1,0,2
327,110,217,2,30,1,1,0
190,97,93,2,31,1,1,0
70,70,0,1,0,1,0,2
711,87,624,2,30,1,1,0
70,70,0,1,0,1,0,2
60,60,0,1,0,1,0,1
195,102,93,2,31,1,1,0
94,94,0,1,30,1,0,0
880,126,754,2,30,1,1,0
177,94,83,2,30,1,1,0
70,70,0,1,0,1,0,2
60,60,0,1,0,1,0,1
6211,1132,5079,23,88,13,10,0
124,60,64,2,30,1,1,0
1345,679,666,9,30,5,4,0
66,66,0,1,0,1,0,1
199,102,97,2,30,1,1,0
66,66,0,1,0,1,0,1
177,94,83,2,29,1,1,0
194,102,92,2,31,1,1,0
62,62,0,1,0,1,0,1
278,102,176,2,30,1,1,0
209,110,99,2,30,1,1,0
62,62,0,1,0,1,0,1
70,70,0,1,0,1,0,2
199,102,97,2,30,1,1,0
70,70,0,1,0,1,0,2
9150,2155,6995,38,295,15,23,0
62,62,0,1,0,1,0,1
204,104,100,2,31,1,1,0
146,146,0,1,0,1,0,1
130,64,66,3,6,2,1,0
66,66,0,1,0,1,0,2
66,66,0,1,0,1,0,2
66,66,0,1,0,1,0,1
402,118,284,2,30,1,1,0
4610,918,3692,15,135,7,8,0
257,106,151,2,30,1,1,0
1265,473,792,8,15,5,3,0
25138,16043,9095,79,2410,53,26,0
216,110,106,2,29,1,1,0
148,148,0,1,0,1,0,1
100,100,0,1,0,1,0,1
211,86,125,2,30,1,1,0
6055,2800,3255,38,279,19,19,0
318,192,126,6,25,4,2,0
60,60,0,1,0,1,0,1
166,86,80,2,29,1,1,0
166,86,80,2,29,1,1,0
66,66,0,1,0,1,0,1
66,66,0,1,0,1,0,2
62,62,0,1,0,1,0,1
3491257,62261,3428996,3146,155,768,2378,0
70,70,0,1,5,1,0,0
66,66,0,1,0,1,0,2
7034,1885,5149,28,95,15,13,0
178,94,84,2,30,1,1,0
189,102,87,2,29,1,1,0
7593,2146,5447,21,10,12,9,0
62592,60966,1626,63,16,47,16,0
193,102,91,2,31,1,1,0
751,94,657,2,30,1,1,0
211,94,117,2,30,1,1,0
8680,2323,6357,31,173,13,18,0
62,62,0,1,0,1,0,1
66,66,0,1,0,1,0,1
66,66,0,1,0,1,0,2
143,143,0,1,0,1,0,1
3534,1679,1855,30,3640,11,19,0
70,70,0,2,8,2,0,0
66,66,0,1,0,1,0,2
66,66,0,1,0,1,0,2
195,94,101,2,30,1,1,0
62,62,0,1,0,1,0,1
62,62,0,1,0,1,0,1
10576,3685,6891,46,92,24,22,0
66,66,0,1,0,1,0,2
288,94,194,2,30,1,1,0
62,62,0,1,0,1,0,1
66,66,0,1,0,1,0,1
70,70,0,1,0,1,0,2
66,66,0,1,0,1,0,1
1364,860,504,13,32,8,5,0
66,66,0,1,0,1,0,2
1807,1048,759,16,25,8,8,0
164,70,94,2,5,1,1,0
60,60,0,1,0,1,0,1
167,86,81,2,30,1,1,0
97276,2756,94520,96,96,21,75,0
170,87,83,2,30,1,1,0
62,62,0,1,0,1,0,1
99,99,0,1,30,1,0,0
66,66,0,1,5,1,0,0
66,66,0,1,0,1,0,1
70,70,0,1,0,1,0,2
145,145,0,1,0,1,0,1
70,70,0,1,0,1,0,2
60,60,0,1,0,1,0,1
177,94,83,2,31,1,1,0
200,102,98,2,30,1,1,0
2809,1884,925,19,26,11,8,0
274,150,124,4,60,2,2,0
70,70,0,1,0,1,0,2
62,62,0,1,0,1,0,1
216,110,106,2,30,1,1,0
512,166,346,2,29,1,1,0
365,233,132,3,33,2,1,0
62,62,0,1,0,1,0,1
7092,1495,5597,22,31,12,10,0
66,66,0,1,0,1,0,1
66,66,0,1,0,1,0,1
66,66,0,1,0,1,0,1
152694,8416,144278,200,32,101,99,0
270,102,168,2,30,1,1,0
70,70,0,1,0,1,0,2
258,78,180,2,30,1,1,0
66,66,0,1,0,1,0,2
879,126,753,2,31,1,1,0
1749,966,783,13,75,8,5,0
70,70,0,1,0,1,0,2
409,107,302,4,30,2,2,0
62,62,0,1,0,1,0,1
6770,2219,4551,21,89,11,10,0
70,70,0,1,0,1,0,2
70,70,0,2,7,2,0,0
70,70,0,1,0,1,0,2
70,70,0,1,0,1,0,2
62,62,0,1,0,1,0,1
70,70,0,1,0,1,0,2
70,70,0,1,0,1,0,2
32613,1160,31453,38,16,13,25,0
12171,2763,9408,53,17,30,23,0
66,66,0,1,0,1,0,2
170,87,83,2,30,1,1,0
802,104,698,2,30,1,1,0
469,150,319,2,1200,1,1,0
5839,3664,2175,13,120,8,5,0
138,78,60,2,5,1,1,0
60,60,0,1,0,1,0,1
70,70,0,2,8,2,0,0
62,62,0,1,0,1,0,1
70,70,0,1,5,1,0,0
62,62,0,1,0,1,0,1
492,150,342,2,1200,1,1,0
13829,2472,11357,30,243,13,17,0
267,94,173,2,30,1,1,0
264,102,162,2,30,1,1,0
1307,786,521,15,16,8,7,0
66,66,0,1,0,1,0,1
190,97,93,2,30,1,1,0
60944,9555,51389,71,362,25,46,0
74,74,0,1,0,1,0,1
168,78,90,2,30,1,1,0
1834,1520,314,14,15,9,5,0
217,90,127,2,30,1,1,0
66,66,0,1,0,1,0,2
70,70,0,1,0,1,0,2
70,70,0,1,0,1,0,2
62,62,0,1,0,1,0,1
70,70,0,1,0,1,0,2
70,70,0,1,0,1,0,2
70,70,0,1,0,1,0,2
4406,1499,2907,19,30,11,8,0
177,94,83,2,30,1,1,0
233,90,143,2,33,1,1,0
145,145,0,1,0,1,0,1
70,70,0,2,8,2,0,0
62,62,0,1,0,1,0,1
312,190,122,5,16,3,2,0
1786,172,1614,7,120,3,4,0
4227,1086,3141,15,28,8,7,0
276,94,182,4,56,2,2,0
70,70,0,1,0,1,0,2
7211,823,6388,16,15,10,6,0
70,70,0,2,7,2,0,0
168812,5693,163119,186,21,68,118,0
323714,18296,305418,384,22,165,219,0
196,102,94,2,29,1,1,0
97,97,0,1,0,1,0,1
3470,1045,2425,13,121,6,7,0
12971,971,12000,22,15,12,10,0
3602,1519,2083,18,60,10,8,0
70,70,0,1,0,1,0,2
146,146,0,1,0,1,0,1
239,94,145,2,30,1,1,0
560,280,280,9,27,5,4,0
70,70,0,1,0,1,0,2
1067,697,370,8,63,5,3,0
66,66,0,1,0,1,0,1
60,60,0,1,0,1,0,1
229,94,135,2,30,1,1,0
1835,1190,645,17,26,10,7,0
1560,684,876,10,15,5,5,0
146,146,0,1,0,1,0,1
184,94,90,2,30,1,1,0
197,102,95,2,30,1,1,0
233,90,143,2,33,1,1,0
62,62,0,1,0,1,0,1
258,110,148,2,30,1,1,0
182,93,89,2,31,1,1,0
5687,499,5188,14,16,7,7,0
62,62,0,1,0,1,0,1
66,66,0,1,0,1,0,1
70,70,0,1,0,1,0,2
198,102,96,2,30,1,1,0
13168,2505,10663,21,121,9,12,0
70,70,0,1,0,1,0,2
70,70,0,2,7,2,0,0
210,86,124,2,30,1,1,0
156,156,0,3,8,3,0,0
223,71,152,2,31,1,1,0
66,66,0,1,0,1,0,1
130,70,60,2,15,1,1,0
66,66,0,1,0,1,0,1
70,70,0,2,8,2,0,0
760,96,664,2,31,1,1,0
177,94,83,2,29,1,1,0
468,390,78,5,30,4,1,0
168,86,82,2,30,1,1,0
499,425,74,4,0,3,1,0
78,78,0,1,5,1,0,0
70,70,0,1,0,1,0,2
70,70,0,2,7,2,0,0
241,118,123,2,29,1,1,0
66,66,0,1,0,1,0,1
277,90,187,4,32,2,2,0
6002,1965,4037,23,270,11,12,0
167,86,81,2,30,1,1,0
62,62,0,1,0,1,0,1
66,66,0,1,0,1,0,2
70,70,0,1,0,1,0,2
70,70,0,2,8,2,0,0
1499,930,569,16,78,9,7,0
3354,1792,1562,46,194,23,23,0
41658,23230,18428,114,798,66,48,0
70,70,0,1,0,1,0,2
66,66,0,1,0,1,0,1
66,66,0,1,0,1,0,1
786,110,676,2,30,1,1,0
1053,566,487,10,47,6,4,0
66,66,0,1,0,1,0,2
78,78,0,1,0,1,0,1
146,146,0,1,0,1,0,1
4400,1493,2907,19,30,11,8,0
66,66,0,1,0,1,0,1
12035,9784,2251,41,92,22,19,0
66,66,0,1,0,1,0,1
66,66,0,1,0,1,0,1
66,66,0,1,0,1,0,2
145,145,0,1,0,1,0,1
7950,2502,5448,38,16,22,16,0
101356,10743,90613,178,31,90,88,0
195,102,93,2,29,1,1,0
994,86,908,2,30,1,1,0
74,74,0,1,0,1,0,1
70,70,0,1,0,1,0,2
194,102,92,2,30,1,1,0
70,70,0,1,0,1,0,2
70,70,0,2,7,2,0,0
62,62,0,1,0,1,0,1
502,150,352,2,1200,1,1,0
17284,5197,12087,46,48,25,21,0
3354,1792,1562,46,194,23,23,0
195,102,93,2,30,1,1,0
70,70,0,1,0,1,0,2
184,94,90,2,31,1,1,0
179,94,85,2,30,1,1,0
66,66,0,1,0,1,0,2
4957,3488,1469,25,51,15,10,0
22676,8150,14526,33,16,17,16,0
7658,1309,6349,24,75,13,11,0
195,102,93,2,29,1,1,0
70,70,0,1,0,1,0,2
70,70,0,1,0,1,0,2
194,102,92,2,31,1,1,0
492,150,342,2,1200,1,1,0
198,94,104,2,30,1,1,0
70,70,0,1,0,1,0,2
86,86,0,1,30,1,0,0
62,62,0,1,0,1,0,1
303,85,218,2,30,1,1,0
62,62,0,1,0,1,0,1
66,66,0,1,0,1,0,2
183,94,89,2,29,1,1,0
11052,4417,6635,19,137,10,9,0
180,60,120,4,15,2,2,0
197,90,107,2,29,1,1,0
70,70,0,1,0,1,0,2
60,60,0,1,0,1,0,1
60,60,0,1,0,1,0,1
70,70,0,1,4,1,0,0
62,62,0,1,0,1,0,1
12110,3853,8257,35,1075,13,22,0
5041,2002,3039,14,120,7,7,0
62,62,0,1,0,1,0,1
27406,15466,11940,123,188,62,61,0
7899,5184,2715,24,16,13,11,0
217,82,135,2,32,1,1,0
66,66,0,1,0,1,0,2
241,178,63,2,31,1,1,0
70,70,0,2,8,2,0,0
70,70,0,1,0,1,0,2
82,82,0,2,40,2,0,0
70,70,0,1,30,1,0,0
19678,4762,14916,98,9851,54,44,0
70,70,0,1,0,1,0,2
70,70,0,1,0,1,0,2
8230,2275,5955,18,135,8,10,0
880,126,754,2,30,1,1,0
82,82,0,1,30,1,0,0
735,462,273,2,30,1,1,0
62,62,0,1,0,1,0,1
3354,1792,1562,46,194,23,23,0
228,110,118,2,29,1,1,0
16479,1820,14659,31,26,17,14,0
70,70,0,1,0,1,0,2
60,60,0,1,0,1,0,1
70,70,0,2,8,2,0,0
301,108,193,4,49,2,2,0
146,146,0,1,0,1,0,1
62,62,0,1,0,1,0,1
10831,1381,9450,22,19,12,10,0
66,66,0,1,0,1,0,1
62,62,0,1,0,1,0,1
66,66,0,1,0,1,0,2
62,62,0,1,0,1,0,1
9303,2551,6752,33,16,18,15,0
66,66,0,1,0,1,0,1
70,70,0,1,0,1,0,2
1015861,30762,985099,1147,257,421,726,0
70,70,0,1,0,1,0,2
70,70,0,1,0,1,0,2
3354,1792,1562,46,194,23,23,0
70,70,0,1,0,1,0,2
306,88,218,4,32,2,2,0
11582,2503,9079,33,47,17,16,0
258,78,180,2,30,1,1,0
6895,2273,4622,21,17,12,9,0
66,66,0,1,0,1,0,2
139,139,0,1,0,1,0,1
227,78,149,2,30,1,1,0
210,110,100,2,30,1,1,0
204,104,100,2,31,1,1,0
66,66,0,1,0,1,0,1
62,62,0,1,0,1,0,1
184,94,90,2,31,1,1,0
66,66,0,1,0,1,0,1
561,112,449,4,53,2,2,0
146,146,0,1,0,1,0,1
47102,3841,43261,59,121,25,34,0
244,94,150,2,30,1,1,0
60,60,0,1,0,1,0,1
62,62,0,1,0,1,0,1
60,60,0,1,0,1,0,1
6489,1065,5424,22,255,12,10,0
560,280,280,9,27,5,4,0
807,94,713,2,29,1,1,0
66,66,0,1,0,1,0,2
283,102,181,2,30,1,1,0
70,70,0,1,0,1,0,2
70,70,0,2,8,2,0,0
4454,591,3863,12,45,6,6,0
146,146,0,1,0,1,0,1
218,78,140,2,31,1,1,0
185,102,83,2,30,1,1,0
495,421,74,4,1,3,1,0
66,66,0,1,0,1,0,1
70,70,0,1,4,1,0,0
66,66,0,1,0,1,0,2
66,66,0,1,0,1,0,1
70,70,0,1,0,1,0,2
6150,914,5236,18,97,10,8,0
255,78,177,2,31,1,1,0
276,94,182,4,55,2,2,0
123082,8734,114348,200,84,101,99,0
70,70,0,1,4,1,0,0
184,86,98,2,30,1,1,0
70,70,0,1,0,1,0,2
66,66,0,1,0,1,0,1
168,86,82,2,30,1,1,0
148,86,62,2,30,1,1,0
62,62,0,1,0,1,0,1
145,145,0,1,0,1,0,1
1962,1287,675,13,27,7,6,0
70,70,0,1,0,1,0,2
74,74,0,1,0,1,0,1
880,189,691,6,75,3,3,0
1155,781,374,10,16,6,4,0
70,70,0,1,0,1,0,2
70,70,0,2,7,2,0,0
78,78,0,1,0,1,0,1
70,70,0,1,0,1,0,2
70,70,0,1,0,1,0,2
66,66,0,2,7,2,0,0
66,66,0,1,0,1,0,1
62,62,0,1,0,1,0,1
66,66,0,1,0,1,0,1
744,618,126,10,28,8,2,0
70,70,0,1,0,1,0,2
4559,1652,2907,19,27,11,8,0
1549485,41822,1507663,1612,179,520,1092,0
60,60,0,1,0,1,0,1
4595,1038,3557,19,54,11,8,0
70,70,0,1,0,1,0,2
10226,4435,5791,50,256,24,26,0
4531,974,3557,18,65,10,8,0
701,88,613,2,30,1,1,0
70,70,0,1,0,1,0,2
66,66,0,1,0,1,0,2
70,70,0,1,0,1,0,2
190,97,93,2,31,1,1,0
70,70,0,1,0,1,0,2
70,70,0,2,9,2,0,0
62,62,0,1,0,1,0,1
100,100,0,1,0,1,0,1
198,102,96,2,30,1,1,0
1054,567,487,10,24,6,4,0
262,106,156,2,32,1,1,0
70,70,0,1,0,1,0,2
200,86,114,2,30,1,1,0
20149,14507,5642,40,355,24,16,0
70,70,0,1,0,1,0,2
7072,1541,5531,27,271,12,15,0
775362,32338,743024,683,180,169,514,0
66,66,0,1,0,1,0,1
70,70,0,1,5,1,0,0
177,94,83,2,30,1,1,0
3843,1312,2531,19,227,6,13,0
60,60,0,1,0,1,0,1
192,98,94,2,31,1,1,0
60,60,0,1,0,1,0,1
60,60,0,1,0,1,0,1
62,62,0,1,0,1,0,1
528,528,0,9,1200,9,0,0
318,192,126,6,41,4,2,0
60,60,0,1,0,1,0,1
498,204,294,6,30,3,3,0
180,94,86,2,30,1,1,0
335,102,233,2,30,1,1,0
62,62,0,1,0,1,0,1
100,100,0,1,0,1,0,1
252,102,150,2,30,1,1,0
9612,4324,5288,31,400,11,20,0
18608,1844,16764,31,16,16,15,0
168,78,90,2,29,1,1,0
70,70,0,2,8,2,0,0
70,70,0,1,0,1,0,2
181,94,87,2,29,1,1,0
6430,1513,4917,26,40,14,12,0
1629306,22920,1606386,1339,116,262,1077,0
3783,1087,2696,11,120,5,6,0
146,146,0,1,0,1,0,1
70,70,0,1,0,1,0,2
185,185,0,1,0,1,0,1
62,62,0,1,0,1,0,1
70,70,0,1,0,1,0,2
62,62,0,1,0,1,0,1
138,78,60,2,5,1,1,0
66,66,0,1,0,1,0,1
2499,2499,0,22,300,22,0,0
130792,4916,125876,161,89,69,92,0
70,70,0,1,0,1,0,2
70,70,0,1,0,1,0,2
66,66,0,1,0,1,0,1
6911,897,6014,22,28,10,12,0
3132,815,2317,14,16,7,7,0
70,70,0,1,0,1,0,2
180,94,86,2,30,1,1,0
183,94,89,2,30,1,1,0
70,70,0,1,0,1,0,2
216,94,122,2,30,1,1,0
70,70,0,1,0,1,0,2
4528,884,3644,15,26,9,6,0
70,70,0,1,0,1,0,2
1714,1014,700,11,21,6,5,0
66,66,0,1,0,1,0,2
6698,1606,5092,23,19,13,10,0
4383,2829,1554,27,80,14,13,0
62,62,0,1,0,1,0,1
911697,74083,837614,1247,343,459,788,0
146,146,0,1,0,1,0,1
6715,1415,5300,27,84,14,13,0
159116,5586,153530,191,47,77,114,0
168,86,82,2,31,1,1,0
179,94,85,2,30,1,1,0
60,60,0,1,0,1,0,1
100,100,0,1,0,1,0,1
62,62,0,1,0,1,0,1
60,60,0,1,0,1,0,1
66,66,0,1,0,1,0,2
66,66,0,1,0,1,0,1
8248,2508,5740,31,271,13,18,0
466,392,74,4,1,3,1,0
7726,4613,3113,21,137,11,10,0
62,62,0,1,0,1,0,1
66,66,0,1,0,1,0,2
621281,256,621025,881,49,5,876,0
70,70,0,1,0,1,0,2
70,70,0,1,0,1,0,2
132,70,62,2,30,1,1,0
8647,1990,6657,23,26,14,9,0
458,188,270,6,31,3,3,0
70,70,0,1,0,1,0,2
4943,429,4514,12,15,6,6,0
66,66,0,1,0,1,0,2
214,102,112,2,29,1,1,0
562,222,340,9,26,4,5,0
146,146,0,1,0,1,0,1
391,134,257,2,30,1,1,0
177,94,83,2,30,1,1,0
349583,9149,340434,298,25,62,236,0
6520,1550,4970,19,54,11,8,0
31541,25324,6217,49,91,29,20,0
27886,17603,10283,138,462,76,62,0
752,110,642,2,30,1,1,0
62,62,0,1,0,1,0,1
168,78,90,2,30,1,1,0
62,62,0,1,0,1,0,1
7439,1156,6283,19,75,11,8,0
178,94,84,2,29,1,1,0
70,70,0,1,0,1,0,2
70,70,0,1,0,1,0,2
60,60,0,1,91,1,0,0
5782,1008,4774,17,16,8,9,0
445,86,359,2,29,1,1,0
4742,1835,2907,19,29,11,8,0
89702,83941,5761,91,181,66,25,0
887,126,761,2,30,1,1,0
196,102,94,2,30,1,1,0
913,126,787,2,31,1,1,0
66,66,0,1,0,1,0,1
928,126,802,2,31,1,1,0
62,62,0,1,0,1,0,1
62,62,0,1,0,1,0,1
70,70,0,1,0,1,0,2
70,70,0,1,0,1,0,2
70,70,0,2,8,2,0,0
192,98,94,2,31,1,1,0
138,78,60,2,6,1,1,0
3915,1934,1981,14,122,7,7,0
226,110,116,2,30,1,1,0
278,94,184,2,30,1,1,0
62,62,0,1,0,1,0,1
156,156,0,3,8,3,0,0
52105,1615,50490,61,18,24,37,0
60,60,0,1,0,1,0,1
66,66,0,1,0,1,0,1
6151,2939,3212,28,332,13,15,0
66,66,0,1,0,1,0,2
780,104,676,2,30,1,1,0
70,70,0,1,0,1,0,2
371,237,134,3,33,2,1,0
66,66,0,1,0,1,0,1
513,152,361,2,1200,1,1,0
70,70,0,1,0,1,0,2
184,94,90,2,31,1,1,0
241,94,147,2,30,1,1,0
70,70,0,1,0,1,0,2
66,66,0,1,0,1,0,1
66,66,0,1,0,1,0,2
2104,1209,895,15,16,7,8,0
62,62,0,1,0,1,0,1
146,146,0,1,0,1,0,1
196,102,94,2,30,1,1,0
228,118,110,2,1200,1,1,0
62,62,0,1,0,1,0,1
66,66,0,1,0,1,0,1
70,70,0,1,0,1,0,2
70,70,0,1,0,1,0,2
958,454,504,14,21,8,6,0
209,110,99,2,30,1,1,0
177,94,83,2,29,1,1,0
267,94,173,4,56,2,2,0
66,66,0,1,0,1,0,2
206,105,101,2,31,1,1,0
62,62,0,1,0,1,0,1
66,66,0,1,0,1,0,1
193,102,91,2,30,1,1,0
182,93,89,2,31,1,1,0
316,94,222,2,30,1,1,0
5904,1876,4028,18,18,10,8,0
70,70,0,1,0,1,0,2
66,66,0,1,0,1,0,2
145,145,0,1,0,1,0,1
402,118,284,2,30,1,1,0
43980,3500,40480,65,16,31,34,0
193,102,91,2,30,1,1,0
7238,2601,4637,20,17,10,10,0
348281,20002,328279,401,350,153,248,0
70,70,0,1,0,1,0,2
62,62,0,1,0,1,0,1
62,62,0,1,0,1,0,1
448,78,370,6,25,1,5,0
146,146,0,1,0,1,0,1
216,110,106,2,31,1,1,0
1125,595,530,12,29,6,6,0
1658,1247,411,8,15,5,3,0
14689,8867,5822,93,3051,67,26,0
66,66,0,1,0,1,0,1
70,70,0,1,0,1,0,2
66,66,0,1,0,1,0,1
199,102,97,2,30,1,1,0
195,102,93,2,30,1,1,0
70,70,0,1,5,1,0,0
502,256,246,9,39,5,4,0
62,62,0,1,0,1,0,1
5427472,61630,5365842,4509,79,894,3615,0
190,70,120,4,15,2,2,0
70,70,0,2,7,2,0,0
157,157,0,1,0,1,0,1
4478,1133,3345,13,27,8,5,0
82,82,0,1,30,1,0,0
62,62,0,1,0,1,0,1
290,94,196,4,41,2,2,0
6922,2214,4708,32,136,20,12,0
879,126,753,2,30,1,1,0
264,110,154,2,30,1,1,0
66,66,0,1,0,1,0,1
366,240,126,7,25,5,2,0
62,62,0,1,0,1,0,1
66,66,0,1,0,1,0,1
6265,1185,5080,24,89,14,10,0
66,66,0,1,0,1,0,1
194,102,92,2,29,1,1,0
66,66,0,1,0,1,0,1
3354,2353,1001,18,45,11,7,0
70,70,0,1,0,1,0,2
6500,1064,5436,22,255,12,10,0
62,62,0,1,0,1,0,1
26835,2611,24224,36,121,14,22,0
847,110,737,2,31,1,1,0
62,62,0,1,0,1,0,1
138,69,69,2,30,1,1,0
72,72,0,1,0,1,0,1
197,94,103,2,31,1,1,0
227,94,133,2,29,1,1,0
12190,2075,10115,28,16,14,14,0
66,66,0,1,0,1,0,1
3917,1584,2333,50,3325,25,25,0
70,70,0,1,5,1,0,0
66,66,0,1,0,1,0,2
8589,2871,5718,26,46,14,12,0
66,66,0,1,0,1,0,1
66,66,0,1,0,1,0,2
196,102,94,2,29,1,1,0
62,62,0,1,0,1,0,1
70,70,0,1,0,1,0,2
3613,433,3180,11,16,6,5,0
181,94,87,2,33,1,1,0
146,146,0,1,0,1,0,1
70,70,0,1,0,1,0,2
60,60,0,1,0,1,0,1
62,62,0,1,0,1,0,1
9649,3714,5935,47,340,24,23,0
70,70,0,2,8,2,0,0
3351,841,2510,13,136,6,7,0
66,66,0,1,0,1,0,1
6329,3447,2882,67,841,34,33,0
213,102,111,2,30,1,1,0
70,70,0,1,0,1,0,2
633920,7867,626053,505,41,81,424,0
70,70,0,1,0,1,0,2
9704,2335,7369,20,26,10,10,0
70,70,0,1,0,1,0,2
229,94,135,2,30,1,1,0
95311,21869,73442,140,62,61,79,0
271,88,183,4,37,2,2,0
48255,4798,43457,100,149,47,53,0
66,66,0,1,0,1,0,1
10247,3696,6551,32,33,16,16,0
62,62,0,1,0,1,0,1
62,62,0,1,0,1,0,1
240,98,142,2,30,1,1,0
70,70,0,1,0,1,0,2
66,66,0,1,0,1,0,1
70,70,0,1,0,1,0,2
4695,2520,2175,22,19,13,9,0
70,70,0,1,0,1,0,2
1334,462,872,4,30,2,2,0
70,70,0,1,0,1,0,2
11811,4242,7569,27,46,15,12,0
70,70,0,1,0,1,0,2
66,66,0,1,0,1,0,1
66,66,0,1,0,1,0,1
66,66,0,1,0,1,0,1
62,62,0,1,0,1,0,1
66,66,0,1,0,1,0,2
172,172,0,2,5,2,0,0
70,70,0,1,0,1,0,2
7136,3526,3610,42,1239,21,21,0
184,94,90,2,29,1,1,0
183,94,89,2,30,1,1,0
66,66,0,1,0,1,0,2
17656,4044,13612,30,122,13,17,0
200,94,106,2,30,1,1,0
1639,460,1179,8,30,4,4,0
66,66,0,1,0,1,0,1
10087,3968,6119,32,271,17,15,0
7653,1226,6427,24,18,14,10,0
12591,2902,9689,40,55,19,21,0
9737,6695,3042,45,81,24,21,0
827,687,140,6,32,4,2,0
184,102,82,2,30,1,1,0
62,62,0,1,0,1,0,1
2046,1026,1020,17,80,9,8,0
334,158,176,2,1200,1,1,0
62,62,0,1,0,1,0,1
15437,8368,7069,40,361,19,21,0
4206,3273,933,17,19,9,8,0
246,102,144,2,30,1,1,0
66,66,0,1,0,1,0,1
70,70,0,1,0,1,0,2
66,66,0,1,0,1,0,2
66,66,0,1,0,1,0,2
87,87,0,2,61,2,0,0
4534,1627,2907,19,27,11,8,0
78,78,0,1,0,1,0,1
1916,1467,449,10,19,6,4,0
145,145,0,1,0,1,0,1
198,102,96,2,30,1,1,0
1818,1188,630,26,2804,19,7,0
209,110,99,2,30,1,1,0
285,102,183,2,30,1,1,0
593578,18531,575047,531,210,128,403,0
66,66,0,1,0,1,0,2
211,110,101,2,31,1,1,0
5541,4758,783,16,16,8,8,0
62,62,0,1,0,1,0,1
70,70,0,1,0,1,0,2
62,62,0,1,0,1,0,1
70,70,0,1,0,1,0,2
3563945,186679,3377266,4424,723,1877,2547,0
66,66,0,1,0,1,0,2
70,70,0,1,0,1,0,2
498,204,294,6,30,3,3,0
130,70,60,2,5,1,1,0
70,70,0,1,0,1,0,2
66,66,0,1,0,1,0,1
214,110,104,2,30,1,1,0
70,70,0,2,5,2,0,0
2190,1249,941,23,26,12,11,0
66,66,0,1,0,1,0,2
62,62,0,1,0,1,0,1
181,94,87,2,32,1,1,0
74,74,0,1,0,1,0,1
184,94,90,2,30,1,1,0
66,66,0,1,0,1,0,1
60,60,0,1,0,1,0,1
164,84,80,2,31,1,1,0
194,102,92,2,30,1,1,0
62,62,0,1,0,1,0,1
62,62,0,1,0,1,0,1
204,118,86,2,31,1,1,0
70,70,0,1,0,1,0,2
66,66,0,1,0,1,0,2
66,66,0,1,0,1,0,2
145,145,0,1,0,1,0,1
28032,3868,24164,47,24,23,24,0
4974,836,4138,16,40,8,8,0
12704,3459,9245,50,1336,18,32,0
785,110,675,2,30,1,1,0
70,70,0,1,0,1,0,2
70,70,0,1,0,1,0,2
66,66,0,1,0,1,0,2
20298,11977,8321,85,139,45,40,0
138,78,60,2,5,1,1,0
194,102,92,2,31,1,1,0
70,70,0,1,0,1,0,2
128477,6347,122130,155,276,56,99,0
17372,10352,7020,91,422,52,39,0
70,70,0,2,7,2,0,0
66,66,0,1,0,1,0,2
8900,2020,6880,28,25,15,13,0
70,70,0,1,0,1,0,2
70,70,0,1,0,1,0,2
184,94,90,2,30,1,1,0
62,62,0,1,0,1,0,1
8182,1488,6694,23,133,13,10,0
6969,6315,654,15,15,9,6,0
43491,8521,34970,69,50,34,35,0
80789,5008,75781,92,128,33,59,0
60,60,0,1,0,1,0,1
146,146,0,1,0,1,0,1
70,70,0,1,0,1,0,2
8237,1724,6513,31,270,16,15,0
939,126,813,2,30,1,1,0
3428,1714,1714,16,34,8,8,0
182,93,89,2,31,1,1,0
2986,825,2161,10,135,6,4,0
198,102,96,2,30,1,1,0
70,70,0,1,5,1,0,0
204,118,86,2,31,1,1,0
62,62,0,1,0,1,0,1
38137,1920,36217,51,81,24,27,0
512,166,346,2,30,1,1,0
62,62,0,1,0,1,0,1
1559,1107,452,9,22,5,4,0
183,94,89,2,30,1,1,0
70,70,0,1,0,1,0,2
156,156,0,2,0,2,0,1
61842,4466,57376,109,293,46,63,0
70,70,0,1,0,1,0,2
90,90,0,1,0,1,0,1
1451,949,502,12,46,7,5,0
66,66,0,1,0,1,0,2
422,164,258,6,31,3,3,0
66,66,0,1,0,1,0,2
1056,682,374,10,15,6,4,0
290,118,172,2,30,1,1,0
238,102,136,2,30,1,1,0
94,94,0,1,30,1,0,0
2601,1455,1146,18,15,8,10,0
195,78,117,2,30,1,1,0
180,94,86,2,30,1,1,0
70,70,0,1,0,1,0,2
17110,4513,12597,42,121,19,23,0
5782,1008,4774,17,1,8,9,0
70,70,0,1,0,1,0,2
70,70,0,1,0,1,0,2
4373,2985,1388,21,37,11,10,0
66,66,0,1,0,1,0,2
70,70,0,1,0,1,0,2
5777400,184445,5592955,6224,332,2268,3956,0
220,90,130,2,30,1,1,0
62,62,0,1,0,1,0,1
190,70,120,4,15,2,2,0
62,62,0,1,0,1,0,1
441,162,279,6,32,3,3,0
66,66,0,1,0,1,0,1
3513,795,2718,11,120,5,6,0
317388,25904,291484,338,200,128,210,0
60,60,0,1,5,1,0,0
2803,1625,1178,16,21,9,7,0
184,94,90,2,30,1,1,0
13944,2069,11875,28,30,15,13,0
70,70,0,1,0,1,0,2
4181,998,3183,14,26,7,7,0
1753,833,920,10,20,6,4,0
419,111,308,2,31,1,1,0
5814771,76275,5738496,4959,154,976,3983,0
3354,1792,1562,46,192,23,23,0
70,70,0,1,0,1,0,2
70,70,0,1,5,1,0,0
481,150,331,2,1200,1,1,0
70,70,0,1,0,1,0,2
66,66,0,1,0,1,0,1
6408,2531,3877,21,16,11,10,0
66,66,0,1,0,1,0,1
66,66,0,2,8,2,0,0
14579,1280,13299,25,16,9,16,0
655052,13866,641186,599,31,150,449,0
170,87,83,2,31,1,1,0
139,139,0,1,0,1,0,1
16215,1368,14847,36,77,12,24,0
62,62,0,1,0,1,0,1
70,70,0,1,0,1,0,2
11484,3842,7642,30,31,16,14,0
62,62,0,1,5,1,0,0
214,110,104,2,31,1,1,0
66,66,0,1,0,1,0,2
3054,1599,1455,16,15,8,8,0
15400,12233,3167,75,995,38,37,0
9423,2105,7318,31,26,16,15,0
70,70,0,1,0,1,0,2
62,62,0,1,0,1,0,1
209,110,99,2,30,1,1,0
66,66,0,1,0,1,0,2
198,101,97,2,30,1,1,0
66,66,0,1,0,1,0,1
70,70,0,1,0,1,0,2
60,60,0,1,0,1,0,1
1916,1467,449,10,19,6,4,0
70,70,0,1,0,1,0,2
70,70,0,1,0,1,0,2
62,62,0,1,0,1,0,1
182,94,88,2,30,1,1,0
196,86,110,2,30,1,1,0
2088188,38201,2049987,1829,84,404,1425,0
499,425,74,4,0,3,1,0
70,70,0,1,5,1,0,0
60,60,0,1,0,1,0,1
7045,2145,4900,18,136,8,10,0
224,78,146,2,30,1,1,0
70,70,0,1,0,1,0,2
6403,4065,2338,22,16,11,11,0
60,60,0,1,0,1,0,1
70,70,0,1,5,1,0,0
199,94,105,2,30,1,1,0
66,66,0,1,0,1,0,1
66,66,0,1,0,1,0,1
174,89,85,2,31,1,1,0
411,99,312,4,52,2,2,0
70,70,0,2,8,2,0,0
70,70,0,1,0,1,0,2
66,66,0,1,0,1,0,1
6065,2277,3788,17,135,8,9,0
70,70,0,1,0,1,0,2
70,70,0,1,0,1,0,2
210,110,100,2,30,1,1,0
62,62,0,1,0,1,0,1
11464,5499,5965,54,15,29,25,0
88,88,0,1,30,1,0,0
66,66,0,1,0,1,0,1
70,70,0,2,8,2,0,0
70,70,0,1,0,1,0,2
199,102,97,2,29,1,1,0
1356,300,1056,6,1201,3,3,0
66,66,0,1,0,1,0,2
10302,3853,6449,27,61,16,11,0
62,62,0,1,0,1,0,1
66,66,0,1,0,1,0,1
878,184,694,6,71,3,3,0
273,102,171,2,30,1,1,0
183,94,89,2,30,1,1,0
5925,3462,2463,13,120,7,6,0
66,66,0,1,0,1,0,1
183,94,89,2,30,1,1,0
198,102,96,2,30,1,1,0
66,66,0,2,8,2,0,0
70,70,0,2,8,2,0,0
2349,258,2091,10,120,4,6,0
62,62,0,1,0,1,0,1
3766,1654,2112,10,120,5,5,0
702409,17257,685152,698,32,233,465,0
66,66,0,1,0,1,0,1
66,66,0,1,0,1,0,1
3473,1518,1955,17,19,9,8,0
180,94,86,2,30,1,1,0
5399,368,5031,18,31,5,13,0
6620,1197,5423,22,129,12,10,0
257,101,156,2,33,1,1,0
735,88,647,2,31,1,1,0
6292,1492,4800,22,16,11,11,0
145,145,0,1,0,1,0,1
1262,1262,0,1,0,1,0,1
66,66,0,1,0,1,0,1
186,95,91,2,30,1,1,0
70,70,0,1,0,1,0,2
257,78,179,2,30,1,1,0
366,180,186,7,29,4,3,0
198,101,97,2,31,1,1,0
8301,2172,6129,25,255,12,13,0
146,146,0,1,0,1,0,1
1376,788,588,10,35,6,4,0
265,94,171,2,30,1,1,0
60,60,0,1,0,1,0,1
70,70,0,1,0,1,0,2
70,70,0,1,0,1,0,2
70,70,0,1,5,1,0,0
60,60,0,1,0,1,0,1
70,70,0,1,0,1,0,2
62,62,0,1,0,1,0,1
177,94,83,2,30,1,1,0
66,66,0,1,0,1,0,2
66,66,0,1,0,1,0,2
1162,856,306,10,14,5,5,0
706,195,511,6,52,3,3,0
195,102,93,2,30,1,1,0
66,66,0,1,0,1,0,1
62,62,0,1,0,1,0,1
212,102,110,2,30,1,1,0
85306,4735,80571,120,22,55,65,0
7292,950,6342,19,75,9,10,0
10839,705,10134,14,46,4,10,0
10105,1951,8154,24,126,13,11,0
70,70,0,1,0,1,0,2
166,86,80,2,30,1,1,0
70,70,0,1,0,1,0,2
193,102,91,2,30,1,1,0
168,78,90,2,30,1,1,0
15246,5574,9672,60,391,27,33,0
236,71,165,2,30,1,1,0
70,70,0,1,0,1,0,2
70,70,0,1,0,1,0,2
711,87,624,2,30,1,1,0
244,78,166,2,30,1,1,0
9482,4710,4772,19,16,11,8,0
70,70,0,1,0,1,0,2
168,78,90,2,30,1,1,0
234,234,0,4,12,4,0,0
164451,18310,146141,163,175,52,111,0
8104,2201,5903,28,135,15,13,0
60,60,0,1,0,1,0,1
12650,889,11761,20,16,9,11,0
70,70,0,1,0,1,0,2
770,101,669,2,30,1,1,0
70,70,0,1,0,1,0,2
2807,587,2220,13,16,7,6,0
199,94,105,2,30,1,1,0
195,102,93,2,30,1,1,0
200,102,98,2,30,1,1,0
62,62,0,1,0,1,0,1
199,94,105,2,29,1,1,0
20301,1264,19037,28,26,11,17,0
70,70,0,1,0,1,0,2
787,110,677,2,30,1,1,0
214,102,112,2,30,1,1,0
70,70,0,1,0,1,0,2
62,62,0,1,0,1,0,1
373,98,275,4,43,2,2,0
4465,1558,2907,19,27,11,8,0
5611,3452,2159,22,133,13,9,0
14463,9503,4960,34,17,17,17,0
183,94,89,2,31,1,1,0
184,94,90,2,30,1,1,0
19154,11130,8024,40,102,24,16,0
70,70,0,1,0,1,0,2
70,70,0,1,0,1,0,2
5570,699,4871,14,22,7,7,0
70,70,0,1,0,1,0,2
882,126,756,2,30,1,1,0
60,60,0,1,0,1,0,1
62,62,0,1,0,1,0,1
2276,1356,920,15,3601,7,8,0
23561,3667,19894,40,121,19,21,0
62,62,0,1,0,1,0,1
194,102,92,2,31,1,1,0
3013,1661,1352,14,20,8,6,0
70,70,0,1,0,1,0,2
70,70,0,1,0,1,0,2
26085,2508,23577,52,38,29,23,0
66,66,0,1,0,1,0,1
211,102,109,2,30,1,1,0
5710,1228,4482,21,16,12,9,0
257154,11550,245604,303,54,121,182,0
66,66,0,1,0,1,0,2
62,62,0,1,0,1,0,1
479,150,329,2,1200,1,1,0
193,102,91,2,31,1,1,0
527,166,361,2,1200,1,1,0
1056,682,374,10,15,6,4,0
184,94,90,2,30,1,1,0
62,62,0,1,0,1,0,1
66,66,0,1,0,1,0,1
165,86,79,2,29,1,1,0
70,70,0,1,0,1,0,2
199,102,97,2,29,1,1,0
193,102,91,2,30,1,1,0
179,94,85,2,31,1,1,0
70,70,0,1,0,1,0,2
66,66,0,1,0,1,0,2
146,146,0,1,0,1,0,1
62,62,0,1,0,1,0,3
177,94,83,2,30,1,1,0
62,62,0,1,0,1,0,1
60,60,0,1,0,1,0,1
9997,1306,8691,17,25,8,9,0
70,70,0,1,0,1,0,2
4400,433,3967,12,15,6,6,0
214,102,112,2,29,1,1,0
145,145,0,1,0,1,0,1
910,358,552,14,47,6,8,0
23967,5983,17984,40,142,17,23,0
66,66,0,1,0,1,0,1
82,82,0,1,31,1,0,0
184,94,90,2,30,1,1,0
159,159,0,1,0,1,0,1
167,86,81,2,30,1,1,0
934,506,428,14,29,8,6,0
62,62,0,1,0,1,0,1
1642025,26957,1615068,1478,17,406,1072,0
100,100,0,1,0,1,0,1
62,62,0,1,0,1,0,1
66,66,0,1,0,1,0,1
19201,1566,17635,34,16,16,18,0
24320,6711,17609,45,122,20,25,0
197,90,107,2,30,1,1,0
188,96,92,2,30,1,1,0
402,132,270,6,1209,3,3,0
2182,798,1384,19,1199,10,9,0
66,66,0,1,0,1,0,2
230,102,128,2,30,1,1,0
70,70,0,2,7,2,0,0
1093,662,431,10,41,6,4,0
70,70,0,1,0,1,0,2
5776,1079,4697,15,53,8,7,0
60,60,0,1,0,1,0,1
344,78,266,2,30,1,1,0
66,66,0,1,0,1,0,1
199,102,97,2,29,1,1,0
146,146,0,1,0,1,0,1
12382,2688,9694,37,361,19,18,0
1373,734,639,17,155,10,7,0
8897,2184,6713,24,516,13,11,0
70,70,0,1,0,1,0,2
62,62,0,1,0,1,0,1
8123,5308,2815,18,134,9,9,0
70,70,0,1,0,1,0,2
156,156,0,3,8,3,0,0
66,66,0,1,0,1,0,1
3654,1144,2510,10,120,5,5,0
199,94,105,2,30,1,1,0
60,60,0,1,0,1,0,1
66,66,0,1,0,1,0,2
197,94,103,2,29,1,1,0
7975,1742,6233,24,81,14,10,0
121344,7345,113999,144,141,61,83,0
249,94,155,2,30,1,1,0
765,102,663,2,29,1,1,0
172,94,78,2,30,1,1,0
448,166,282,2,30,1,1,0
462,462,0,8,3632,8,0,0
199,102,97,2,30,1,1,0
66,66,0,1,0,1,0,1
70,70,0,1,5,1,0,0
707,94,613,2,29,1,1,0
1278,774,504,12,361,7,5,0
98,98,0,1,0,1,0,1
70,70,0,1,0,1,0,2
816,102,714,2,30,1,1,0
454923,271912,183011,516,549,295,221,0
146,146,0,1,0,1,0,1
86,86,0,1,30,1,0,0
421329,12430,408899,433,16,152,281,0
353,101,252,4,54,2,2,0
62,62,0,1,0,1,0,1
66,66,0,1,0,1,0,1
70,70,0,1,0,1,0,2
62,62,0,1,0,1,0,1
72,72,0,1,0,1,0,1
177,94,83,2,30,1,1,0
164,78,86,2,30,1,1,0
66,66,0,1,0,1,0,2
70,70,0,1,0,1,0,2
70,70,0,1,4,1,0,0
177,94,83,2,30,1,1,0
66,66,0,1,0,1,0,1
44532,3294,41238,56,128,21,35,0
184,94,90,2,30,1,1,0
62,62,0,1,0,1,0,1
190,70,120,4,15,2,2,0
70,70,0,1,0,1,0,2
9406,1913,7493,14,16,7,7,0
572,292,280,9,33,5,4,0
66,66,0,1,0,1,0,1
422,240,182,8,25,5,3,0
486,240,246,9,28,5,4,0
230,78,152,2,29,1,1,0
184,94,90,2,30,1,1,0
452,101,351,4,36,2,2,0
66,66,0,1,0,1,0,1
70,70,0,1,0,1,0,2
148,86,62,2,30,1,1,0
1786,172,1614,7,121,3,4,0
74,74,0,1,0,1,0,1
70,70,0,1,0,1,0,2
819,102,717,2,30,1,1,0
70,70,0,1,0,1,0,2
62,62,0,1,0,1,0,1
564,318,246,9,15,5,4,0
70,70,0,1,0,1,0,2
168,78,90,2,30,1,1,0
8866,4928,3938,26,121,13,13,0
70,70,0,1,0,1,0,2
188,96,92,2,31,1,1,0
738,86,652,2,30,1,1,0
166,166,0,1,1199,1,0,0
66,66,0,1,0,1,0,1
585,86,499,2,30,1,1,0
66,66,0,1,0,1,0,2
214,110,104,2,31,1,1,0
138,69,69,2,30,1,1,0
355,118,237,2,30,1,1,0
8929,3316,5613,38,255,18,20,0
62,62,0,1,0,1,0,1
423,95,328,4,34,2,2,0
60,60,0,1,0,1,0,1
70,70,0,1,5,1,0,0
60,60,0,1,0,1,0,1
70,70,0,1,0,1,0,2
70,70,0,1,0,1,0,2
214,140,74,4,25,3,1,0
8060,2001,6059,24,19,14,10,0
70,70,0,1,0,1,0,2
11570,3553,8017,24,134,10,14,0
70,70,0,1,0,1,0,2
66,66,0,1,0,1,0,2
70,70,0,1,0,1,0,2
70,70,0,1,0,1,0,2
216,110,106,2,29,1,1,0
168,78,90,2,30,1,1,0
66,66,0,1,0,1,0,1
70,70,0,1,5,1,0,0
197,102,95,2,29,1,1,0
66,66,0,1,0,1,0,2
199,94,105,2,30,1,1,0
198,101,97,2,30,1,1,0
177,94,83,2,30,1,1,0
62,62,0,1,0,1,0,1
723,102,621,2,30,1,1,0
245,182,63,2,30,1,1,0
490,149,341,2,1200,1,1,0
66,66,0,1,0,1,0,1
60,60,0,1,0,1,0,1
424,198,226,7,142,4,3,0
3974,2015,1959,21,345,10,11,0
501,150,351,2,1200,1,1,0
66,66,0,1,0,1,0,1
70,70,0,1,0,1,0,2
66,66,0,1,0,1,0,1
70,70,0,1,0,1,0,2
11338,7078,4260,19,16,12,7,0
66,66,0,1,0,1,0,2
66,66,0,1,0,1,0,1
70,70,0,1,0,1,0,2
62,62,0,1,0,1,0,1
66,66,0,1,0,1,0,2
3185,2263,922,18,25,9,9,0
17936,14273,3663,59,122,33,26,0
17976,840,17136,21,16,6,15,0
179,94,85,2,29,1,1,0
183,94,89,2,29,1,1,0
62,62,0,1,0,1,0,1
60,60,0,1,0,1,0,1
184,94,90,2,29,1,1,0
70,70,0,1,0,1,0,2
528,528,0,9,1200,9,0,0
70,70,0,1,0,1,0,2
194,128,66,4,51,3,1,0
70,70,0,1,0,1,0,2
3132,815,2317,14,15,7,7,0
66,66,0,1,0,1,0,1
62,62,0,1,0,1,0,1
1259,639,620,20,300,10,10,0
146,146,0,1,0,1,0,1
70,70,0,1,0,1,0,2
576,272,304,9,142,5,4,0
70,70,0,1,4,1,0,0
66,66,0,1,0,1,0,2
62,62,0,1,0,1,0,1
62,62,0,1,0,1,0,1
762,98,664,2,30,1,1,0
66,66,0,1,0,1,0,2
177,94,83,2,30,1,1,0
177,94,83,2,30,1,1,0
240,110,130,2,30,1,1,0
66,66,0,1,0,1,0,1
60,60,0,1,0,1,0,1
11568,9158,2410,42,80,23,19,0
70,70,0,1,0,1,0,2
4398,1491,2907,19,29,11,8,0
921,921,0,1,0,1,0,1
62,62,0,1,0,1,0,1
66,66,0,1,0,1,0,1
258,107,151,2,30,1,1,0
146,146,0,1,0,1,0,1
148,86,62,2,30,1,1,0
10104,2646,7458,28,186,14,14,0
146,146,0,1,0,1,0,1
3425,1470,1955,16,17,8,8,0
70,70,0,1,0,1,0,2
66,66,0,1,0,1,0,1
199,102,97,2,30,1,1,0
1492,1050,442,7,15,5,2,0
70,70,0,1,0,1,0,2
70,70,0,1,0,1,0,2
60,60,0,1,0,1,0,1
66,66,0,1,0,1,0,1
763,296,467,4,1200,2,2,0
70,70,0,1,0,1,0,2
199,102,97,2,30,1,1,0
174,81,93,2,30,1,1,0
499,425,74,4,0,3,1,0
180,92,88,2,31,1,1,0
70,70,0,1,5,1,0,0
66,66,0,1,0,1,0,2
388366,15919,372447,435,219,158,277,0
66,66,0,1,0,1,0,1
66,66,0,1,0,1,0,1
199,94,105,2,29,1,1,0
66,66,0,1,0,1,0,2
193,102,91,2,30,1,1,0
70,70,0,2,8,2,0,0
214,110,104,2,30,1,1,0
4608,3133,1475,18,35,10,8,0
188,96,92,2,31,1,1,0
177,94,83,2,30,1,1,0
70,70,0,1,0,1,0,2
5995,3536,2459,31,20,17,14,0
5188,1096,4092,21,95,12,9,0
198,102,96,2,30,1,1,0
2895,771,2124,12,24,6,6,0
1188,1188,0,1,0,1,0,1
66,66,0,1,0,1,0,2
20280,13177,7103,82,1176,46,36,0
70,70,0,1,0,1,0,2
66,66,0,1,0,1,0,2
6505,2038,4467,26,46,15,11,0
74,74,0,1,0,1,0,1
60,60,0,1,0,1,0,1
177,94,83,2,30,1,1,0
7966,3102,4864,18,75,10,8,0
66,66,0,1,0,1,0,1
62,62,0,1,0,1,0,1
9265,2134,7131,24,123,12,12,0
66,66,0,1,0,1,0,1
5481,4758,723,15,15,8,7,0
740,93,647,2,31,1,1,0
70,70,0,1,0,1,0,2
199,102,97,2,30,1,1,0
196,100,96,2,30,1,1,0
70,70,0,1,0,1,0,2
8229,2091,6138,24,361,12,12,0
66,66,0,1,0,1,0,1
14857,1138,13719,26,17,10,16,0
276,70,206,5,26,2,3,0
8052,1307,6745,27,125,16,11,0
3213,2242,971,19,25,9,10,0
66,66,0,1,0,1,0,2
62,62,0,1,0,1,0,1
70,70,0,1,0,1,0,2
711,87,624,2,30,1,1,0
70,70,0,1,0,1,0,2
66,66,0,1,0,1,0,2
70,70,0,1,0,1,0,2
41125,3625,37500,62,323,25,37,0
188,96,92,2,31,1,1,0
41635,3977,37658,63,121,25,38,0
216,110,106,2,30,1,1,0
245,182,63,2,30,1,1,0
1115,591,524,12,25,6,6,0
66,66,0,1,0,1,0,2
70,70,0,1,0,1,0,2
234,234,0,1,0,1,0,1
62,62,0,1,0,1,0,1
146,146,0,1,0,1,0,1
66,66,0,1,0,1,0,1
70,70,0,1,0,1,0,2
7134,1963,5171,22,284,11,11,0
66,66,0,1,0,1,0,1
62,62,0,1,0,1,0,1
62,62,0,1,0,1,0,1
66,66,0,1,0,1,0,2
146,146,0,1,0,1,0,1
60,60,0,1,0,1,0,1
24686,1935,22751,36,17,17,19,0
3749,2597,1152,25,134,15,10,0
60,60,0,1,0,1,0,1
62,62,0,1,0,1,0,1
192,98,94,2,30,1,1,0
165,86,79,2,30,1,1,0
70,70,0,1,5,1,0,0
66,66,0,1,0,1,0,2
728,102,626,2,30,1,1,0
318,192,126,6,26,4,2,0
66,66,0,1,0,1,0,1
70,70,0,1,0,1,0,2
82,82,0,1,0,1,0,1
405673,21057,384616,519,26,252,267,0
66,66,0,1,0,1,0,2
66,66,0,1,0,1,0,1
70,70,0,1,0,1,0,2
66,66,0,1,0,1,0,2
216,90,126,2,29,1,1,0
19403,4043,15360,36,48,19,17,0
66,66,0,1,0,1,0,1
146,146,0,1,0,1,0,1
66,66,0,1,0,1,0,1
70,70,0,1,0,1,0,2
166,166,0,1,1199,1,0,0
883,126,757,2,31,1,1,0
170,87,83,2,30,1,1,0
232,172,60,3,5,2,1,0
6492,1764,4728,56,996,20,36,0
66,66,0,1,0,1,0,1
327,126,201,2,30,1,1,0
538,179,359,6,63,3,3,0
62,62,0,1,0,1,0,1
183,94,89,2,30,1,1,0
70,70,0,1,0,1,0,2
76,76,0,1,0,1,0,1
9629,2119,7510,42,114,20,22,0
60,60,0,1,0,1,0,1
66,66,0,1,0,1,0,2
70,70,0,1,0,1,0,2
70,70,0,1,0,1,0,2
70,70,0,1,0,1,0,2
222,101,121,2,31,1,1,0
66,66,0,1,5,1,0,0
184,94,90,2,30,1,1,0
5512,978,4534,20,60,10,10,0
66,66,0,1,0,1,0,2
178,94,84,2,30,1,1,0
183,94,89,2,31,1,1,0
82,82,0,1,0,1,0,1
168,78,90,2,30,1,1,0
70,70,0,1,0,1,0,2
18811,1868,16943,22,139,7,15,0
220515,3488,217027,180,31,31,149,0
70,70,0,2,8,2,0,0
178347,31093,147254,290,446,140,150,0
130,70,60,2,15,1,1,0
70,70,0,1,0,1,0,2
70,70,0,2,8,2,0,0
62,62,0,1,0,1,0,1
62,62,0,1,0,1,0,1
66,66,0,1,90,1,0,0
66,66,0,1,0,1,0,1
220,220,0,1,0,1,0,1
70,70,0,1,0,1,0,2
70,70,0,1,0,1,0,2
3424,1710,1714,16,31,8,8,0
70,70,0,1,0,1,0,2
244,98,146,2,32,1,1,0
150,150,0,1,1199,1,0,0
778,103,675,2,30,1,1,0
504,318,186,8,15,5,3,0
70,70,0,1,0,1,0,2
29218,27458,1760,36,22,24,12,0
70,70,0,1,0,1,0,2
7450,1203,6247,22,16,12,10,0
66,66,0,1,0,1,0,1
138679,4142,134537,141,173,33,108,0
1920,1471,449,10,20,6,4,0
156,156,0,3,8,3,0,0
70,70,0,1,4,1,0,0
78,78,0,1,0,1,0,1
216,110,106,2,31,1,1,0
213,87,126,2,30,1,1,0
758,93,665,2,30,1,1,0
869,126,743,2,30,1,1,0
70,70,0,1,0,1,0,2
66,66,0,1,0,1,0,2
70,70,0,1,0,1,0,2
62,62,0,1,0,1,0,1
182,93,89,2,30,1,1,0
2000,1020,980,20,0,10,10,0
21779,7983,13796,44,97,25,19,0
66,66,0,1,0,1,0,1
711,87,624,2,30,1,1,0
70,70,0,1,0,1,0,2
756,95,661,2,31,1,1,0
70,70,0,1,0,1,0,2
70,70,0,1,0,1,0,2
60,60,0,1,0,1,0,1
182,93,89,2,31,1,1,0
66,66,0,1,0,1,0,2
145,145,0,1,0,1,0,1
60,60,0,1,90,1,0,0
62,62,0,1,0,1,0,1
70,70,0,1,0,1,0,2
70,70,0,1,0,1,0,2
70,70,0,1,0,1,0,2
66,66,0,1,0,1,0,1
66,66,0,1,0,1,0,2
62,62,0,1,0,1,0,1
168,86,82,2,30,1,1,0
12371,1344,11027,30,3944,10,20,0
11863,7694,4169,33,17,17,16,0
303,85,218,2,31,1,1,0
1164,93,1071,2,30,1,1,0
70,70,0,2,8,2,0,0
186,102,84,2,30,1,1,0
1835,1190,645,17,26,10,7,0
70,70,0,1,0,1,0,2
70,70,0,1,0,1,0,2
322,102,220,2,30,1,1,0
62,62,0,1,0,1,0,1
895,126,769,2,31,1,1,0
70,70,0,1,0,1,0,2
10985,3186,7799,29,204,14,15,0
62,62,0,1,0,1,0,1
66,66,0,1,0,1,0,2
481,150,331,2,1200,1,1,0
70,70,0,1,0,1,0,2
589,91,498,4,54,2,2,0
62,62,0,1,0,1,0,1
66,66,0,1,5,1,0,0
70,70,0,2,7,2,0,0
70,70,0,1,0,1,0,2
168,78,90,2,30,1,1,0
66,66,0,1,0,1,0,2
873,126,747,2,30,1,1,0
62,62,0,1,0,1,0,1
66,66,0,1,0,1,0,2
70,70,0,1,0,1,0,2
66,66,0,1,0,1,0,1
196,102,94,2,29,1,1,0
62,62,0,1,0,1,0,1
807,94,713,2,30,1,1,0
1780,674,1106,18,68,9,9,0
62,62,0,1,0,1,0,1
2894,725,2169,10,121,5,5,0
66,66,0,1,0,1,0,1
66,66,0,1,0,1,0,1
16517,3254,13263,37,271,18,19,0
66,66,0,1,0,1,0,1
66,66,0,1,0,1,0,1
70,70,0,1,0,1,0,2
65853,31390,34463,203,694,105,98,0
2592,1486,1106,20,275,10,10,0
146,146,0,1,0,1,0,1
66,66,0,1,0,1,0,2
233,90,143,2,33,1,1,0
70,70,0,1,0,1,0,2
216,82,134,2,33,1,1,0
204,104,100,2,31,1,1,0
70,70,0,1,0,1,0,2
226,106,120,2,30,1,1,0
1581,924,657,15,125,7,8,0
62,62,0,1,0,1,0,1
70,70,0,1,0,1,0,2
70,70,0,1,5,1,0,0
66,66,0,1,0,1,0,1
28386,15864,12522,59,471,31,28,0
90,90,0,1,0,1,0,1
66,66,0,1,0,1,0,2
70,70,0,1,0,1,0,2
4900,2781,2119,25,95,13,12,0
70,70,0,1,0,1,0,2
481,150,331,2,1200,1,1,0
66,66,0,1,0,1,0,2
314,192,122,6,15,4,2,0
413465,12290,401175,427,16,150,277,0
70,70,0,1,0,1,0,2
70,70,0,1,0,1,0,2
57401,3150,54251,84,109,43,41,0
66,66,0,1,0,1,0,1
70,70,0,2,8,2,0,0
70,70,0,1,5,1,0,0
70,70,0,1,0,1,0,2
70,70,0,1,0,1,0,2
5166,700,4466,16,15,7,9,0
5166,700,4466,16,15,7,9,0
7525,3267,4258,36,120,17,19,0
165,86,79,2,31,1,1,0
70,70,0,1,0,1,0,2
66,66,0,1,0,1,0,2
615040,25597,589443,704,54,245,459,0
195,102,93,2,29,1,1,0
66,66,0,1,0,1,0,1
199,102,97,2,29,1,1,0
183,94,89,2,30,1,1,0
146,146,0,1,0,1,0,1
200,102,98,2,30,1,1,0
350,210,140,6,15,4,2,0
146,146,0,1,0,1,0,1
6508,4230,2278,22,16,12,10,0
214,102,112,2,30,1,1,0
70,70,0,2,9,2,0,0
177,94,83,2,30,1,1,0
2937,703,2234,13,142,6,7,0
36473,7710,28763,63,124,27,36,0
429890,12640,417250,442,16,155,287,0
62,62,0,1,0,1,0,1
6918,2826,4092,26,21,16,10,0
70,70,0,1,0,1,0,2
70,70,0,1,0,1,0,2
66,66,0,1,0,1,0,1
300,102,198,4,40,2,2,0
213,87,126,2,30,1,1,0
193,102,91,2,30,1,1,0
7561,3181,4380,16,41,8,8,0
70,70,0,1,0,1,0,2
66,66,0,1,0,1,0,2
4546411,95150,4451261,4312,109,1197,3115,0
146,146,0,1,0,1,0,1
70,70,0,2,8,2,0,0
66,66,0,1,0,1,0,1
62,62,0,1,0,1,0,1
66,66,0,1,0,1,0,1
66,66,0,1,0,1,0,2
1013,566,447,8,134,5,3,0
3472,2124,1348,14,21,8,6,0
228,102,126,2,30,1,1,0
70,70,0,2,8,2,0,0
11091,2772,8319,22,154,12,10,0
315,126,189,2,29,1,1,0
183,94,89,2,30,1,1,0
70,70,0,1,0,1,0,2
3910,2158,1752,15,32,10,5,0
32460,9354,23106,67,71,40,27,0
62,62,0,1,0,1,0,1
93783,3885,89898,105,167,37,68,0
755,102,653,2,30,1,1,0
70,70,0,1,0,1,0,2
66,66,0,1,0,1,0,1
229,98,131,2,29,1,1,0
3649,424,3225,12,15,6,6,0
66,66,0,1,0,1,0,2
66,66,0,1,0,1,0,1
318,192,126,6,29,4,2,0
31109,2922,28187,54,52,26,28,0
294,134,160,2,30,1,1,0
228,110,118,2,30,1,1,0
70,70,0,1,0,1,0,2
62,62,0,1,0,1,0,1
66,66,0,1,0,1,0,1
168,78,90,2,31,1,1,0
62,62,0,1,0,1,0,1
70,70,0,1,0,1,0,2
66,66,0,1,0,1,0,2
70,70,0,1,0,1,0,2
70,70,0,1,0,1,0,2
194,102,92,2,30,1,1,0
70,70,0,1,0,1,0,2
226,102,124,2,30,1,1,0
6686,1197,5489,23,16,12,11,0
62,62,0,1,0,1,0,1
62,62,0,1,0,1,0,1
70,70,0,1,0,1,0,2
5671,1556,4115,23,274,13,10,0
66,66,0,1,0,1,0,1
1658,1247,411,8,15,5,3,0
231,86,145,2,30,1,1,0
66,66,0,1,0,1,0,1
366,240,126,7,33,5,2,0
70,70,0,2,171,2,0,0
70,70,0,1,0,1,0,2
9729,876,8853,21,45,11,10,0
78,78,0,1,0,1,0,1
159,159,0,1,0,1,0,1
66,66,0,1,0,1,0,1
66,66,0,1,0,1,0,2
70,70,0,1,0,1,0,2
195,102,93,2,29,1,1,0
146,146,0,1,0,1,0,1
70,70,0,1,0,1,0,2
4679,3387,1292,18,304,10,8,0
62,62,0,1,0,1,0,1
198,102,96,2,30,1,1,0
70,70,0,1,0,1,0,2
70,70,0,1,0,1,0,2
278,100,178,4,31,2,2,0
2936,343,2593,12,120,5,7,0
66,66,0,1,0,1,0,1
499,425,74,4,1,3,1,0
414,268,146,3,33,2,1,0
62,62,0,1,0,1,0,1
70,70,0,2,8,2,0,0
319,97,222,4,31,2,2,0
66,66,0,1,0,1,0,2
146,146,0,1,0,1,0,1
168,86,82,2,31,1,1,0
2781,563,2218,11,125,6,5,0
1838,1319,519,11,48,6,5,0
918,461,457,9,16,6,3,0
66,66,0,1,0,1,0,2
33013,21249,11764,151,492,79,72,0
62,62,0,1,0,1,0,1
66,66,0,1,0,1,0,2
62,62,0,1,0,1,0,1
168,86,82,2,30,1,1,0
11035,8438,2597,39,95,23,16,0
66,66,0,1,0,1,0,1
62,62,0,1,0,1,0,1
215,86,129,2,30,1,1,0
70,70,0,1,0,1,0,2
62,62,0,1,0,1,0,1
62,62,0,1,0,1,0,1
3561,3028,533,14,31,8,6,0
212,102,110,2,30,1,1,0
62,62,0,1,0,1,0,1
66,66,0,1,0,1,0,1
198,110,88,2,29,1,1,0
2881,642,2239,13,135,6,7,0
66,66,0,1,0,1,0,2
70,70,0,2,7,2,0,0
66,66,0,1,0,1,0,1
66,66,0,1,0,1,0,2
70,70,0,1,0,1,0,2
731,85,646,2,30,1,1,0
70,70,0,1,0,1,0,2
3422,2088,1334,18,152,9,9,0
62,62,0,1,0,1,0,1
62,62,0,1,0,1,0,1
5060,2867,2193,26,398,9,17,0
7978,2204,5774,20,58,10,10,0
66,66,0,1,0,1,0,1
146,146,0,1,0,1,0,1
429,116,313,2,31,1,1,0
184,94,90,2,30,1,1,0
66,66,0,1,0,1,0,1
9157,3805,5352,39,100,18,21,0
3730,1956,1774,16,15,8,8,0
168,86,82,2,29,1,1,0
66,66,0,1,0,1,0,2
205,86,119,2,30,1,1,0
196,100,96,2,31,1,1,0
86,86,0,1,30,1,0,0
6349,1071,5278,18,42,10,8,0
60,60,0,1,0,1,0,1
196,102,94,2,30,1,1,0
9653,1740,7913,23,81,12,11,0
1641,944,697,9,15,5,4,0
199,102,97,2,30,1,1,0
166,86,80,2,31,1,1,0
7586,3785,3801,20,30,11,9,0
1892,583,1309,12,16,6,6,0
66,66,0,1,0,1,0,1
170,87,83,2,31,1,1,0
60,60,0,1,0,1,0,1
66,66,0,2,7,2,0,0
11116,2910,8206,30,20,16,14,0
207,86,121,2,30,1,1,0
170,87,83,2,31,1,1,0
74,74,0,1,0,1,0,1
318,192,126,6,28,4,2,0
9284,2172,7112,39,83,19,20,0
260,86,174,2,30,1,1,0
66,66,0,1,0,1,0,2
62,62,0,1,0,1,0,1
66,66,0,1,0,1,0,1
66,66,0,1,0,1,0,2
209,110,99,2,30,1,1,0
180,94,86,2,30,1,1,0
480,149,331,2,1200,1,1,0
1462,703,759,8,16,5,3,0
23456,1005,22451,32,16,13,19,0
16666,4851,11815,58,150,27,31,0
177,94,83,2,30,1,1,0
70,70,0,1,0,1,0,2
368,118,250,2,30,1,1,0
70,70,0,1,0,1,0,2
4117,1026,3091,15,31,9,6,0
62,62,0,1,0,1,0,1
66,66,0,1,0,1,0,1
70,70,0,1,0,1,0,2
98,98,0,1,0,1,0,1
2165,987,1178,17,40,8,9,0
265,94,171,2,30,1,1,0
216,102,114,2,30,1,1,0
5103,3164,1939,32,168,17,15,0
450,246,204,8,29,5,3,0
48029,4540,43489,91,120,40,51,0
196,102,94,2,29,1,1,0
70,70,0,1,0,1,0,2
5039,2002,3037,14,120,7,7,0
60,60,0,1,0,1,0,1
29887852,586245,29301607,27419,299,7975,19444,0
234,234,0,4,11,4,0,0
817,102,715,2,30,1,1,0
1878,1444,434,14,15,7,7,0
594,594,0,1,0,1,0,1
4930,2691,2239,24,19,14,10,0
62,62,0,1,0,1,0,1
70,70,0,1,0,1,0,2
94,94,0,1,30,1,0,0
3323,2398,925,18,21,10,8,0
70,70,0,1,0,1,0,2
198,102,96,2,30,1,1,0
167,86,81,2,30,1,1,0
62,62,0,1,0,1,0,1
189,102,87,2,31,1,1,0
62,62,0,1,0,1,0,1
70,70,0,1,0,1,0,2
880,126,754,2,30,1,1,0
373,103,270,4,43,2,2,0
70,70,0,1,0,1,0,2
60,60,0,1,0,1,0,1
5657,487,5170,14,15,7,7,0
499,425,74,4,0,3,1,0
66,66,0,1,0,1,0,2
66,66,0,1,0,1,0,2
184,94,90,2,30,1,1,0
66,66,0,1,0,1,0,1
66,66,0,1,0,1,0,2
199,102,97,2,30,1,1,0
177,94,83,2,29,1,1,0
197,94,103,2,30,1,1,0
193,102,91,2,30,1,1,0
70,70,0,1,0,1,0,2
308,101,207,4,32,2,2,0
170,87,83,2,30,1,1,0
34551,3731,30820,54,112,23,31,0
62,62,0,1,0,1,0,3
62,62,0,1,0,1,0,1
62,62,0,1,0,1,0,1
74,74,0,1,0,1,0,1
10301,4593,5708,21,121,10,11,0
168,86,82,2,32,1,1,0
4930,2691,2239,24,19,14,10,0
758,328,430,10,30,5,5,0
870,330,540,12,1316,6,6,0
70,70,0,1,0,1,0,2
70,70,0,1,0,1,0,2
62,62,0,1,0,1,0,1
66,66,0,1,0,1,0,1
214,94,120,2,29,1,1,0
70,70,0,1,0,1,0,2
5419,1080,4339,17,42,10,7,0
62,62,0,1,0,1,0,1
178,94,84,2,30,1,1,0
70,70,0,1,0,1,0,2
193,102,91,2,30,1,1,0
66,66,0,1,0,1,0,1
135,135,0,1,0,1,0,1
60,60,0,1,0,1,0,1
66,66,0,1,0,1,0,2
3515,1137,2378,12,30,7,5,0
1054,602,452,10,20,5,5,0
8130,2220,5910,23,16,13,10,0
66,66,0,1,0,1,0,2
66,66,0,1,0,1,0,2
199,94,105,2,30,1,1,0
170,87,83,2,30,1,1,0
66,66,0,1,0,1,0,1
213,102,111,2,30,1,1,0
199,102,97,2,31,1,1,0
213,87,126,2,30,1,1,0
70,70,0,1,0,1,0,2
66,66,0,1,0,1,0,2
83,83,0,1,0,1,0,1
184,94,90,2,30,1,1,0
66,66,0,1,0,1,0,2
320,140,180,6,7,3,3,0
70,70,0,1,0,1,0,2
66,66,0,1,0,1,0,2
66,66,0,1,0,1,0,1
254,82,172,4,30,2,2,0
4884,1015,3869,17,25,9,8,0
265,86,179,4,59,2,2,0
44584,2838,41746,66,31,31,35,0
62,62,0,1,0,1,0,1
62,62,0,1,0,1,0,1
250,86,164,4,30,2,2,0
199,94,105,2,30,1,1,0
66,66,0,1,0,1,0,1
3823,1878,1945,39,309,22,17,0
18452,11429,7023,39,64,23,16,0
265842,14126,251716,311,22,136,175,0
66,66,0,1,0,1,0,1
14896,6021,8875,56,115,27,29,0
214,140,74,4,15,3,1,0
196,86,110,2,30,1,1,0
236,94,142,2,30,1,1,0
66,66,0,1,0,1,0,2
40119,2475,37644,49,84,16,33,0
200,102,98,2,30,1,1,0
422,240,182,8,25,5,3,0
273,86,187,2,30,1,1,0
66,66,0,1,0,1,0,2
199,102,97,2,29,1,1,0
306,180,126,6,34,4,2,0
5957,2481,3476,14,120,8,6,0
174,89,85,2,30,1,1,0
70,70,0,1,0,1,0,2
62,62,0,1,0,1,0,1
70,70,0,1,0,1,0,2
177,94,83,2,30,1,1,0
70,70,0,1,0,1,0,2
153,93,60,2,5,1,1,0
289,97,192,4,44,2,2,0
243,94,149,2,30,1,1,0
66,66,0,1,0,1,0,1
661753,15722,646031,683,17,235,448,0
66,66,0,1,0,1,0,2
11101,4498,6603,35,430,20,15,0
15011,5619,9392,50,35,26,24,0
62,62,0,1,0,1,0,1
66,66,0,1,0,1,0,1
60,60,0,1,0,1,0,1
166,166,0,1,1200,1,0,0
62,62,0,1,0,1,0,1
66,66,0,1,0,1,0,2
6206,1695,4511,25,16,13,12,0
17238,4435,12803,32,103,15,17,0
199,102,97,2,30,1,1,0
62,62,0,1,0,1,0,1
66,66,0,1,0,1,0,2
62,62,0,1,0,1,0,1
194,102,92,2,31,1,1,0
162,102,60,2,5,1,1,0
7808,2487,5321,34,446,16,18,0
1948,378,1570,6,33,4,2,0
404,259,145,3,33,2,1,0
62,62,0,1,0,1,0,1
36568,23029,13539,94,194,47,47,0
60,60,0,1,0,1,0,1
754,94,660,2,31,1,1,0
146,146,0,1,0,1,0,1
814,110,704,2,30,1,1,0
7915,1213,6702,23,50,12,11,0
440,94,346,4,37,2,2,0
156,156,0,1,0,1,0,1
66,66,0,1,0,1,0,2
98,98,0,1,0,1,0,1
181,181,0,1,0,1,0,1
466,392,74,4,0,3,1,0
66,66,0,1,0,1,0,1
62,62,0,1,0,1,0,1
8672,1863,6809,22,46,11,11,0
70,70,0,1,5,1,0,0
193,102,91,2,30,1,1,0
184,94,90,2,30,1,1,0
223,91,132,2,30,1,1,0
204,104,100,2,31,1,1,0
62,62,0,1,0,1,0,1
66,66,0,1,0,1,0,2
265,94,171,2,30,1,1,0
70,70,0,1,0,1,0,2
1473,988,485,12,26,7,5,0
66,66,0,1,0,1,0,1
78,78,0,1,0,1,0,1
3126,469,2657,9,75,5,4,0
184,94,90,2,30,1,1,0
6490,1145,5345,20,33,11,9,0
183,94,89,2,30,1,1,0
3638,2087,1551,17,15,10,7,0
66,66,0,1,0,1,0,1
70,70,0,1,4,1,0,0
78,78,0,1,0,1,0,1
190,97,93,2,30,1,1,0
70,70,0,1,0,1,0,2
66,66,0,1,0,1,0,2
316,136,180,6,6,3,3,0
70,70,0,1,0,1,0,2
140,78,62,2,31,1,1,0
60,60,0,1,0,1,0,1
62,62,0,1,0,1,0,1
167,86,81,2,30,1,1,0
4216,771,3445,16,26,9,7,0
62,62,0,1,0,1,0,1
66,66,0,1,0,1,0,2
66,66,0,1,0,1,0,2
231,88,143,2,32,1,1,0
244,94,150,2,30,1,1,0
70,70,0,1,0,1,0,2
70,70,0,1,0,1,0,2
62,62,0,1,0,1,0,1
66,66,0,1,0,1,0,1
70,70,0,1,0,1,0,2
199,102,97,2,30,1,1,0
177,94,83,2,30,1,1,0
66,66,0,1,0,1,0,1
60,60,0,1,0,1,0,1
13423,1386,12037,33,17,14,19,0
11880,2839,9041,30,48,16,14,0
847,110,737,2,30,1,1,0
8006,1986,6020,20,15,11,9,0
62,62,0,1,0,1,0,1
310,99,211,4,40,2,2,0
329,102,227,2,30,1,1,0
2032,600,1432,10,45,6,4,0
70,70,0,1,5,1,0,0
2169,1158,1011,20,15,11,9,0
7681,1658,6023,21,130,11,10,0
115811,3862,111949,123,38,44,79,0
62,62,0,1,0,1,0,1
225,110,115,2,30,1,1,0
234,234,0,4,11,4,0,0
199,102,97,2,30,1,1,0
4671,2593,2078,15,85,9,6,0
199,102,97,2,30,1,1,0
373,99,274,4,41,2,2,0
70,70,0,1,0,1,0,2
145,145,0,1,0,1,0,1
62,62,0,1,0,1,0,3
183,94,89,2,30,1,1,0
5601,1203,4398,14,60,9,5,0
192,98,94,2,31,1,1,0
62,62,0,1,0,1,0,1
66,66,0,1,0,1,0,1
7306,2583,4723,36,25,19,17,0
1818,1504,314,13,16,8,5,0
62,62,0,1,0,1,0,1
373,88,285,4,58,2,2,0
8942,1817,7125,23,77,13,10,0
2371,1839,532,14,45,8,6,0
70,70,0,2,7,2,0,0
132,132,0,3,1199,3,0,0
4349,1442,2907,19,27,11,8,0
4007,2063,1944,12,122,6,6,0
377,94,283,2,30,1,1,0
11687,2565,9122,46,66,25,21,0
70,70,0,1,0,1,0,2
72,72,0,1,0,1,0,1
26109,3251,22858,60,256,31,29,0
404,261,143,3,30,2,1,0
5611,1559,4052,22,648,13,9,0
172,88,84,2,31,1,1,0
66,66,0,1,0,1,0,2
70,70,0,1,0,1,0,2
198,94,104,2,30,1,1,0
70,70,0,1,4,1,0,0
3428,1714,1714,16,33,8,8,0
66,66,0,1,0,1,0,2
22072,2166,19906,44,49,22,22,0
6512167,186944,6325223,6347,1216,2089,4258,0
60,60,0,1,0,1,0,1
32608,22014,10594,225,215,124,101,0
60,60,0,1,0,1,0,1
62,62,0,1,0,1,0,1
196,102,94,2,30,1,1,0
237,177,60,3,5,2,1,0
60,60,0,1,0,1,0,1
70,70,0,1,0,1,0,2
731,91,640,2,30,1,1,0
66,66,0,1,0,1,0,2
102,102,0,1,30,1,0,0
62,62,0,1,0,1,0,1
184,78,106,3,9,2,1,0
66,66,0,1,0,1,0,1
62,62,0,1,0,1,0,1
66,66,0,1,0,1,0,2
186,95,91,2,30,1,1,0
10672,1729,8943,24,81,12,12,0
62,62,0,1,0,1,0,1
378,82,296,5,17,1,4,0
136,136,0,3,13,3,0,0
66,66,0,1,0,1,0,1
60,60,0,1,0,1,0,1
60,60,0,1,0,1,0,1
320,320,0,1,0,1,0,1
7941,1952,5989,20,15,11,9,0
497,102,395,4,40,2,2,0
70,70,0,1,0,1,0,2
193,102,91,2,30,1,1,0
40877,5947,34930,81,56,39,42,0
98161,5033,93128,125,37,45,80,0
184,80,104,2,30,1,1,0
70,70,0,1,0,1,0,2
182,93,89,2,31,1,1,0
214,110,104,2,30,1,1,0
62,62,0,1,0,1,0,1
409,92,317,4,30,2,2,0
183,94,89,2,30,1,1,0
352,102,250,2,29,1,1,0
62,62,0,1,0,1,0,1
7431,3525,3906,18,15,10,8,0
193,102,91,2,30,1,1,0
70,70,0,1,5,1,0,0
202,83,119,2,30,1,1,0
209,110,99,2,29,1,1,0
66,66,0,1,0,1,0,2
66,66,0,1,0,1,0,1
212,102,110,2,30,1,1,0
66,66,0,1,0,1,0,2
197,94,103,2,30,1,1,0
66,66,0,1,0,1,0,1
3970,1726,2244,13,134,6,7,0
62,62,0,1,0,1,0,1
453,186,267,6,30,3,3,0
62,62,0,1,0,1,0,1
66,66,0,1,0,1,0,1
62,62,0,1,0,1,0,1
43052,2466,40586,64,18,21,43,0
70,70,0,2,8,2,0,0
177,94,83,2,31,1,1,0
62,62,0,1,0,1,0,1
226,118,108,2,1199,1,1,0
66,66,0,1,0,1,0,2
258,80,178,2,30,1,1,0
70,70,0,2,7,2,0,0
17221,1314,15907,31,44,16,15,0
310,94,216,2,30,1,1,0
66,66,0,1,0,1,0,1
70,70,0,1,0,1,0,2
9175,2213,6962,37,121,19,18,0
66,66,0,1,0,1,0,2
139,139,0,1,0,1,0,1
6074,4349,1725,22,361,11,11,0
320,140,180,6,8,3,3,0
66,66,0,1,0,1,0,2
70,70,0,1,0,1,0,2
70,70,0,2,7,2,0,0
66,66,0,1,0,1,0,1
9569,2606,6963,22,135,11,11,0
1798,1223,575,13,26,8,5,0
132,132,0,3,1200,3,0,0
70,70,0,1,5,1,0,0
210,102,108,2,30,1,1,0
62,62,0,1,0,1,0,1
145,145,0,1,0,1,0,1
70,70,0,2,8,2,0,0
283,163,120,4,16,2,2,0
400,70,330,6,25,1,5,0
320,140,180,6,6,3,3,0
11151,3001,8150,51,365,25,26,0
66,66,0,1,0,1,0,2
195,102,93,2,29,1,1,0
168,86,82,2,29,1,1,0
66,66,0,1,0,1,0,1
414,268,146,3,32,2,1,0
188,96,92,2,30,1,1,0
66,66,0,1,0,1,0,1
130,66,64,2,4,1,1,0
66,66,0,1,0,1,0,1
2150,1280,870,18,832,10,8,0
74,74,0,1,0,1,0,1
70,70,0,1,0,1,0,2
66,66,0,1,91,1,0,0
66,66,0,1,0,1,0,2
66,66,0,1,0,1,0,1
173,94,79,2,30,1,1,0
180,94,86,2,29,1,1,0
66,66,0,1,0,1,0,2
60,60,0,1,0,1,0,1
198,102,96,2,31,1,1,0
168,86,82,2,29,1,1,0
168,78,90,2,31,1,1,0
516,136,380,4,40,2,2,0
168,78,90,2,30,1,1,0
66,66,0,1,0,1,0,1
70,70,0,1,4,1,0,0
1638,1324,314,10,15,5,5,0
66,66,0,1,0,1,0,2
159,159,0,1,0,1,0,1
66,66,0,1,0,1,0,2
70,70,0,1,0,1,0,2
180,94,86,2,30,1,1,0
16004,8270,7734,32,57,17,15,0
70,70,0,1,0,1,0,2
898,454,444,13,22,8,5,0
62,62,0,1,0,1,0,1
630,508,122,9,15,7,2,0
70,70,0,1,0,1,0,2
546,306,240,9,15,5,4,0
762,97,665,2,30,1,1,0
98859,6426,92433,136,27,68,68,0
140,140,0,1,0,1,0,1
4196,1378,2818,21,3002,12,9,0
1268867,60489,1208378,1558,141,557,1001,0
66,66,0,1,0,1,0,1
261,97,164,4,44,2,2,0
60,60,0,1,0,1,0,1
62,62,0,1,0,1,0,1
231,94,137,2,30,1,1,0
77368,9874,67494,139,100,65,74,0
422,164,258,6,30,3,3,0
37173,3712,33461,54,74,24,30,0
7880,5105,2775,25,17,13,12,0
13175,2432,10743,52,3587,23,29,0
66,66,0,1,0,1,0,1
66,66,0,1,0,1,0,1
11536,2572,8964,41,33,24,17,0
62,62,0,1,0,1,0,1
60,60,0,1,0,1,0,1
152,86,66,2,4,1,1,0
762,97,665,2,30,1,1,0
66,66,0,1,0,1,0,2
499,425,74,4,0,3,1,0
66,66,0,1,0,1,0,2
70,70,0,1,0,1,0,2
18515,2899,15616,32,148,15,17,0
60,60,0,1,0,1,0,1
190,97,93,2,31,1,1,0
66,66,0,1,0,1,0,1
62,62,0,1,0,1,0,1
198,94,104,2,30,1,1,0
211,102,109,2,30,1,1,0
70,70,0,2,8,2,0,0
177,94,83,2,29,1,1,0
5378,1512,3866,20,16,11,9,0
62,62,0,1,0,1,0,1
146,146,0,1,0,1,0,1
70,70,0,1,0,1,0,2
62,62,0,1,0,1,0,1
70,70,0,1,0,1,0,2
4048,3089,959,24,15,13,11,0
70,70,0,1,5,1,0,0
70,70,0,1,0,1,0,2
60,60,0,1,0,1,0,1
70,70,0,1,0,1,0,2
206,83,123,2,30,1,1,0
146,146,0,1,0,1,0,1
66,66,0,1,0,1,0,1
62,62,0,1,0,1,0,1
273,102,171,2,30,1,1,0
70,70,0,1,0,1,0,2
66,66,0,1,0,1,0,1
62,62,0,1,0,1,0,1
70,70,0,1,0,1,0,2
177,94,83,2,30,1,1,0
97,97,0,1,0,1,0,1
172,88,84,2,31,1,1,0
3734,1750,1984,24,203,12,12,0
183325,10358,172967,289,227,95,194,0
70,70,0,1,0,1,0,2
711,87,624,2,30,1,1,0
2906,1233,1673,24,92,13,11,0
8182,3793,4389,27,37,16,11,0
195,102,93,2,31,1,1,0
182,102,80,2,31,1,1,0
66,66,0,1,0,1,0,1
60,60,0,1,0,1,0,1
70,70,0,1,0,1,0,2
70,70,0,1,0,1,0,2
145,145,0,1,0,1,0,1
150,150,0,1,1199,1,0,0
172,88,84,2,31,1,1,0
66,66,0,1,0,1,0,2
499,425,74,4,0,3,1,0
146,146,0,1,0,1,0,1
316,136,180,6,7,3,3,0
784,94,690,2,30,1,1,0
192,98,94,2,30,1,1,0
160,70,90,2,5,1,1,0
66,66,0,1,0,1,0,2
209,110,99,2,30,1,1,0
167,86,81,2,30,1,1,0
437,89,348,4,48,2,2,0
66,66,0,1,0,1,0,1
2926,1825,1101,22,171,11,11,0
66,66,0,1,0,1,0,2
2011,975,1036,13,70,7,6,0
7922,3413,4509,55,38,26,29,0
214,110,104,2,29,1,1,0
146,146,0,1,0,1,0,1
74,74,0,1,0,1,0,1
177,86,91,2,30,1,1,0
3243,2026,1217,16,15,8,8,0
281,98,183,4,57,2,2,0
183,94,89,2,31,1,1,0
164,70,94,2,5,1,1,0
199,102,97,2,30,1,1,0
214,140,74,4,30,3,1,0
70,70,0,1,0,1,0,2
141,79,62,2,30,1,1,0
60,60,0,1,0,1,0,1
195,102,93,2,29,1,1,0
177,94,83,2,30,1,1,0
251744,9600,242144,302,23,129,173,0
70,70,0,2,7,2,0,0
62,62,0,1,0,1,0,1
3188,1601,1587,34,48,18,16,0
5020,860,4160,18,28,9,9,0
56980,4095,52885,90,256,37,53,0
602,93,509,4,42,2,2,0
170,87,83,2,31,1,1,0
7144,2505,4639,14,120,7,7,0
9970,3706,6264,44,272,21,23,0
817,102,715,2,30,1,1,0
198,101,97,2,31,1,1,0
70,70,0,1,0,1,0,2
66,66,0,1,0,1,0,1
235,90,145,2,32,1,1,0
342,105,237,4,53,2,2,0
196,102,94,2,31,1,1,0
66,66,0,1,0,1,0,1
7623,3362,4261,26,31,14,12,0
199,102,97,2,29,1,1,0
60,60,0,1,0,1,0,1
70,70,0,1,0,1,0,2
62,62,0,1,0,1,0,1
66,66,0,1,0,1,0,2
70,70,0,1,0,1,0,2
749,89,660,2,30,1,1,0
237,91,146,2,32,1,1,0
66,66,0,1,0,1,0,2
70,70,0,1,0,1,0,2
782,105,677,2,31,1,1,0
62,62,0,1,0,1,0,1
145,145,0,1,0,1,0,1
78,78,0,1,29,1,0,0
491,150,341,2,1200,1,1,0
146,146,0,1,0,1,0,1
564,318,246,9,15,5,4,0
66,66,0,1,0,1,0,1
13604,1980,11624,33,46,18,15,0
62,62,0,1,0,1,0,1
374,192,182,7,26,4,3,0
70,70,0,1,0,1,0,2
66,66,0,1,0,1,0,1
3476,1433,2043,26,418,14,12,0
66,66,0,1,0,1,0,1
198,102,96,2,29,1,1,0
70,70,0,1,0,1,0,2
409770,12150,397620,421,16,148,273,0
66,66,0,1,0,1,0,2
145,145,0,1,0,1,0,1
8167195,108448,8058747,7107,121,1531,5576,0
70,70,0,1,0,1,0,2
66,66,0,1,4,1,0,0
8058,2038,6020,20,15,11,9,0
70,70,0,1,4,1,0,0
70,70,0,1,0,1,0,2
9848,4639,5209,83,41,42,41,0
138,78,60,2,5,1,1,0
720,94,626,2,30,1,1,0
291,78,213,2,30,1,1,0
278,102,176,2,31,1,1,0
70,70,0,1,0,1,0,2
66,66,0,1,5,1,0,0
9335,3052,6283,25,125,11,14,0
320,140,180,6,5,3,3,0
314,192,122,6,25,4,2,0
460628,23936,436692,580,124,264,316,0
66,66,0,1,0,1,0,2
460,150,310,2,1201,1,1,0
70,70,0,1,0,1,0,2
66,66,0,1,0,1,0,1
259,87,172,4,56,2,2,0
70,70,0,1,0,1,0,2
62,62,0,1,0,1,0,1
70,70,0,1,0,1,0,2
70,70,0,1,0,1,0,2
70,70,0,1,0,1,0,2
209,110,99,2,30,1,1,0
62,62,0,1,0,1,0,1
166,86,80,2,30,1,1,0
66,66,0,1,0,1,0,2
195,102,93,2,29,1,1,0
66,66,0,1,0,1,0,2
60,60,0,1,0,1,0,1
4778,1121,3657,15,280,8,7,0
6349,1071,5278,18,42,10,8,0
70,70,0,1,0,1,0,2
70,70,0,1,0,1,0,2
300,90,210,2,29,1,1,0
70,70,0,1,0,1,0,2
7244,1861,5383,26,330,14,12,0
66,66,0,1,0,1,0,2
62,62,0,1,0,1,0,1
378,192,186,7,122,4,3,0
41517,28432,13085,89,601,47,42,0
66,66,0,1,0,1,0,2
30979,1798,29181,46,14,23,23,0
62,62,0,1,0,1,0,1
70,70,0,1,0,1,0,2
70,70,0,1,0,1,0,2
497,83,414,4,30,2,2,0
509,150,359,2,1200,1,1,0
66,66,0,1,0,1,0,1
66,66,0,1,0,1,0,1
159,159,0,1,0,1,0,1
66,66,0,1,0,1,0,2
66,66,0,1,0,1,0,1
70,70,0,1,0,1,0,2
199,102,97,2,30,1,1,0
170,87,83,2,30,1,1,0
8457,3062,5395,16,41,7,9,0
66,66,0,1,0,1,0,1
4625,2292,2333,14,135,7,7,0
1616,126,1490,4,30,2,2,0
214,140,74,4,41,3,1,0
11344,5681,5663,34,3601,20,14,0
66,66,0,1,0,1,0,1
398,255,143,3,32,2,1,0
2419,1461,958,18,170,10,8,0
20594,14251,6343,40,361,22,18,0
4651,3116,1535,19,44,10,9,0
70,70,0,1,0,1,0,2
66,66,0,1,0,1,0,2
190013,14784,175229,238,206,101,137,0
193,102,91,2,30,1,1,0
66,66,0,1,0,1,0,1
70,70,0,1,0,1,0,2
62,62,0,1,0,1,0,1
19733,3606,16127,43,16,22,21,0
66,66,0,1,0,1,0,1
167,78,89,2,30,1,1,0
194,102,92,2,29,1,1,0
168,78,90,2,30,1,1,0
62,62,0,1,0,1,0,1
66,66,0,1,5,1,0,0
62,62,0,1,0,1,0,1
4551,2388,2163,16,120,8,8,0
925,594,331,11,2335,10,1,0
1576,789,787,17,122,9,8,0
214,140,74,4,15,3,1,0
1401,940,461,11,29,7,4,0
66,66,0,1,0,1,0,1
75,75,0,1,0,1,0,1
504,318,186,8,15,5,3,0
455,102,353,4,33,2,2,0
3723,2408,1315,28,376,15,13,0
314,192,122,6,42,4,2,0
711,87,624,2,30,1,1,0
306,180,126,6,26,4,2,0
74,74,0,1,0,1,0,1
79,79,0,2,35,2,0,0
249,85,164,4,56,2,2,0
36459,6736,29723,54,29,24,30,0
209,110,99,2,30,1,1,0
195,102,93,2,30,1,1,0
3607,2257,1350,22,19,12,10,0
387,94,293,2,30,1,1,0
198,102,96,2,30,1,1,0
216,110,106,2,30,1,1,0
2085,797,1288,10,15,6,4,0
66,66,0,1,0,1,0,1
66,66,0,1,0,1,0,2
66,66,0,1,0,1,0,2
266789,7684,259105,234,25,54,180,0
33472,16066,17406,57,48,29,28,0
318,192,126,6,21,4,2,0
66,66,0,1,0,1,0,1
70,70,0,1,0,1,0,2
7578,2270,5308,17,123,8,9,0
184,94,90,2,31,1,1,0
70,70,0,1,0,1,0,2
66,66,0,1,0,1,0,1
235,98,137,2,30,1,1,0
62,62,0,1,0,1,0,1
3223,843,2380,12,30,7,5,0
12715,3716,8999,28,62,16,12,0
895,126,769,2,30,1,1,0
66,66,0,1,0,1,0,2
9184,4142,5042,72,53,40,32,0
70,70,0,1,0,1,0,2
66,66,0,1,0,1,0,2
130,70,60,2,5,1,1,0
70,70,0,1,0,1,0,2
184,94,90,2,30,1,1,0
9307,2265,7042,31,325,13,18,0
22218,12408,9810,66,115,33,33,0
5806,3167,2639,29,221,16,13,0
62,62,0,1,0,1,0,1
234,234,0,4,12,4,0,0
70,70,0,1,0,1,0,2
136,136,0,1,0,1,0,1
66,66,0,1,0,1,0,2
504,318,186,8,16,5,3,0
886,70,816,14,166,2,12,0
70,70,0,1,4,1,0,0
189,102,87,2,31,1,1,0
476852,12774,464078,491,17,177,314,0
1052,612,440,10,16,5,5,0
3497,1845,1652,18,15,9,9,0
199,102,97,2,29,1,1,0
70,70,0,1,0,1,0,2
62,62,0,1,0,1,0,1
481,150,331,2,1200,1,1,0
70,70,0,1,0,1,0,2
66,66,0,1,0,1,0,2
62,62,0,1,0,1,0,1
238,118,120,2,1200,1,1,0
66,66,0,1,0,1,0,1
9588,1204,8384,29,93,15,14,0
70,70,0,1,0,1,0,2
70,70,0,1,5,1,0,0
9414,7249,2165,91,3838,76,15,0
716,95,621,2,30,1,1,0
256,93,163,2,31,1,1,0
62,62,0,1,0,1,0,1
4612,700,3912,12,15,8,4,0
174542,9281,165261,227,78,104,123,0
62,62,0,1,0,1,0,1
62,62,0,1,0,1,0,1
170,87,83,2,30,1,1,0
66,66,0,1,0,1,0,1
70,70,0,1,0,1,0,2
66,66,0,1,0,1,0,1
62,62,0,1,0,1,0,1
409,107,302,4,30,2,2,0
1150,465,685,14,268,5,9,0
146,146,0,1,0,1,0,1
3089,866,2223,11,121,6,5,0
66,66,0,1,0,1,0,2
347,107,240,4,42,2,2,0
2959,610,2349,12,15,6,6,0
338,110,228,2,29,1,1,0
62,62,0,1,0,1,0,1
62,62,0,1,0,1,0,1
39793,2026,37767,55,16,27,28,0
402,118,284,2,30,1,1,0
765,102,663,2,30,1,1,0
62,62,0,1,0,1,0,1
66,66,0,1,0,1,0,1
198,93,105,2,31,1,1,0
70,70,0,1,0,1,0,2
763,102,661,2,30,1,1,0
66,66,0,1,0,1,0,1
212,102,110,2,30,1,1,0
76774,9184,67590,104,143,41,63,0
819,102,717,2,30,1,1,0
52157,3066,49091,65,80,26,39,0
70,70,0,1,0,1,0,2
832,106,726,2,30,1,1,0
70,70,0,1,0,1,0,2
3756,2125,1631,18,17,10,8,0
1615,941,674,15,20,7,8,0
60,60,0,1,0,1,0,1
13992,1645,12347,23,89,10,13,0
70,70,0,1,0,1,0,2
220,90,130,2,30,1,1,0
184,94,90,2,30,1,1,0
198,94,104,2,30,1,1,0
60,60,0,1,0,1,0,1
774,101,673,2,31,1,1,0
70,70,0,1,0,1,0,2
145,145,0,1,0,1,0,1
70,70,0,1,0,1,0,2
193,102,91,2,30,1,1,0
3333,672,2661,12,15,7,5,0
168,86,82,2,30,1,1,0
161,161,0,2,1200,2,0,0
66,66,0,1,0,1,0,1
1969,463,1506,13,55,7,6,0
228,90,138,2,31,1,1,0
318,192,126,6,20,4,2,0
316,94,222,2,30,1,1,0
512,166,346,2,30,1,1,0
66,66,0,1,0,1,0,1
4625,1718,2907,19,31,11,8,0
350,210,140,6,28,4,2,0
7868,2194,5674,26,36,13,13,0
62,62,0,1,0,1,0,1
70,70,0,1,0,1,0,2
70,70,0,1,0,1,0,2
51889,4253,47636,68,64,31,37,0
711,87,624,2,30,1,1,0
17242,3015,14227,19,143,5,14,0
10070,5084,4986,41,16,24,17,0
60,60,0,1,0,1,0,1
70,70,0,1,0,1,0,2
216,110,106,2,31,1,1,0
1625,1038,587,14,27,8,6,0
60,60,0,1,90,1,0,0
70,70,0,1,0,1,0,2
74,74,0,1,0,1,0,1
196,102,94,2,30,1,1,0
9283,2154,7129,22,15,12,10,0
318,192,126,6,45,4,2,0
66,66,0,1,0,1,0,2
62,62,0,1,0,1,0,1
701,88,613,2,30,1,1,0
78,78,0,1,30,1,0,0
180,80,100,2,30,1,1,0
70,70,0,1,5,1,0,0
62,62,0,1,0,1,0,1
713,94,619,4,54,2,2,0
70,70,0,1,0,1,0,2
66,66,0,1,0,1,0,2
62,62,0,1,0,1,0,1
132,132,0,3,1200,3,0,0
360,180,180,7,26,4,3,0
4188,1648,2540,17,19,9,8,0
77867,2411,75456,82,87,27,55,0
62,62,0,1,0,1,0,1
824,126,698,2,29,1,1,0
204,104,100,2,30,1,1,0
62,62,0,1,0,1,0,1
11083,4080,7003,38,40,14,24,0
4479,788,3691,17,25,9,8,0
900,110,790,2,31,1,1,0
78,78,0,1,0,1,0,1
1053,566,487,10,41,6,4,0
70,70,0,1,4,1,0,0
66,66,0,1,0,1,0,1
234,78,156,2,30,1,1,0
148,148,0,1,0,1,0,1
70,70,0,1,0,1,0,2
62,62,0,1,0,1,0,1
70,70,0,1,0,1,0,2
70,70,0,1,0,1,0,2
480,149,331,2,1200,1,1,0
318,94,224,2,30,1,1,0
135,135,0,1,0,1,0,1
70,70,0,1,0,1,0,2
711,87,624,2,30,1,1,0
66,66,0,1,0,1,0,1
78,78,0,1,5,1,0,0
2863,604,2259,11,15,6,5,0
70,70,0,1,0,1,0,2
66,66,0,1,0,1,0,2
227559,47160,180399,379,143,187,192,0
62,62,0,1,0,1,0,1
6118,1180,4938,22,16,11,11,0
25148,5233,19915,39,71,21,18,0
257,101,156,2,33,1,1,0
62,62,0,1,0,1,0,1
62,62,0,1,0,1,0,1
9486,2668,6818,26,81,14,12,0
62,62,0,1,0,1,0,1
177,94,83,2,30,1,1,0
70,70,0,1,0,1,0,2
211,78,133,2,30,1,1,0
162,102,60,2,5,1,1,0
720,94,626,2,29,1,1,0
66,66,0,1,0,1,0,1
70,70,0,1,0,1,0,2
193,102,91,2,30,1,1,0
62,62,0,1,0,1,0,1
733,85,648,2,30,1,1,0
60,60,0,1,0,1,0,1
235,102,133,2,30,1,1,0
350,210,140,6,27,4,2,0
199,102,97,2,31,1,1,0
209,110,99,2,30,1,1,0
198,110,88,2,29,1,1,0
178,94,84,2,30,1,1,0
2792,2073,719,15,30,9,6,0
62,62,0,1,0,1,0,1
70,70,0,1,0,1,0,2
164,78,86,2,31,1,1,0
90545,3481,87064,96,16,31,65,0
66,66,0,1,0,1,0,1
198,90,108,2,30,1,1,0
86,86,0,1,30,1,0,0
66,66,0,1,0,1,0,2
66,66,0,1,0,1,0,1
66,66,0,1,0,1,0,1
134,60,74,3,10,2,1,0
183,94,89,2,30,1,1,0
70,70,0,1,0,1,0,2
66,66,0,1,5,1,0,0
5815,1128,4687,19,0,9,10,0
70,70,0,1,4,1,0,0
146,146,0,1,0,1,0,1
316,136,180,6,7,3,3,0
12531,5566,6965,34,46,20,14,0
4185,3462,723,14,15,7,7,0
15327,8305,7022,49,137,24,25,0
70,70,0,1,0,1,0,2
62,62,0,1,0,1,0,1
216,110,106,2,30,1,1,0
13637,6347,7290,34,46,20,14,0
70,70,0,1,0,1,0,2
66,66,0,1,0,1,0,2
502,150,352,2,1200,1,1,0
213,79,134,2,32,1,1,0
260,86,174,2,29,1,1,0
70,70,0,1,0,1,0,2
225539,162879,62660,476,70,262,214,0
5168,700,4468,16,15,7,9,0
97763,8230,89533,131,150,49,82,0
244,98,146,2,33,1,1,0
102,102,0,1,30,1,0,0
316,190,126,5,15,3,2,0
184,94,90,2,30,1,1,0
62,62,0,1,0,1,0,1
168,86,82,2,30,1,1,0
216,110,106,2,31,1,1,0
240,98,142,2,30,1,1,0
66,66,0,1,0,1,0,1
10127,4193,5934,30,24,17,13,0
66,66,0,1,0,1,0,1
1985333,91427,1893906,2159,190,721,1438,0
57215,680,56535,47,135,7,40,0
38339,808,37531,37,104,9,28,0
70,70,0,1,0,1,0,2
70,70,0,1,0,1,0,2
271,102,169,2,30,1,1,0
70,70,0,1,0,1,0,2
7199,1410,5789,22,33,11,11,0
70,70,0,1,0,1,0,2
7768,3071,4697,23,17,12,11,0
62,62,0,1,0,1,0,1
244,244,0,2,0,2,0,0
70,70,0,1,0,1,0,2
179,86,93,2,29,1,1,0
70,70,0,1,0,1,0,2
17060,10614,6446,52,132,25,27,0
186,95,91,2,30,1,1,0
502,150,352,2,1200,1,1,0
70,70,0,1,0,1,0,2
167,86,81,2,31,1,1,0
211720,46699,165021,332,109,152,180,0
66,66,0,1,0,1,0,1
66,66,0,1,0,1,0,1
66,66,0,1,0,1,0,1
174,89,85,2,31,1,1,0
62,62,0,1,0,1,0,1
66,66,0,1,0,1,0,2
698,320,378,10,17,6,4,0
4582,1675,2907,19,29,11,8,0
66,66,0,1,0,1,0,2
6400,1327,5073,21,21,13,8,0
164,84,80,2,31,1,1,0
9370,3805,5565,43,181,21,22,0
145,145,0,1,0,1,0,1
7647,1693,5954,31,77,16,15,0
165,86,79,2,30,1,1,0
70,70,0,1,0,1,0,2
4448,1654,2794,13,121,6,7,0
66,66,0,1,0,1,0,2
3498,1872,1626,48,200,24,24,0
70,70,0,1,0,1,0,2
70,70,0,1,0,1,0,2
66,66,0,1,0,1,0,2
66,66,0,1,0,1,0,2
62,62,0,1,0,1,0,1
86101,7312,78789,145,128,63,82,0
161,101,60,2,5,1,1,0
66,66,0,1,0,1,0,1
11377,7703,3674,26,162,19,7,0
1403708,31893,1371815,1301,162,292,1009,0
82,82,0,1,30,1,0,0
1640,126,1514,4,30,2,2,0
177,94,83,2,30,1,1,0
62,62,0,1,0,1,0,1
66,66,0,1,0,1,0,2
366,180,186,7,28,4,3,0
6417,1255,5162,24,360,12,12,0
62,62,0,1,0,1,0,1
499,425,74,4,0,3,1,0
1655,1341,314,10,16,5,5,0
66,66,0,1,0,1,0,1
298,114,184,2,30,1,1,0
70,70,0,1,5,1,0,0
1594,1280,314,10,15,5,5,0
886,126,760,2,30,1,1,0
70,70,0,1,0,1,0,2
13836,6371,7465,34,23,20,14,0
66,66,0,2,8,2,0,0
161,161,0,1,0,1,0,1
216,110,106,2,31,1,1,0
62,62,0,1,0,1,0,1
70,70,0,2,8,2,0,0
70,70,0,1,0,1,0,2
194,102,92,2,30,1,1,0
70,70,0,1,0,1,0,2
3221,1299,1922,15,19,9,6,0
70,70,0,1,0,1,0,2
1419,788,631,15,121,8,7,0
263,94,169,2,30,1,1,0
168,74,94,2,29,1,1,0
60,60,0,1,0,1,0,1
62,62,0,1,0,1,0,1
66,66,0,1,0,1,0,1
4353,1145,3208,17,25,9,8,0
70,70,0,1,0,1,0,2
70,70,0,1,0,1,0,2
66,66,0,1,0,1,0,1
146,146,0,1,0,1,0,1
66,66,0,1,0,1,0,1
5166,700,4466,16,16,7,9,0
70,70,0,1,0,1,0,2
190,97,93,2,31,1,1,0
70,70,0,1,0,1,0,2
10802,2841,7961,29,21,14,15,0
66,66,0,1,0,1,0,2
70,70,0,1,0,1,0,2
174,89,85,2,31,1,1,0
62,62,0,1,0,1,0,1
65980,5156,60824,86,23,39,47,0
183,94,89,2,31,1,1,0
209,110,99,2,29,1,1,0
4692,2882,1810,32,80,14,18,0
314,192,122,6,15,4,2,0
499,192,307,6,38,4,2,0
66,66,0,1,0,1,0,1
66,66,0,1,0,1,0,2
167,86,81,2,30,1,1,0
202,103,99,2,30,1,1,0
166,166,0,1,1199,1,0,0
754,502,252,11,20,7,4,0
193,102,91,2,30,1,1,0
70,70,0,1,0,1,0,2
178,94,84,2,30,1,1,0
1617,1073,544,16,15,9,7,0
66,66,0,2,8,2,0,0
70,70,0,2,5,2,0,0
66,66,0,1,0,1,0,1
70,70,0,1,5,1,0,0
192,192,0,3,46,3,0,0
62,62,0,1,0,1,0,1
70,70,0,1,0,1,0,2
10027,2130,7897,27,27,16,11,0
70,70,0,1,0,1,0,2
70,70,0,1,0,1,0,2
70,70,0,1,0,1,0,2
749,94,655,2,30,1,1,0
62,62,0,1,0,1,0,1
188,96,92,2,31,1,1,0
70,70,0,1,0,1,0,2
70,70,0,1,4,1,0,0
66,66,0,1,0,1,0,2
177,94,83,2,30,1,1,0
236,94,142,2,30,1,1,0
60,60,0,1,0,1,0,1
70,70,0,1,0,1,0,2
883,126,757,2,30,1,1,0
62,62,0,1,0,1,0,1
62,62,0,1,0,1,0,1
70,70,0,1,0,1,0,2
15152,5747,9405,46,56,20,26,0
66,66,0,1,0,1,0,1
6485,1692,4793,23,170,13,10,0
70,70,0,1,5,1,0,0
62,62,0,1,0,1,0,1
212,102,110,2,29,1,1,0
70,70,0,1,0,1,0,2
60,60,0,1,0,1,0,1
216,110,106,2,30,1,1,0
199,94,105,2,30,1,1,0
76863,6096,70767,103,17,49,54,0
499,425,74,4,1,3,1,0
195,102,93,2,29,1,1,0
255,86,169,2,31,1,1,0
711,87,624,2,30,1,1,0
5552,927,4625,16,15,10,6,0
66,66,0,1,0,1,0,2
3982,2461,1521,28,144,14,14,0
62,62,0,1,0,1,0,1
66,66,0,1,4,1,0,0
730,102,628,2,30,1,1,0
66,66,0,1,0,1,0,2
70,70,0,1,0,1,0,2
66,66,0,1,0,1,0,2
39888,5010,34878,60,104,32,28,0
194,102,92,2,30,1,1,0
183,94,89,2,30,1,1,0
328,87,241,4,52,2,2,0
70,70,0,1,5,1,0,0
70,70,0,1,5,1,0,0
90810,3417,87393,94,16,30,64,0
195,102,93,2,29,1,1,0
66,66,0,1,0,1,0,2
30116,4336,25780,44,123,18,26,0
4294,1112,3182,15,199,4,11,0
494,280,214,8,14,5,3,0
62,62,0,1,0,1,0,1
62,62,0,1,0,1,0,1
890,126,764,2,31,1,1,0
100,100,0,1,0,1,0,1
308,118,190,2,30,1,1,0
332,332,0,1,0,1,0,1
146,146,0,1,0,1,0,1
4038,1219,2819,22,135,9,13,0
1528,946,582,11,149,6,5,0
66,66,0,1,0,1,0,2
62,62,0,1,0,1,0,1
413,170,243,6,30,3,3,0
70,70,0,1,5,1,0,0
62,62,0,1,0,1,0,1
5616,3106,2510,22,223,13,9,0
6000,1578,4422,22,36,12,10,0
213,87,126,2,30,1,1,0
177,94,83,2,31,1,1,0
180,82,98,2,30,1,1,0
78,78,0,1,5,1,0,0
66,66,0,1,0,1,0,2
90177,3481,86696,96,15,31,65,0
170,87,83,2,30,1,1,0
66,66,0,1,0,1,0,1
200,102,98,2,29,1,1,0
5061,876,4185,16,70,8,8,0
66,66,0,1,0,1,0,1
70,70,0,1,5,1,0,0
143,143,0,1,0,1,0,1
66,66,0,1,0,1,0,2
70,70,0,1,0,1,0,2
4190,1882,2308,17,19,10,7,0
199,102,97,2,29,1,1,0
1294,864,430,12,81,7,5,0
70,70,0,1,0,1,0,2
60,60,0,1,0,1,0,1
66,66,0,2,7,2,0,0
66,66,0,1,0,1,0,2
177,94,83,2,30,1,1,0
186,95,91,2,31,1,1,0
199,102,97,2,30,1,1,0
216,102,114,2,30,1,1,0
1398,98,1300,4,31,2,2,0
164,84,80,2,31,1,1,0
889,126,763,2,30,1,1,0
195,102,93,2,30,1,1,0
66,66,0,1,0,1,0,1
70,70,0,1,0,1,0,2
66,66,0,1,0,1,0,1
6824,2097,4727,19,15,11,8,0
256,94,162,2,30,1,1,0
70,70,0,1,0,1,0,1
62,62,0,1,0,1,0,1
70,70,0,1,0,1,0,2
12588,4915,7673,28,94,15,13,0
766,102,664,2,30,1,1,0
66,66,0,1,0,1,0,2
66,66,0,1,0,1,0,2
7413235,214811,7198424,7869,344,2785,5084,0
74,74,0,1,0,1,0,1
193,102,91,2,30,1,1,0
237488,7574,229914,231,27,71,160,0
66,66,0,1,0,1,0,2
148,86,62,2,30,1,1,0
728,102,626,2,30,1,1,0
2119,1310,809,21,27,12,9,0
249,71,178,2,31,1,1,0
66,66,0,1,0,1,0,2
62,62,0,1,0,1,0,1
66,66,0,1,0,1,0,2
760,97,663,2,30,1,1,0
1385,783,602,14,23,8,6,0
2438,1442,996,21,27,12,9,0
70,70,0,1,0,1,0,2
183,94,89,2,30,1,1,0
66,66,0,1,0,1,0,2
150,150,0,1,5,1,0,0
70,70,0,1,0,1,0,2
66,66,0,1,0,1,0,2
66,66,0,1,0,1,0,2
168,78,90,2,30,1,1,0
70,70,0,1,0,1,0,2
70,70,0,1,0,1,0,2
70,70,0,1,0,1,0,2
70,70,0,1,0,1,0,2
94,94,0,1,30,1,0,0
114,114,0,2,120,2,0,0
779,86,693,2,30,1,1,0
62,62,0,1,0,1,0,1
62,62,0,1,0,1,0,1
66,66,0,1,0,1,0,2
825,99,726,2,30,1,1,0
74,74,0,1,0,1,0,1
70,70,0,1,0,1,0,2
146,60,86,2,10,1,1,0
62,62,0,1,0,1,0,1
193,102,91,2,30,1,1,0
62,62,0,1,0,1,0,1
66,66,0,1,0,1,0,1
187104,26358,160746,205,190,58,147,0
2959,793,2166,10,120,5,5,0
384,166,218,2,29,1,1,0
62,62,0,1,0,1,0,1
182,94,88,2,30,1,1,0
70,70,0,1,0,1,0,2
52962,3994,48968,71,27,32,39,0
146,146,0,1,0,1,0,1
383,90,293,4,43,2,2,0
60,60,0,1,0,1,0,1
316,136,180,6,7,3,3,0
771,101,670,2,30,1,1,0
184,94,90,2,31,1,1,0
259,150,109,2,1201,1,1,0
66,66,0,1,0,1,0,1
62,62,0,1,0,1,0,1
182,60,122,4,25,2,2,0
165,86,79,2,30,1,1,0
319563,13365,306198,344,123,119,225,0
66,66,0,1,0,1,0,2
60,60,0,1,0,1,0,1
5081,896,4185,16,70,8,8,0
70,70,0,1,0,1,0,2
70,70,0,1,0,1,0,2
183,86,97,2,29,1,1,0
188,96,92,2,31,1,1,0
62,62,0,1,0,1,0,1
70,70,0,1,0,1,0,2
70,70,0,1,0,1,0,2
209,102,107,2,30,1,1,0
11482,3696,7786,28,62,15,13,0
4312,2524,1788,34,132,19,15,0
492,306,186,8,16,5,3,0
62,62,0,1,0,1,0,1
70,70,0,1,0,1,0,2
62,62,0,1,0,1,0,1
70,70,0,1,0,1,0,2
4189,1691,2498,16,24,9,7,0
9571,3757,5814,48,221,26,22,0
70,70,0,1,0,1,0,2
66,66,0,1,0,1,0,1
130,70,60,2,5,1,1,0
499,425,74,4,0,3,1,0
66,66,0,1,0,1,0,1
62,62,0,1,0,1,0,1
309,110,199,2,30,1,1,0
41552,20621,20931,212,31,106,106,0
2523,1483,1040,19,276,10,9,0
829,583,246,9,15,5,4,0
197,102,95,2,33,1,1,0
5282,1090,4192,17,25,10,7,0
844,778,66,6,15,5,1,0
1560,988,572,13,21,7,6,0
66,66,0,1,0,1,0,2
13977,5303,8674,48,152,20,28,0
70,70,0,1,0,1,0,2
70,70,0,1,0,1,0,2
7924,2027,5897,23,22,14,9,0
332,94,238,2,29,1,1,0
182,86,96,2,30,1,1,0
72,72,0,1,0,1,0,1
2102,1583,519,11,23,6,5,0
193,102,91,2,30,1,1,0
192,98,94,2,31,1,1,0
8730,5681,3049,21,31,12,9,0
469,403,66,4,0,3,1,0
280,214,66,2,31,1,1,0
4132,2158,1974,35,255,17,18,0
70,70,0,1,0,1,0,2
239,102,137,2,30,1,1,0
767,102,665,2,30,1,1,0
164,78,86,2,31,1,1,0
32709,8467,24242,54,20,29,25,0
182,94,88,2,29,1,1,0
166,86,80,2,31,1,1,0
66,66,0,1,0,1,0,1
8589,2809,5780,30,16,15,15,0
100,100,0,1,0,1,0,1
168,78,90,2,30,1,1,0
66,66,0,1,0,1,0,1
70,70,0,1,0,1,0,2
152228,30166,122062,215,153,92,123,0
176,90,86,2,31,1,1,0
66,66,0,1,0,1,0,2
66,66,0,1,0,1,0,2
70,70,0,1,0,1,0,2
177,94,83,2,30,1,1,0
40207,7892,32315,59,152,23,36,0
62,62,0,1,0,1,0,1
309,94,215,4,32,2,2,0
109,109,0,2,34,2,0,0
62,62,0,1,0,1,0,1
60,60,0,1,0,1,0,1
758,93,665,2,31,1,1,0
1384,937,447,9,360,5,4,0
62,62,0,1,0,1,0,1
210,110,100,2,30,1,1,0
137,137,0,1,0,1,0,1
66,66,0,1,0,1,0,1
4771341,155341,4616000,5024,147,1667,3357,0
66,66,0,1,0,1,0,2
60,60,0,1,0,1,0,1
66,66,0,1,0,1,0,2
62,62,0,1,0,1,0,1
62,62,0,1,0,1,0,1
216,94,122,2,30,1,1,0
4704,2139,2565,13,119,7,6,0
62,62,0,1,0,1,0,1
66,66,0,1,0,1,0,2
312,132,180,6,7,3,3,0
70,70,0,1,0,1,0,2
70,70,0,1,0,1,0,2
182,93,89,2,30,1,1,0
60,60,0,1,0,1,0,1
867,126,741,2,30,1,1,0
66,66,0,1,0,1,0,2
60,60,0,1,0,1,0,1
62,62,0,1,0,1,0,1
66,66,0,1,0,1,0,1
62,62,0,1,0,1,0,1
60,60,0,1,0,1,0,1
70,70,0,1,0,1,0,2
70,70,0,1,0,1,0,2
62,62,0,1,0,1,0,1
62,62,0,1,0,1,0,1
70,70,0,2,8,2,0,0
233,91,142,2,31,1,1,0
66,66,0,1,0,1,0,1
70,70,0,2,8,2,0,0
62,62,0,1,0,1,0,1
528,528,0,9,1200,9,0,0
183,94,89,2,29,1,1,0
9596,1688,7908,26,255,13,13,0
509,150,359,2,1199,1,1,0
2652,1566,1086,15,86,9,6,0
3290,2776,514,12,15,7,5,0
70,70,0,1,0,1,0,2
70,70,0,1,0,1,0,2
7098,2628,4470,20,16,12,8,0
70,70,0,1,0,1,0,2
4138,2416,1722,31,80,16,15,0
400,70,330,7,17,2,5,0
66,66,0,1,0,1,0,1
70,70,0,1,0,1,0,2
168,78,90,2,30,1,1,0
66,66,0,1,0,1,0,1
66,66,0,1,0,1,0,2
24214,18131,6083,81,118,44,37,0
513,152,361,2,1200,1,1,0
62,62,0,1,0,1,0,1
612,426,186,10,22,7,3,0
66,66,0,1,0,1,0,1
214,102,112,2,31,1,1,0
156,62,94,2,10,1,1,0
66,66,0,1,0,1,0,1
378,192,186,7,26,4,3,0
221672,9306,212366,249,21,97,152,0
177,94,83,2,30,1,1,0
4972,1547,3425,22,149,10,12,0
751,95,656,2,30,1,1,0
1642,126,1516,4,31,2,2,0
214,71,143,2,30,1,1,0
70,70,0,1,0,1,0,2
774,101,673,2,30,1,1,0
8543,1114,7429,26,93,11,15,0
556,256,300,10,30,5,5,0
9464,1751,7713,29,48,13,16,0
195,102,93,2,30,1,1,0
60,60,0,1,0,1,0,1
4239,2026,2213,15,120,7,8,0
66,66,0,1,0,1,0,2
66,66,0,1,4,1,0,0
70,70,0,1,0,1,0,2
62,62,0,1,0,1,0,1
757,98,659,2,0,1,1,0
62,62,0,1,0,1,0,1
70,70,0,1,0,1,0,2
82,82,0,1,30,1,0,0
38314,11683,26631,76,34,38,38,0
170,87,83,2,30,1,1,0
62,62,0,1,0,1,0,1
1200,623,577,13,27,6,7,0
13231,6169,7062,38,120,19,19,0
70,70,0,1,0,1,0,2
62,62,0,1,0,1,0,1
70,70,0,2,154,2,0,0
10754,4129,6625,42,112,20,22,0
770727,19843,750884,802,16,295,507,0
62,62,0,1,0,1,0,1
248384,70243,178141,544,588,246,298,0
62,62,0,1,0,1,0,1
62,62,0,1,0,1,0,1
5733,1543,4190,24,28,13,11,0
62,62,0,1,0,1,0,1
6423,1145,5278,19,33,11,8,0
209,110,99,2,31,1,1,0
70,70,0,1,0,1,0,2
66,66,0,1,0,1,0,1
70,70,0,1,0,1,0,2
183,102,81,2,30,1,1,0
320,140,180,6,7,3,3,0
60,60,0,1,0,1,0,1
12594,5098,7496,32,34,17,15,0
199,94,105,2,30,1,1,0
66,66,0,1,0,1,0,1
5479,929,4550,20,360,10,10,0
182,94,88,2,30,1,1,0
70,70,0,1,0,1,0,2
66,66,0,1,0,1,0,2
70,70,0,1,0,1,0,2
9902,8772,1130,18,35,10,8,0
184,94,90,2,30,1,1,0
70,70,0,1,0,1,0,2
60,60,0,1,0,1,0,1
146,146,0,1,0,1,0,1
70,70,0,1,0,1,0,2
7731,2016,5715,38,271,20,18,0
66,66,0,1,0,1,0,1
66,66,0,1,0,1,0,1
115373,6904,108469,171,117,87,84,0
1780,252,1528,5,44,3,2,0
66,66,0,1,0,1,0,1
62,62,0,1,0,1,0,1
150,150,0,1,1200,1,0,0
1401,864,537,12,28,6,6,0
12256,5443,6813,33,437,18,15,0
499,425,74,4,0,3,1,0
1370,750,620,21,329,11,10,0
66,66,0,1,0,1,0,1
66,66,0,1,0,1,0,1
314,192,122,6,26,4,2,0
16205,2525,13680,31,139,15,16,0
62,62,0,1,0,1,0,1
7129,4391,2738,32,196,16,16,0
28629,4862,23767,33,39,13,20,0
66,66,0,1,0,1,0,2
70,70,0,1,0,1,0,2
7681,4711,2970,36,28,17,19,0
183,102,81,2,30,1,1,0
712,374,338,11,26,6,5,0
701,88,613,2,30,1,1,0
1652,1264,388,10,17,4,6,0
3135,1968,1167,22,72,12,10,0
247172,58810,188362,325,90,174,151,0
66,66,0,1,0,1,0,1
214,82,132,2,30,1,1,0
5987,1556,4431,19,47,12,7,0
66,66,0,1,0,1,0,2
145,145,0,1,0,1,0,1
217502,6597,210905,211,109,62,149,0
70,70,0,1,0,1,0,2
212,102,110,2,29,1,1,0
74,74,0,1,0,1,0,1
2769,1396,1373,11,29,7,4,0
177,94,83,2,30,1,1,0
200,102,98,2,30,1,1,0
535,100,435,4,36,2,2,0
6586,3686,2900,35,75,17,18,0
318,120,198,6,25,3,3,0
184,94,90,2,30,1,1,0
66,66,0,1,0,1,0,2
82,82,0,1,30,1,0,0
22457,12680,9777,65,20,34,31,0
62,62,0,1,0,1,0,1
70,70,0,1,0,1,0,2
177,94,83,2,30,1,1,0
72,72,0,1,0,1,0,1
196,94,102,2,30,1,1,0
160,160,0,1,0,1,0,1
62,62,0,1,0,1,0,1
924,924,0,3,30,3,0,0
6990,2019,4971,29,20,16,13,0
889,404,485,10,30,5,5,0
70,70,0,1,0,1,0,2
811,671,140,6,31,4,2,0
1920,1471,449,10,19,6,4,0
183,94,89,2,30,1,1,0
499,425,74,4,1,3,1,0
1372,868,504,13,35,8,5,0
66,66,0,1,0,1,0,2
70,70,0,1,0,1,0,2
901,126,775,2,30,1,1,0
70,70,0,1,0,1,0,2
284,79,205,2,30,1,1,0
62,62,0,1,0,1,0,1
198,101,97,2,31,1,1,0
268,93,175,4,59,2,2,0
180,94,86,2,30,1,1,0
70,70,0,1,0,1,0,2
70,70,0,1,5,1,0,0
62,62,0,1,0,1,0,1
66,66,0,1,0,1,0,2
178,94,84,2,29,1,1,0
215,102,113,2,30,1,1,0
366,240,126,7,26,5,2,0
66,66,0,1,0,1,0,2
62,62,0,1,0,1,0,1
149,149,0,1,1200,1,0,0
7979,802,7177,17,47,8,9,0
35251,25181,10070,121,123,63,58,0
62,62,0,1,0,1,0,1
60,60,0,1,0,1,0,1
167,86,81,2,29,1,1,0
196,102,94,2,30,1,1,0
70,70,0,1,0,1,0,2
193,102,91,2,30,1,1,0
92290,4799,87491,107,16,43,64,0
170,87,83,2,31,1,1,0
66,66,0,1,0,1,0,1
7503,2345,5158,34,256,17,17,0
370,190,180,6,15,3,3,0
126027,103934,22093,380,239,237,143,0
41870,3567,38303,68,15,34,34,0
330,190,140,6,15,4,2,0
62,62,0,1,0,1,0,1
20838,2211,18627,40,14,20,20,0
70,70,0,1,0,1,0,2
177,94,83,2,30,1,1,0
62,62,0,1,0,1,0,1
560,264,296,9,44,5,4,0
146,146,0,1,0,1,0,1
66,66,0,1,0,1,0,1
421,78,343,2,31,1,1,0
62,62,0,1,0,1,0,1
132,132,0,3,1199,3,0,0
422,164,258,6,30,3,3,0
70,70,0,1,0,1,0,2
6562,1873,4689,25,16,15,10,0
146,146,0,1,0,1,0,1
66,66,0,1,0,1,0,1
101473,1494,99979,91,15,21,70,0
66,66,0,1,0,1,0,1
2402,1444,958,18,167,10,8,0
200,102,98,2,30,1,1,0
62,62,0,1,0,1,0,1
66,66,0,1,0,1,0,2
14927,10571,4356,39,75,20,19,0
6490,1789,4701,30,95,16,14,0
66,66,0,1,0,1,0,2
66,66,0,1,0,1,0,2
70,70,0,1,0,1,0,2
70,70,0,1,0,1,0,2
66,66,0,2,8,2,0,0
70,70,0,1,0,1,0,2
70,70,0,1,0,1,0,2
4332,1907,2425,18,136,8,10,0
692830,23263,669567,784,114,306,478,0
281,97,184,4,58,2,2,0
209,110,99,2,30,1,1,0
66,66,0,1,0,1,0,2
62,62,0,1,0,1,0,1
70,70,0,1,0,1,0,2
62,62,0,1,0,1,0,1
4373,1466,2907,19,27,11,8,0
60,60,0,1,0,1,0,1
21087,4784,16303,25,146,7,18,0
502,256,246,9,39,5,4,0
70,70,0,1,5,1,0,0
178,94,84,2,30,1,1,0
2529,1230,1299,17,16,9,8,0
4145,1069,3076,14,25,8,6,0
1143,703,440,13,38,8,5,0
11882,3450,8432,39,120,19,20,0
70,70,0,2,7,2,0,0
209,110,99,2,30,1,1,0
174,89,85,2,31,1,1,0
56887,6820,50067,90,25,49,41,0
70,70,0,1,0,1,0,2
60,60,0,1,0,1,0,1
70,70,0,1,0,1,0,2
314,192,122,6,15,4,2,0
62,62,0,1,0,1,0,1
217,87,130,2,30,1,1,0
92352,5699,86653,105,134,35,70,0
70,70,0,1,0,1,0,2
66,66,0,1,0,1,0,1
66,66,0,1,0,1,0,1
306579,19447,287132,335,105,129,206,0
1767,751,1016,10,15,6,4,0
86,86,0,1,29,1,0,0
70,70,0,1,5,1,0,0
489,94,395,2,30,1,1,0
70,70,0,2,8,2,0,0
98,98,0,1,0,1,0,1
70,70,0,1,0,1,0,2
1860,712,1148,8,15,5,3,0
66,66,0,1,0,1,0,2
60,60,0,1,0,1,0,1
5166,1989,3177,15,122,7,8,0
885,126,759,2,31,1,1,0
177,94,83,2,30,1,1,0
62,62,0,1,0,1,0,1
70,70,0,1,0,1,0,2
66,66,0,1,0,1,0,2
66,66,0,1,0,1,0,1
66,66,0,1,0,1,0,2
62,62,0,1,0,1,0,1
209,110,99,2,29,1,1,0
8328,1391,6937,18,123,10,8,0
1786,172,1614,7,120,3,4,0
62,62,0,1,0,1,0,1
70,70,0,1,0,1,0,2
613,200,413,6,59,3,3,0
4584,3642,942,15,15,8,7,0
1248,535,713,10,20,5,5,0
66,66,0,1,0,1,0,2
70,70,0,1,0,1,0,2
62,62,0,1,0,1,0,1
66,66,0,1,0,1,0,2
66,66,0,1,0,1,0,1
8551,5933,2618,18,26,12,6,0
251,110,141,2,30,1,1,0
183,94,89,2,31,1,1,0
70,70,0,1,4,1,0,0
66,66,0,1,0,1,0,2
70,70,0,1,0,1,0,2
330,330,0,6,1200,6,0,0
1385,868,517,12,30,6,6,0
66,66,0,1,0,1,0,2
130,70,60,2,15,1,1,0
288,102,186,2,31,1,1,0
1268,645,623,12,45,7,5,0
178,94,84,2,30,1,1,0
168,86,82,2,31,1,1,0
1201,577,624,8,30,4,4,0
4579,2182,2397,16,17,9,7,0
62,62,0,1,0,1,0,1
4880,3216,1664,29,79,15,14,0
70,70,0,1,5,1,0,0
66,66,0,1,0,1,0,1
70,70,0,1,0,1,0,2
66,66,0,1,0,1,0,1
234,234,0,4,11,4,0,0
4611,1704,2907,19,28,11,8,0
299,103,196,4,51,2,2,0
70,70,0,1,0,1,0,2
62,62,0,1,0,1,0,1
82,82,0,1,31,1,0,0
183,94,89,2,31,1,1,0
66,66,0,1,0,1,0,1
295,86,209,2,30,1,1,0
499,425,74,4,0,3,1,0
202,103,99,2,31,1,1,0
146,146,0,1,0,1,0,1
161,161,0,1,1200,1,0,0
183,94,89,2,30,1,1,0
195,102,93,2,30,1,1,0
70,70,0,1,0,1,0,2
318,192,126,6,26,4,2,0
66,66,0,1,0,1,0,2
17046,2620,14426,42,159,19,23,0
186,95,91,2,30,1,1,0
70,70,0,1,0,1,0,2
196,102,94,2,30,1,1,0
1778,1386,392,8,30,4,4,0
443,294,149,2,300,1,1,0
767,102,665,2,30,1,1,0
62,62,0,1,0,1,0,1
900,126,774,3,30,2,1,0
66,66,0,1,5,1,0,0
1729,1287,442,7,15,5,2,0
70,70,0,1,0,1,0,2
70,70,0,1,0,1,0,2
289,102,187,2,30,1,1,0
2854,1700,1154,16,16,8,8,0
183,94,89,2,29,1,1,0
178,94,84,2,30,1,1,0
62,62,0,1,0,1,0,1
3941,902,3039,13,50,7,6,0
193,102,91,2,30,1,1,0
198,110,88,2,30,1,1,0
5837,1982,3855,19,19,11,8,0
5846,3321,2525,34,96,19,15,0
498,204,294,6,30,3,3,0
181,86,95,2,30,1,1,0
64135,3588,60547,88,40,38,50,0
66,66,0,1,0,1,0,2
758,96,662,2,30,1,1,0
448,98,350,4,41,2,2,0
62,62,0,1,0,1,0,1
177,94,83,2,31,1,1,0
1577,594,983,20,1614,10,10,0
1510,481,1029,11,20,6,5,0
66,66,0,1,0,1,0,1
21313,7245,14068,48,128,22,26,0
212824,12881,199943,244,49,101,143,0
499,425,74,4,0,3,1,0
70,70,0,1,0,1,0,2
168,78,90,2,30,1,1,0
5584,1390,4194,19,14,9,10,0
9047,1436,7611,22,27,10,12,0
66,66,0,1,0,1,0,1
168,86,82,2,30,1,1,0
509,150,359,2,1199,1,1,0
62,62,0,1,0,1,0,1
39932,34025,5907,52,21,34,18,0
86,86,0,1,30,1,0,0
49386,4604,44782,82,32,43,39,0
70,70,0,1,4,1,0,0
70,70,0,1,0,1,0,2
62,62,0,1,0,1,0,1
18744,10266,8478,44,35,21,23,0
286,102,184,2,31,1,1,0
86,86,0,2,31,2,0,0
1864,1024,840,10,16,6,4,0
168,86,82,2,31,1,1,0
379,94,285,2,30,1,1,0
14172,2714,11458,32,637,13,19,0
185,93,92,3,58,2,1,0
106,106,0,1,61,1,0,0
78,78,0,1,5,1,0,0
70,70,0,1,0,1,0,2
70,70,0,1,0,1,0,2
70,70,0,1,0,1,0,2
316,136,180,6,6,3,3,0
66,66,0,1,0,1,0,1
66,66,0,1,0,1,0,2
183,94,89,2,31,1,1,0
892,126,766,2,30,1,1,0
70,70,0,1,0,1,0,2
197,90,107,2,30,1,1,0
70,70,0,1,4,1,0,0
318,192,126,6,27,4,2,0
70,70,0,1,0,1,0,2
312,132,180,6,7,3,3,0
62,62,0,1,0,1,0,1
50565,32661,17904,77,167,39,38,0
66,66,0,1,0,1,0,1
70,70,0,1,0,1,0,2
62,62,0,1,0,1,0,1
1142,636,506,10,45,6,4,0
62,62,0,1,0,1,0,1
66,66,0,1,0,1,0,1
164,70,94,2,5,1,1,0
164,78,86,2,30,1,1,0
66,66,0,1,0,1,0,2
414,268,146,3,32,2,1,0
9860,5309,4551,25,131,14,11,0
70,70,0,1,0,1,0,2
3028,1828,1200,19,21,11,8,0
334,158,176,2,1203,1,1,0
66,66,0,1,0,1,0,1
199,102,97,2,30,1,1,0
177,94,83,2,30,1,1,0
146,146,0,1,0,1,0,1
1693924,34466,1659458,1627,230,522,1105,0
138037,13843,124194,197,206,94,103,0
272,84,188,4,60,2,2,0
264,102,162,2,31,1,1,0
160,70,90,2,4,1,1,0
72,72,0,1,0,1,0,1
70,70,0,1,0,1,0,2
70,70,0,1,0,1,0,2
7914,1925,5989,20,15,11,9,0
330,330,0,6,1200,6,0,0
881,126,755,2,30,1,1,0
70,70,0,1,0,1,0,2
70,70,0,1,0,1,0,2
10922,2532,8390,27,28,13,14,0
62,62,0,1,0,1,0,1
66,66,0,1,0,1,0,2
179,94,85,2,30,1,1,0
70,70,0,1,0,1,0,2
137,137,0,1,0,1,0,1
447,101,346,4,29,2,2,0
7607,3563,4044,18,20,9,9,0
178,94,84,2,31,1,1,0
265,91,174,4,40,2,2,0
802,104,698,2,31,1,1,0
195,86,109,2,30,1,1,0
66,66,0,1,0,1,0,2
70,70,0,1,0,1,0,2
8060,1868,6192,28,16,15,13,0
70,70,0,1,0,1,0,2
2000,710,1290,8,15,5,3,0
66,66,0,1,0,1,0,2
7433,2086,5347,26,316,12,14,0
182,94,88,2,30,1,1,0
214,140,74,4,35,3,1,0
70,70,0,1,0,1,0,2
62,62,0,1,0,1,0,1
66,66,0,1,0,1,0,2
38022,18448,19574,53,57,27,26,0
200,86,114,2,30,1,1,0
70,70,0,1,0,1,0,2
66,66,0,1,0,1,0,2
35160,6404,28756,82,196,31,51,0
326,102,224,2,30,1,1,0
402,132,270,6,1209,3,3,0
204,104,100,2,31,1,1,0
62,62,0,1,0,1,0,1
60,60,0,1,0,1,0,1
66,66,0,1,0,1,0,2
165,86,79,2,29,1,1,0
179,94,85,2,31,1,1,0
70,70,0,1,0,1,0,2
70,70,0,1,0,1,0,2
70,70,0,2,6,2,0,0
66,66,0,1,0,1,0,2
70,70,0,1,0,1,0,2
1141,636,505,10,45,6,4,0
211,102,109,2,30,1,1,0
6516,3085,3431,33,80,17,16,0
1917,1468,449,10,20,6,4,0
12474,4810,7664,39,66,19,20,0
2088,472,1616,15,155,3,12,0
11694,4947,6747,34,48,19,15,0
481,150,331,2,1200,1,1,0
66,66,0,1,0,1,0,2
66,66,0,1,0,1,0,1
1514,1514,0,1,0,1,0,1
70,70,0,1,0,1,0,2
2693,1361,1332,17,19,10,7,0
237,93,144,2,0,1,1,0
70,70,0,1,0,1,0,2
179,94,85,2,31,1,1,0
66,66,0,1,0,1,0,2
66,66,0,1,0,1,0,2
234,94,140,2,30,1,1,0
4687209,3850148,837061,4974,107,3004,1970,0
2044,1143,901,19,16,9,10,0
66,66,0,1,0,1,0,2
12723734,404530,12319204,13539,134,4494,9045,0
70,70,0,1,0,1,0,2
166,166,0,1,1200,1,0,0
70,70,0,1,0,1,0,2
183,94,89,2,30,1,1,0
62,62,0,1,0,1,0,1
9802,5628,4174,56,225,29,27,0
273,94,179,2,30,1,1,0
70,70,0,1,0,1,0,2
5326946,116544,5210402,5175,111,1695,3480,0
62,62,0,1,0,1,0,1
1312,651,661,13,185,7,6,0
400,257,143,3,33,2,1,0
194,87,107,2,30,1,1,0
146,146,0,1,0,1,0,1
70,70,0,1,0,1,0,2
70,70,0,1,0,1,0,2
66,66,0,1,0,1,0,1
66,66,0,1,0,1,0,1
66,66,0,1,0,1,0,1
179,94,85,2,31,1,1,0
196,102,94,2,30,1,1,0
168,78,90,2,30,1,1,0
276,94,182,2,30,1,1,0
66,66,0,1,0,1,0,1
9917,3184,6733,30,91,12,18,0
66,66,0,1,0,1,0,1
70,70,0,1,0,1,0,2
320,320,0,5,0,5,0,0
7775,2973,4802,36,57,19,17,0
70,70,0,1,0,1,0,2
711,87,624,2,30,1,1,0
70,70,0,1,0,1,0,2
62,62,0,1,0,1,0,1
758,102,656,2,30,1,1,0
74,74,0,1,0,1,0,1
181,94,87,2,30,1,1,0
70,70,0,1,0,1,0,2
62,62,0,1,0,1,0,1
66,66,0,1,0,1,0,1
1129,580,549,11,74,6,5,0
66,66,0,1,0,1,0,2
70,70,0,1,4,1,0,0
62,62,0,1,0,1,0,1
292,102,190,2,30,1,1,0
62,62,0,1,0,1,0,1
214,94,120,2,30,1,1,0
66,66,0,2,7,2,0,0
4378,1471,2907,19,27,11,8,0
62,62,0,1,0,1,0,1
70,70,0,2,8,2,0,0
3224,2776,448,11,15,7,4,0
1664127,116770,1547357,2028,401,736,1292,0
66,66,0,1,0,1,0,1
7656,4286,3370,38,86,19,19,0
70,70,0,1,5,1,0,0
199,102,97,2,29,1,1,0
226,110,116,2,29,1,1,0
78,78,0,1,0,1,0,1
183,102,81,2,29,1,1,0
62,62,0,1,0,1,0,1
294,102,192,2,30,1,1,0
183,94,89,2,29,1,1,0
97,97,0,1,0,1,0,1
4827,2244,2583,16,135,8,8,0
499,425,74,4,0,3,1,0
62,62,0,1,0,1,0,1
184,86,98,2,29,1,1,0
330,330,0,6,3609,6,0,0
3287,2072,1215,12,30,6,6,0
193,102,91,2,31,1,1,0
2270749,47314,2223435,2132,99,651,1481,0
66,66,0,1,0,1,0,1
62,62,0,1,0,1,0,1
90561,3481,87080,96,16,31,65,0
44755,823,43932,45,15,12,33,0
70,70,0,1,0,1,0,2
66,66,0,1,0,1,0,1
202,103,99,2,31,1,1,0
70,70,0,1,0,1,0,2
8848,3081,5767,56,335,26,30,0
70,70,0,2,8,2,0,0
70,70,0,1,4,1,0,0
66,66,0,1,0,1,0,2
70,70,0,1,0,1,0,2
265,102,163,2,30,1,1,0
146,146,0,1,0,1,0,1
62,62,0,1,0,1,0,1
385,94,291,2,30,1,1,0
492,306,186,8,15,5,3,0
60,60,0,1,0,1,0,1
152,86,66,2,4,1,1,0
70,70,0,1,0,1,0,2
7820,1344,6476,24,16,13,11,0
146,146,0,1,0,1,0,1
199,102,97,2,31,1,1,0
70,70,0,2,7,2,0,0
70,70,0,1,0,1,0,2
14364,4095,10269,33,404,13,20,0
66,66,0,1,0,1,0,1
93063,2948,90115,107,80,30,77,0
200,102,98,2,30,1,1,0
756,95,661,2,30,1,1,0
199,102,97,2,30,1,1,0
70,70,0,1,0,1,0,2
70,70,0,1,0,1,0,2
66,66,0,1,0,1,0,2
159,159,0,1,0,1,0,1
66,66,0,1,0,1,0,2
62,62,0,1,0,1,0,1
60,60,0,1,0,1,0,1
13363,4645,8718,54,241,32,22,0
211,78,133,2,30,1,1,0
10106,2096,8010,24,186,13,11,0
66,66,0,1,5,1,0,0
167,86,81,2,30,1,1,0
70,70,0,1,5,1,0,0
211,89,122,4,30,2,2,0
66,66,0,1,0,1,0,2
66,66,0,1,0,1,0,2
994,86,908,2,31,1,1,0
199,102,97,2,30,1,1,0
207,86,121,2,30,1,1,0
66,66,0,1,0,1,0,1
66,66,0,1,0,1,0,1
60,60,0,1,0,1,0,1
159790,4676,155114,177,128,67,110,0
70,70,0,1,5,1,0,0
1442,721,721,15,122,8,7,0
70,70,0,1,0,1,0,2
102548,19098,83450,140,35,60,80,0
448,184,264,6,30,3,3,0
66,66,0,2,7,2,0,0
166,166,0,1,1200,1,0,0
11072,3983,7089,27,186,15,12,0
403,142,261,2,30,1,1,0
70,70,0,1,0,1,0,2
237,86,151,2,30,1,1,0
258,94,164,2,31,1,1,0
66,66,0,1,0,1,0,1
785,110,675,2,30,1,1,0
66,66,0,1,0,1,0,1
4468,1145,3323,15,16,9,6,0
70,70,0,1,0,1,0,2
66,66,0,1,0,1,0,1
295,101,194,4,30,2,2,0
552,280,272,9,30,5,4,0
168,86,82,2,31,1,1,0
14531,7971,6560,36,190,20,16,0
66,66,0,1,0,1,0,1
177,94,83,2,30,1,1,0
70,70,0,1,5,1,0,0
62,62,0,1,0,1,0,1
66,66,0,1,0,1,0,2
60,60,0,1,0,1,0,1
533813,25885,507928,678,50,308,370,0
70,70,0,2,8,2,0,0
60,60,0,1,0,1,0,1
322,84,238,4,29,2,2,0
70,70,0,1,0,1,0,2
66,66,0,1,0,1,0,1
771,101,670,2,31,1,1,0
66,66,0,1,0,1,0,1
2272788,106549,2166239,2492,190,850,1642,0
177,94,83,2,30,1,1,0
62,62,0,1,0,1,0,1
70,70,0,1,0,1,0,2
258,70,188,4,8,2,2,0
62,62,0,1,0,1,0,1
711,87,624,2,31,1,1,0
211,110,101,2,30,1,1,0
62,62,0,1,0,1,0,1
70,70,0,1,0,1,0,2
70,70,0,1,5,1,0,0
10893,4674,6219,43,121,19,24,0
326,186,140,6,29,4,2,0
70,70,0,1,0,1,0,2
66,66,0,1,0,1,0,1
234,234,0,4,12,4,0,0
1914,1302,612,11,14,5,6,0
195,102,93,2,30,1,1,0
66,66,0,1,0,1,0,1
196,102,94,2,31,1,1,0
195,102,93,2,30,1,1,0
499,425,74,4,0,3,1,0
16274,9170,7104,34,32,19,15,0
74,74,0,1,0,1,0,1
66,66,0,1,0,1,0,1
62,62,0,1,0,1,0,1
62,62,0,1,0,1,0,1
70,70,0,1,0,1,0,2
98,98,0,1,0,1,0,1
4921,2134,2787,21,95,10,11,0
62,62,0,1,0,1,0,1
66,66,0,1,0,1,0,1
70,70,0,1,5,1,0,0
184,94,90,2,30,1,1,0
58726,30286,28440,246,175,123,123,0
306,99,207,2,0,1,1,0
66,66,0,1,0,1,0,2
1647,508,1139,8,138,5,3,0
66,66,0,1,0,1,0,1
5316,488,4828,14,15,7,7,0
62,62,0,1,0,1,0,1
148,148,0,1,0,1,0,1
102,102,0,1,30,1,0,0
199,102,97,2,30,1,1,0
6613,4394,2219,50,122,29,21,0
425,90,335,4,43,2,2,0
222,82,140,2,30,1,1,0
66,66,0,1,0,1,0,2
1173,672,501,8,31,5,3,0
152,78,74,2,5,1,1,0
70,70,0,1,0,1,0,2
70,70,0,1,0,1,0,2
66,66,0,1,0,1,0,1
177,94,83,2,30,1,1,0
62,62,0,1,0,1,0,1
66,66,0,1,0,1,0,2
2341,540,1801,9,121,5,4,0
215,102,113,2,30,1,1,0
122,62,60,2,15,1,1,0
70,70,0,1,0,1,0,2
62,62,0,1,0,1,0,1
62,62,0,1,0,1,0,1
292,110,182,2,30,1,1,0
70,70,0,1,0,1,0,2
895,126,769,2,30,1,1,0
70,70,0,1,0,1,0,2
370,102,268,2,30,1,1,0
62,62,0,1,0,1,0,1
196,100,96,2,30,1,1,0
199,102,97,2,30,1,1,0
234,94,140,2,30,1,1,0
167,86,81,2,31,1,1,0
11784,6760,5024,50,247,30,20,0
870,330,540,12,1316,6,6,0
753,94,659,2,30,1,1,0
200,102,98,2,30,1,1,0
30902,6307,24595,86,269,36,50,0
183,94,89,2,29,1,1,0
70,70,0,1,0,1,0,2
62,62,0,1,0,1,0,1
62,62,0,1,0,1,0,1
70,70,0,1,0,1,0,2
7195,1791,5404,18,99,11,7,0
199,94,105,2,30,1,1,0
70,70,0,2,8,2,0,0
86,86,0,1,30,1,0,0
66,66,0,1,0,1,0,2
855,311,544,8,79,4,4,0
192,82,110,2,30,1,1,0
62,62,0,1,0,1,0,1
70,70,0,1,0,1,0,2
776,102,674,2,30,1,1,0
23915,4341,19574,37,120,15,22,0
35419,29471,5948,42,31,27,15,0
216,94,122,2,30,1,1,0
168,86,82,2,30,1,1,0
146,146,0,1,0,1,0,1
309,94,215,2,30,1,1,0
186,95,91,2,30,1,1,0
74,74,0,1,0,1,0,1
66,66,0,1,0,1,0,1
146,146,0,1,0,1,0,1
62,62,0,1,0,1,0,1
167,86,81,2,30,1,1,0
62,62,0,1,0,1,0,1
62,62,0,1,0,1,0,1
62,62,0,1,0,1,0,1
3364,1714,1650,15,32,8,7,0
525,166,359,2,1200,1,1,0
60331,12765,47566,119,105,57,62,0
374,240,134,7,15,5,2,0
7246,3017,4229,21,15,11,10,0
66,66,0,1,0,1,0,1
70,70,0,1,0,1,0,2
145,145,0,1,0,1,0,1
70,70,0,1,0,1,0,2
188,96,92,2,31,1,1,0
504,318,186,8,15,5,3,0
66,66,0,1,0,1,0,2
168,86,82,2,30,1,1,0
572,572,0,5,11,5,0,0
495,109,386,4,53,2,2,0
502,150,352,2,1200,1,1,0
66,66,0,1,0,1,0,1
422,240,182,8,26,5,3,0
78,78,0,1,0,1,0,1
66,66,0,1,0,1,0,1
72,72,0,1,0,1,0,1
70,70,0,1,0,1,0,2
62,62,0,1,0,1,0,1
66,66,0,1,0,1,0,2
60,60,0,1,0,1,0,1
2352,1394,958,17,275,9,8,0
195,102,93,2,31,1,1,0
11152,2086,9066,33,93,17,16,0
223,86,137,2,29,1,1,0
70,70,0,1,0,1,0,2
66,66,0,1,0,1,0,2
66,66,0,1,0,1,0,2
2494,719,1775,9,120,5,4,0
62,62,0,1,0,1,0,1
66,66,0,1,0,1,0,1
62,62,0,1,0,1,0,1
198,102,96,2,30,1,1,0
70,70,0,1,0,1,0,2
172,88,84,2,30,1,1,0
66,66,0,1,0,1,0,1
70,70,0,1,0,1,0,2
4972,2136,2836,21,24,12,9,0
7104,888,6216,19,27,9,10,0
66,66,0,1,0,1,0,1
14197,9283,4914,28,122,15,13,0
66,66,0,1,0,1,0,1
72,72,0,1,0,1,0,1
62,62,0,1,0,1,0,1
62,62,0,1,0,1,0,1
70,70,0,1,0,1,0,2
70,70,0,1,0,1,0,2
2499,531,1968,11,75,6,5,0
10221,3259,6962,36,120,18,18,0
10588,2455,8133,46,5724,19,27,0
66,66,0,1,5,1,0,0
184,94,90,2,31,1,1,0
239,94,145,2,30,1,1,0
66,66,0,1,0,1,0,1
66,66,0,1,0,1,0,2
642,338,304,10,33,6,4,0
8166,1734,6432,23,81,12,11,0
66,66,0,1,0,1,0,1
740,93,647,2,31,1,1,0
214,110,104,2,29,1,1,0
183,94,89,2,29,1,1,0
198,102,96,2,32,1,1,0
66,66,0,1,0,1,0,2
178,91,87,2,31,1,1,0
66,66,0,1,0,1,0,1
915797,52405,863392,1231,269,604,627,0
62,62,0,1,0,1,0,1
2852,2143,709,16,121,8,8,0
66,66,0,1,0,1,0,2
241,98,143,2,30,1,1,0
62,62,0,1,0,1,0,1
70,70,0,1,0,1,0,2
62,62,0,1,0,1,0,1
184,94,90,2,30,1,1,0
62,62,0,1,0,1,0,1
62,62,0,1,0,1,0,1
815,95,720,2,31,1,1,0
66,66,0,1,0,1,0,1
145,145,0,1,0,1,0,1
414,268,146,3,33,2,1,0
66,66,0,1,0,1,0,2
70,70,0,1,0,1,0,2
60,60,0,1,0,1,0,1
60,60,0,1,0,1,0,1
70,70,0,1,0,1,0,2
209,110,99,2,30,1,1,0
66,66,0,1,0,1,0,1
168,86,82,2,30,1,1,0
70,70,0,1,0,1,0,2
571,166,405,2,30,1,1,0
70,70,0,1,0,1,0,2
100,100,0,1,0,1,0,1
2909,1798,1111,14,23,8,6,0
7464,1869,5595,29,409,11,18,0
66,66,0,1,0,1,0,2
70,70,0,1,0,1,0,2
193,102,91,2,29,1,1,0
70,70,0,1,0,1,0,1
4362,1266,3096,26,129,11,15,0
254,128,126,5,15,3,2,0
3199,988,2211,14,99,7,7,0
70,70,0,1,0,1,0,2
14640,5951,8689,52,115,26,26,0
325,110,215,4,44,2,2,0
60,60,0,1,0,1,0,1
183,94,89,2,30,1,1,0
177,94,83,2,30,1,1,0
70,70,0,1,0,1,0,2
1126,609,517,11,15,6,5,0
66,66,0,1,0,1,0,1
183,94,89,2,30,1,1,0
873,126,747,2,31,1,1,0
66,66,0,1,5,1,0,0
184,94,90,2,31,1,1,0
70,70,0,1,0,1,0,2
70,70,0,2,9,2,0,0
62,62,0,1,0,1,0,1
184,94,90,2,30,1,1,0
5505,995,4510,20,255,11,9,0
70,70,0,1,0,1,0,2
193,102,91,2,30,1,1,0
70,70,0,1,0,1,0,2
62,62,0,1,0,1,0,1
168,78,90,2,30,1,1,0
261,87,174,4,46,2,2,0
8826,2860,5966,21,9,10,11,0
62,62,0,1,0,1,0,1
173,94,79,2,30,1,1,0
62,62,0,1,0,1,0,1
70,70,0,1,5,1,0,0
458,188,270,6,29,3,3,0
62,62,0,1,0,1,0,1
70,70,0,1,0,1,0,2
789,110,679,2,31,1,1,0
711,87,624,2,30,1,1,0
4989,1014,3975,16,53,9,7,0
674,128,546,12,45,3,9,0
9656,3460,6196,22,46,12,10,0
8240,3521,4719,25,18,15,10,0
204,118,86,2,30,1,1,0
170,87,83,2,31,1,1,0
70,70,0,1,0,1,0,2
148,148,0,1,0,1,0,1
1152,86,1066,2,29,1,1,0
1546,1109,437,7,15,5,2,0
481,150,331,2,1200,1,1,0
70,70,0,1,0,1,0,2
66,66,0,1,0,1,0,1
86,86,0,1,30,1,0,0
6673,1791,4882,22,72,12,10,0
70,70,0,2,9,2,0,0
180,94,86,2,35,1,1,0
62,62,0,1,0,1,0,1
70,70,0,1,0,1,0,2
198,102,96,2,31,1,1,0
70,70,0,1,0,1,0,2
237,177,60,3,5,2,1,0
18716,8002,10714,100,945,51,49,0
15609,5649,9960,58,76,31,27,0
9996,2043,7953,42,271,20,22,0
178,94,84,2,31,1,1,0
62,62,0,1,0,1,0,1
66,66,0,1,0,1,0,2
6135,770,5365,17,26,9,8,0
1457,816,641,15,28,7,8,0
70,70,0,1,0,1,0,2
4847,963,3884,22,63,11,11,0
70,70,0,1,0,1,0,2
24828,8387,16441,80,111,44,36,0
199,94,105,2,29,1,1,0
3425,1470,1955,16,16,8,8,0
1857,1218,639,18,95,11,7,0
422,164,258,6,30,3,3,0
1210,637,573,14,25,7,7,0
216,110,106,2,30,1,1,0
178,94,84,2,30,1,1,0
60,60,0,1,0,1,0,1
966,464,502,14,1200,7,7,0
789,152,637,4,1199,2,2,0
235,90,145,2,32,1,1,0
146,146,0,1,0,1,0,1
5149,852,4297,16,15,9,7,0
62,62,0,1,0,1,0,1
66,66,0,1,0,1,0,2
66,66,0,1,0,1,0,1
9515,2231,7284,25,22,14,11,0
193,102,91,2,30,1,1,0
66,66,0,1,0,1,0,1
247,98,149,2,31,1,1,0
4245,2461,1784,18,33,9,9,0
66,66,0,1,0,1,0,1
2873,753,2120,12,15,7,5,0
62,62,0,1,0,1,0,1
70,70,0,1,0,1,0,2
13306,9499,3807,32,23,17,15,0
198,102,96,2,31,1,1,0
291,86,205,2,29,1,1,0
194,102,92,2,30,1,1,0
62,62,0,1,0,1,0,1
170,87,83,2,30,1,1,0
172,88,84,2,30,1,1,0
70,70,0,1,0,1,0,2
1452,817,635,16,20,9,7,0
749,94,655,2,30,1,1,0
66,66,0,1,0,1,0,1
14762,1871,12891,30,34,16,14,0
180,94,86,2,29,1,1,0
210,102,108,2,30,1,1,0
300,300,0,3,1200,3,0,0
70,70,0,1,5,1,0,0
62,62,0,1,0,1,0,1
751,95,656,2,30,1,1,0
70,70,0,1,0,1,0,2
74,74,0,1,0,1,0,1
198,93,105,2,30,1,1,0
888,126,762,2,30,1,1,0
2181,849,1332,14,97,7,7,0
6073,1628,4445,23,15,12,11,0
318,192,126,6,29,4,2,0
184,94,90,2,30,1,1,0
228,110,118,2,30,1,1,0
204,118,86,2,31,1,1,0
220,83,137,2,30,1,1,0
62,62,0,1,0,1,0,1
70,70,0,1,0,1,0,2
180,94,86,2,30,1,1,0
9534,4029,5505,22,59,12,10,0
70,70,0,1,0,1,0,2
66,66,0,1,0,1,0,1
70,70,0,1,0,1,0,2
184,94,90,2,30,1,1,0
70,70,0,1,0,1,0,2
177,94,83,2,30,1,1,0
66,66,0,1,0,1,0,1
594793,518081,76712,1350,1004,781,569,0
24682,1935,22747,36,17,17,19,0
70,70,0,1,0,1,0,2
378,180,198,7,53,4,3,0
10316,2303,8013,39,120,20,19,0
198,94,104,2,29,1,1,0
70,70,0,1,0,1,0,2
9164,2473,6691,22,17,13,9,0
318,192,126,6,27,4,2,0
879,126,753,2,30,1,1,0
66,66,0,1,0,1,0,1
66,66,0,1,0,1,0,2
1270,387,883,16,393,4,12,0
492,306,186,8,15,5,3,0
145,145,0,1,0,1,0,1
3679,1712,1967,14,135,7,7,0
60,60,0,1,0,1,0,1
70,70,0,1,0,1,0,2
3830718,112946,3717772,4353,224,1395,2958,0
765,102,663,2,30,1,1,0
15202,6356,8846,40,119,22,18,0
146,146,0,1,0,1,0,1
17128,1499,15629,24,21,9,15,0
70,70,0,1,0,1,0,2
46008,3750,42258,77,48,39,38,0
70,70,0,1,0,1,0,2
205,80,125,2,30,1,1,0
1081,641,440,9,14,4,5,0
277,118,159,2,30,1,1,0
168,86,82,2,30,1,1,0
66,66,0,1,0,1,0,1
66,66,0,1,0,1,0,1
5167,700,4467,16,15,7,9,0
78333,12774,65559,140,128,59,81,0
734,94,640,2,29,1,1,0
9318,3350,5968,31,140,14,17,0
66,66,0,1,0,1,0,2
814,110,704,2,30,1,1,0
198,94,104,2,29,1,1,0
3791,2804,987,14,31,8,6,0
6109,1902,4207,33,141,19,14,0
194,102,92,2,30,1,1,0
62,62,0,1,0,1,0,1
70,70,0,1,0,1,0,2
16959,8920,8039,46,33,24,22,0
66,66,0,1,0,1,0,2
62,62,0,1,0,1,0,1
1826093,48237,1777856,1873,71,599,1274,0
214,82,132,2,33,1,1,0
290,94,196,4,40,2,2,0
193,102,91,2,31,1,1,0
66,66,0,1,0,1,0,1
146,146,0,1,0,1,0,1
62,62,0,1,0,1,0,1
292,172,120,4,15,2,2,0
422,164,258,6,30,3,3,0
70,70,0,1,0,1,0,2
66,66,0,1,0,1,0,2
70,70,0,1,0,1,0,2
146,146,0,1,0,1,0,1
7488,1598,5890,25,50,13,12,0
66,66,0,1,0,1,0,2
70,70,0,2,8,2,0,0
407,261,146,3,32,2,1,0
25779,3436,22343,42,109,19,23,0
6521,2079,4442,32,3827,19,13,0
199,102,97,2,29,1,1,0
70,70,0,1,0,1,0,2
4715,1935,2780,24,183,11,13,0
146,146,0,1,0,1,0,1
186,95,91,2,31,1,1,0
62,62,0,1,0,1,0,1
66,66,0,1,0,1,0,1
6094,771,5323,17,25,9,8,0
821,102,719,2,30,1,1,0
9897,4338,5559,27,58,16,11,0
62,62,0,1,0,1,0,1
70,70,0,2,8,2,0,0
318,192,126,6,26,4,2,0
4653,1746,2907,19,26,11,8,0
8960,2497,6463,35,32,19,16,0
70,70,0,2,8,2,0,0
66,66,0,1,0,1,0,2
70,70,0,1,0,1,0,2
132,132,0,2,8,2,0,0
2622,1399,1223,18,28,10,8,0
387,134,253,2,30,1,1,0
153,93,60,2,5,1,1,0
70,70,0,1,0,1,0,2
54014,2565,51449,65,128,24,41,0
70,70,0,1,0,1,0,2
226,71,155,2,31,1,1,0
66,66,0,1,0,1,0,1
295,101,194,4,49,2,2,0
60,60,0,1,0,1,0,1
168,86,82,2,29,1,1,0
70,70,0,1,0,1,0,2
536,120,416,4,59,2,2,0
333131,17461,315670,435,72,211,224,0
66,66,0,1,0,1,0,2
70,70,0,1,0,1,0,2
66,66,0,1,0,1,0,2
772,103,669,2,30,1,1,0
35136,7862,27274,53,124,26,27,0
209,110,99,2,30,1,1,0
66,66,0,1,0,1,0,2
144165,6110,138055,170,31,67,103,0
66,66,0,1,0,1,0,2
30174,2792,27382,47,323,19,28,0
346,346,0,1,0,1,0,1
184,94,90,2,31,1,1,0
70,70,0,1,0,1,0,2
62,62,0,1,0,1,0,1
66,66,0,1,0,1,0,2
148,148,0,1,0,1,0,1
718,94,624,2,30,1,1,0
206,91,115,2,30,1,1,0
70,70,0,1,0,1,0,2
9551,2173,7378,33,27,17,16,0
62,62,0,1,0,1,0,1
184,94,90,2,30,1,1,0
100,100,0,1,0,1,0,1
62,62,0,1,0,1,0,1
18487,3434,15053,37,80,20,17,0
886,126,760,2,30,1,1,0
63654,7979,55675,90,91,49,41,0
66,66,0,1,0,1,0,2
7653,1188,6465,21,16,12,9,0
146,146,0,1,0,1,0,1
188,96,92,2,31,1,1,0
35991,3996,31995,58,17,26,32,0
66,66,0,1,0,1,0,1
66,66,0,1,0,1,0,2
190,97,93,2,31,1,1,0
168,86,82,2,30,1,1,0
6279,1859,4420,25,16,14,11,0
60,60,0,1,0,1,0,1
14671,951,13720,23,16,10,13,0
180,94,86,2,29,1,1,0
4299,2327,1972,23,315,11,12,0
221,75,146,2,30,1,1,0
253,87,166,4,43,2,2,0
70,70,0,1,0,1,0,2
70,70,0,1,0,1,0,2
878,126,752,2,30,1,1,0
66,66,0,1,0,1,0,1
7715,1772,5943,25,275,13,12,0
6697,1606,5091,23,17,13,10,0
146,146,0,1,0,1,0,1
168,86,82,2,31,1,1,0
499,425,74,4,0,3,1,0
490,264,226,8,26,5,3,0
502,150,352,2,1200,1,1,0
66,66,0,1,0,1,0,2
70,70,0,1,0,1,0,2
3505,2006,1499,30,3744,15,15,0
145,145,0,1,0,1,0,1
4954,1768,3186,18,143,9,9,0
2384,952,1432,15,75,8,7,0
70,70,0,1,0,1,0,2
2359,1283,1076,17,17,9,8,0
66,66,0,1,0,1,0,1
66,66,0,1,0,1,0,2
330,330,0,6,3609,6,0,0
17207,7111,10096,44,51,23,21,0
70,70,0,1,0,1,0,2
181,94,87,2,30,1,1,0
60,60,0,1,0,1,0,1
177,94,83,2,30,1,1,0
70,70,0,2,8,2,0,0
66,66,0,1,0,1,0,1
182,102,80,2,30,1,1,0
146,146,0,1,0,1,0,1
70,70,0,2,8,2,0,0
4706,2475,2231,13,120,7,6,0
70,70,0,1,0,1,0,2
208,106,102,2,31,1,1,0
282,96,186,4,48,2,2,0
13053,5216,7837,25,135,11,14,0
86,86,0,1,30,1,0,0
5454,1157,4297,15,22,9,6,0
4672,1765,2907,19,29,11,8,0
654,150,504,3,1200,1,2,0
66,66,0,2,7,2,0,0
66,66,0,1,0,1,0,2
338,118,220,2,30,1,1,0
70,70,0,1,4,1,0,0
8035,2015,6020,20,16,11,9,0
215,102,113,2,30,1,1,0
36902,3203,33699,57,90,31,26,0
66,66,0,1,0,1,0,1
7358,2661,4697,22,17,11,11,0
66,66,0,1,0,1,0,2
70,70,0,1,0,1,0,1
66,66,0,1,0,1,0,1
66,66,0,1,0,1,0,1
157994,4952,153042,186,255,68,118,0
13463,5427,8036,24,121,11,13,0
66,66,0,1,0,1,0,1
66,66,0,1,0,1,0,2
346,94,252,2,30,1,1,0
70,70,0,1,0,1,0,2
70,70,0,2,8,2,0,0
210,110,100,2,30,1,1,0
3407,1518,1889,16,17,9,7,0
271,102,169,2,30,1,1,0
62,62,0,1,0,1,0,1
62,62,0,1,0,1,0,1
202,103,99,2,31,1,1,0
168,94,74,2,30,1,1,0
66,66,0,1,0,1,0,2
183,94,89,2,31,1,1,0
70,70,0,1,0,1,0,2
198,101,97,2,31,1,1,0
66,66,0,1,0,1,0,2
199,102,97,2,30,1,1,0
66,66,0,1,0,1,0,2
70,70,0,1,0,1,0,2
52625,3140,49485,55,52,14,41,0
70,70,0,1,0,1,0,2
199,102,97,2,30,1,1,0
182,94,88,2,30,1,1,0
33443,797,32646,33,16,9,24,0
70,70,0,1,0,1,0,2
66,66,0,1,0,1,0,1
88,88,0,1,31,1,0,0
7165,1099,6066,16,18,9,7,0
70,70,0,1,0,1,0,2
299,98,201,4,57,2,2,0
66,66,0,1,0,1,0,1
70,70,0,1,0,1,0,2
70,70,0,1,0,1,0,2
185,102,83,2,30,1,1,0
70,70,0,1,0,1,0,2
66,66,0,1,0,1,0,1
214,110,104,2,30,1,1,0
5058,913,4145,17,25,10,7,0
70,70,0,1,0,1,0,2
180,94,86,2,30,1,1,0
8561,2300,6261,37,316,18,19,0
4709,2451,2258,18,304,8,10,0
62,62,0,1,0,1,0,1
2928,1448,1480,17,20,10,7,0
234,102,132,2,30,1,1,0
306,180,126,6,29,4,2,0
66,66,0,1,0,1,0,2
7527,1788,5739,23,20,13,10,0
2466,1350,1116,37,569,19,18,0
1313,876,437,11,26,6,5,0
3615,435,3180,11,15,6,5,0
62,62,0,1,0,1,0,1
1105,634,471,11,15,6,5,0
70,70,0,1,0,1,0,2
66,66,0,1,0,1,0,1
146,146,0,1,0,1,0,1
62,62,0,1,0,1,0,1
3347,1458,1889,15,18,8,7,0
62,62,0,1,0,1,0,1
70,70,0,1,0,1,0,2
70,70,0,1,0,1,0,2
66,66,0,1,0,1,0,1
66,66,0,1,0,1,0,2
188,96,92,2,31,1,1,0
15637,4217,11420,42,83,19,23,0
182,93,89,2,31,1,1,0
28026,5723,22303,62,20,32,30,0
12258,1451,10807,27,360,13,14,0
199,102,97,2,29,1,1,0
66,66,0,1,0,1,0,2
499,425,74,4,0,3,1,0
70,70,0,1,0,1,0,2
66,66,0,1,0,1,0,1
735,462,273,2,30,1,1,0
10427,6311,4116,33,234,20,13,0
6466,3520,2946,38,46,21,17,0
184,94,90,2,31,1,1,0
60,60,0,1,0,1,0,1
70,70,0,1,5,1,0,0
6117,976,5141,21,72,10,11,0
938,576,362,14,27,9,5,0
44842,2446,42396,73,255,34,39,0
212,102,110,2,30,1,1,0
130,70,60,3,5,2,1,0
66,66,0,1,0,1,0,1
143,81,62,2,30,1,1,0
62,62,0,1,0,1,0,1
60,60,0,1,0,1,0,1
66,66,0,1,0,1,0,1
1786,172,1614,7,121,3,4,0
62,62,0,1,0,1,0,1
209,110,99,2,30,1,1,0
14697,3801,10896,52,120,24,28,0
66,66,0,1,0,1,0,2
381,101,280,4,43,2,2,0
70,70,0,1,5,1,0,0
195,102,93,2,30,1,1,0
70,70,0,1,0,1,0,2
330,330,0,6,3609,6,0,0
1576,973,603,14,28,7,7,0
212,102,110,2,29,1,1,0
245,98,147,2,30,1,1,0
7370,1474,5896,19,128,10,9,0
62,62,0,1,0,1,0,1
6131,1399,4732,20,979,10,10,0
8725,2284,6441,17,120,8,9,0
60,60,0,1,0,1,0,1
4744,1837,2907,19,27,11,8,0
70,70,0,1,0,1,0,2
10617247,317598,10299649,11317,243,4141,7176,0
184,102,82,2,29,1,1,0
70,70,0,2,8,2,0,0
70,70,0,1,0,1,0,2
1647,481,1166,13,15,6,7,0
60,60,0,1,0,1,0,1
62,62,0,1,0,1,0,1
6678,1212,5466,22,256,12,10,0
66,66,0,2,8,2,0,0
1322,725,597,14,78,7,7,0
62,62,0,1,0,1,0,1
60,60,0,1,0,1,0,1
62,62,0,1,0,1,0,1
242,98,144,2,30,1,1,0
70,70,0,1,0,1,0,2
60,60,0,1,5,1,0,0
62,62,0,1,0,1,0,1
339,94,245,2,30,1,1,0
1148,599,549,14,318,7,7,0
1225,711,514,11,15,5,6,0
70,70,0,1,0,1,0,2
708,362,346,11,18,6,5,0
209,110,99,2,30,1,1,0
148,148,0,1,0,1,0,1
66,66,0,1,0,1,0,1
70,70,0,1,0,1,0,2
376,78,298,2,31,1,1,0
235,90,145,2,32,1,1,0
62,62,0,1,0,1,0,1
196,102,94,2,30,1,1,0
74,74,0,1,0,1,0,1
436,89,347,4,42,2,2,0
199,102,97,2,30,1,1,0
195,102,93,2,30,1,1,0
82,82,0,1,31,1,0,0
185,102,83,2,30,1,1,0
66,66,0,1,0,1,0,1
2285,1130,1155,25,120,12,13,0
9255,2064,7191,43,78,18,25,0
1577,594,983,20,1582,10,10,0
199,102,97,2,31,1,1,0
269,110,159,2,30,1,1,0
332,192,140,6,25,4,2,0
70,70,0,1,0,1,0,2
1717,1153,564,13,26,7,6,0
70,70,0,1,0,1,0,2
70,70,0,1,0,1,0,2
62,62,0,1,0,1,0,1
180583,6825,173758,188,136,68,120,0
3720,1663,2057,17,186,10,7,0
146,146,0,1,0,1,0,1
7929,1909,6020,20,15,11,9,0
70,70,0,1,0,1,0,2
70,70,0,2,8,2,0,0
70,70,0,1,0,1,0,2
193,102,91,2,30,1,1,0
62,62,0,1,0,1,0,1
60,60,0,1,0,1,0,1
66,66,0,1,0,1,0,1
146,146,0,1,0,1,0,1
66,66,0,1,0,1,0,2
168,86,82,2,30,1,1,0
183,94,89,2,30,1,1,0
322,110,212,4,31,2,2,0
3815,1772,2043,18,16,10,8,0
70,70,0,2,8,2,0,0
70,70,0,1,0,1,0,2
70,70,0,1,0,1,0,2
217,87,130,2,30,1,1,0
62,62,0,1,0,1,0,1
939,678,261,2,30,1,1,0
70,70,0,1,0,1,0,2
202,103,99,2,31,1,1,0
2902,1562,1340,22,46,12,10,0
174,89,85,2,30,1,1,0
1020,462,558,4,29,2,2,0
643,88,555,2,30,1,1,0
157435,9243,148192,220,97,101,119,0
66,66,0,1,0,1,0,2
60,60,0,1,0,1,0,1
4168,2503,1665,20,255,11,9,0
70,70,0,1,0,1,0,2
166,85,81,2,31,1,1,0
66,66,0,1,0,1,0,2
195,94,101,2,30,1,1,0
66,66,0,1,0,1,0,1
5598,1185,4413,24,80,13,11,0
269,94,175,2,30,1,1,0
86,86,0,1,30,1,0,0
66,66,0,1,0,1,0,1
100,100,0,1,0,1,0,1
4680,2835,1845,33,80,16,17,0
7825,4076,3749,19,121,10,9,0
542818,11392,531426,466,25,106,360,0
11209,819,10390,19,15,9,10,0
70,70,0,1,0,1,0,2
1130,924,206,5,30,3,2,0
70,70,0,1,0,1,0,2
381,98,283,4,51,2,2,0
3386,1894,1492,20,25,10,10,0
60,60,0,1,0,1,0,1
8428,1889,6539,25,16,13,12,0
66,66,0,1,0,1,0,2
177,94,83,2,30,1,1,0
70,70,0,1,0,1,0,2
6688,1208,5480,20,104,12,8,0
6649,1556,5093,23,24,13,10,0
321,102,219,2,30,1,1,0
2839,1654,1185,15,126,9,6,0
70,70,0,1,0,1,0,2
4385,2869,1516,32,19,18,14,0
196,100,96,2,31,1,1,0
1169,616,553,12,16,7,5,0
70,70,0,1,0,1,0,2
62,62,0,1,0,1,0,1
70,70,0,1,0,1,0,2
24079,11282,12797,44,17,22,22,0
260,86,174,2,30,1,1,0
70,70,0,1,0,1,0,2
70,70,0,1,0,1,0,2
282,93,189,4,45,2,2,0
265,110,155,2,30,1,1,0
170,87,83,2,31,1,1,0
8636,1914,6722,31,95,16,15,0
208,106,102,2,30,1,1,0
214,140,74,4,15,3,1,0
66,66,0,1,0,1,0,1
70,70,0,1,0,1,0,2
214,140,74,4,15,3,1,0
194,102,92,2,30,1,1,0
66,66,0,1,0,1,0,1
66,66,0,1,0,1,0,1
70,70,0,1,0,1,0,2
168,78,90,2,30,1,1,0
9073,2899,6174,36,94,19,17,0
182,93,89,2,30,1,1,0
66,66,0,1,0,1,0,2
70,70,0,1,0,1,0,2
86,86,0,1,30,1,0,0
3564,3564,0,55,4073,55,0,0
178,94,84,2,29,1,1,0
460,150,310,2,1200,1,1,0
62,62,0,1,0,1,0,1
1764,751,1013,10,16,6,4,0
62,62,0,1,0,1,0,1
66,66,0,1,0,1,0,2
78,78,0,1,0,1,0,1
70,70,0,1,0,1,0,2
66,66,0,1,0,1,0,2
146,146,0,1,0,1,0,1
70,70,0,1,0,1,0,2
62,62,0,1,0,1,0,1
66,66,0,1,0,1,0,1
62,62,0,1,0,1,0,1
2895,726,2169,10,121,5,5,0
62,62,0,1,0,1,0,1
66,66,0,2,7,2,0,0
164,86,78,2,30,1,1,0
62,62,0,1,0,1,0,1
320,140,180,6,6,3,3,0
7762,2247,5515,21,31,11,10,0
62,62,0,1,0,1,0,1
62,62,0,1,0,1,0,1
70,70,0,1,0,1,0,2
66,66,0,1,0,1,0,2
159,159,0,1,0,1,0,1
62,62,0,1,0,1,0,1
9379,2092,7287,21,126,9,12,0
199,94,105,2,30,1,1,0
213,79,134,2,33,1,1,0
66,66,0,1,0,1,0,2
70,70,0,1,0,1,0,2
211,102,109,2,30,1,1,0
166,86,80,2,31,1,1,0
199,102,97,2,30,1,1,0
62,62,0,1,0,1,0,1
4464,2847,1617,29,80,15,14,0
70,70,0,1,0,1,0,2
3386,1833,1553,17,255,9,8,0
168,78,90,2,30,1,1,0
70,70,0,1,4,1,0,0
62,62,0,1,0,1,0,1
66,66,0,1,0,1,0,2
3800867,77753,3723114,3263,625,478,2785,0
148,148,0,1,0,1,0,1
62,62,0,1,0,1,0,1
66,66,0,1,0,1,0,2
60,60,0,1,0,1,0,1
70,70,0,1,0,1,0,2
62,62,0,1,0,1,0,1
4131,1750,2381,17,15,9,8,0
70,70,0,1,0,1,0,2
62,62,0,1,0,1,0,1
60,60,0,1,0,1,0,1
4580,1673,2907,19,28,11,8,0
432,192,240,8,30,4,4,0
70,70,0,1,0,1,0,2
70,70,0,1,0,1,0,2
62,62,0,1,0,1,0,1
293,134,159,2,30,1,1,0
70,70,0,2,7,2,0,0
296688,57600,239088,332,96,141,191,0
5613,733,4880,16,14,9,7,0
62,62,0,1,0,1,0,1
195,102,93,2,31,1,1,0
3110,1049,2061,14,136,7,7,0
143,81,62,2,31,1,1,0
1345,679,666,9,30,5,4,0
145,145,0,1,0,1,0,1
66,66,0,1,0,1,0,1
70,70,0,1,0,1,0,2
70,70,0,1,5,1,0,0
66,66,0,1,0,1,0,1
177,94,83,2,29,1,1,0
66,66,0,1,0,1,0,1
3870,1743,2127,13,120,6,7,0
62,62,0,1,0,1,0,1
209,110,99,2,30,1,1,0
546,300,246,10,32,6,4,0
956,420,536,15,26,7,8,0
214,140,74,4,15,3,1,0
66,66,0,1,0,1,0,2
3320,2053,1267,27,318,14,13,0
168,78,90,2,30,1,1,0
62,62,0,1,0,1,0,1
66,66,0,1,0,1,0,2
3442,1728,1714,15,21,9,6,0
62,62,0,1,0,1,0,1
7241,3224,4017,23,61,14,9,0
66,66,0,1,0,1,0,2
732,89,643,2,30,1,1,0
766,102,664,2,30,1,1,0
70,70,0,2,7,2,0,0
66,66,0,1,0,1,0,2
339,110,229,2,30,1,1,0
3959,1738,2221,15,15,8,7,0
70,70,0,1,0,1,0,2
66,66,0,1,0,1,0,1
802,104,698,2,30,1,1,0
12701,9788,2913,29,52,16,13,0
5167,700,4467,16,15,7,9,0
66,66,0,1,0,1,0,2
66,66,0,1,0,1,0,1
70,70,0,1,0,1,0,2
146,146,0,1,0,1,0,1
216,110,106,2,30,1,1,0
62,62,0,1,0,1,0,1
62,62,0,1,0,1,0,1
288,93,195,4,32,2,2,0
66,66,0,1,0,1,0,2
70,70,0,1,0,1,0,2
257,102,155,2,30,1,1,0
3327,1438,1889,15,17,8,7,0
168,78,90,2,31,1,1,0
484,150,334,2,1200,1,1,0
1155,781,374,10,15,6,4,0
70,70,0,1,0,1,0,2
196,100,96,2,31,1,1,0
5037,1135,3902,16,18,9,7,0
6982,1728,5254,23,27,13,10,0
186,95,91,2,31,1,1,0
887,126,761,2,31,1,1,0
5914,4395,1519,19,15,10,9,0
70,70,0,1,0,1,0,2
220,90,130,2,30,1,1,0
66,66,0,1,0,1,0,2
66,66,0,1,0,1,0,2
193,102,91,2,31,1,1,0
5379,1424,3955,19,507,11,8,0
214,140,74,4,30,3,1,0
238,94,144,2,29,1,1,0
16663,923,15740,25,15,11,14,0
66,66,0,1,0,1,0,1
8126,1887,6239,32,732,17,15,0
193,102,91,2,29,1,1,0
146,146,0,1,0,1,0,1
404,259,145,3,32,2,1,0
66,66,0,1,0,1,0,1
46356,1595,44761,52,17,15,37,0
5318,685,4633,14,15,7,7,0
66,66,0,1,0,1,0,2
70,70,0,1,0,1,0,2
180,94,86,2,29,1,1,0
70,70,0,1,0,1,0,2
70,70,0,2,8,2,0,0
619,76,543,2,30,1,1,0
70,70,0,1,0,1,0,2
145,145,0,1,0,1,0,1
70,70,0,1,0,1,0,2
62,62,0,1,0,1,0,1
1200,576,624,8,31,4,4,0
168,78,90,2,30,1,1,0
2239099,75601,2163498,2512,71,983,1529,0
70,70,0,1,0,1,0,2
74,74,0,1,0,1,0,1
70,70,0,1,0,1,0,2
62,62,0,1,0,1,0,1
143,143,0,1,0,1,0,1
70,70,0,1,0,1,0,2
459,149,310,2,1200,1,1,0
11771,2624,9147,50,20,25,25,0
749,89,660,2,30,1,1,0
711,87,624,2,30,1,1,0
21446,1599,19847,35,154,16,19,0
168,86,82,2,31,1,1,0
98155,20830,77325,151,103,70,81,0
182,86,96,2,29,1,1,0
7862,1873,5989,20,16,11,9,0
2060,1106,954,17,150,10,7,0
244,118,126,2,30,1,1,0
253,99,154,2,32,1,1,0
216,94,122,2,30,1,1,0
66,66,0,1,0,1,0,2
8347,1979,6368,32,19,17,15,0
70,70,0,1,0,1,0,2
66,66,0,1,0,1,0,1
214,102,112,2,30,1,1,0
8058,2038,6020,20,15,11,9,0
70,70,0,2,8,2,0,0
199,102,97,2,29,1,1,0
62,62,0,1,0,1,0,1
243,110,133,2,29,1,1,0
347,94,253,2,30,1,1,0
3695,2713,982,21,82,12,9,0
214,140,74,4,35,3,1,0
481,150,331,2,1199,1,1,0
210,102,108,2,30,1,1,0
179,94,85,2,31,1,1,0
70,70,0,1,0,1,0,2
8601,6265,2336,18,26,10,8,0
70,70,0,2,8,2,0,0
81,81,0,1,0,1,0,1
27391,3550,23841,36,20,15,21,0
1657,1128,529,15,35,9,6,0
892,126,766,2,30,1,1,0
3949,2535,1414,24,75,12,12,0
4566,3317,1249,21,23,12,9,0
66,66,0,1,0,1,0,1
212,102,110,2,30,1,1,0
145,145,0,1,0,1,0,1
70,70,0,1,0,1,0,2
66,66,0,2,8,2,0,0
149,149,0,1,1200,1,0,0
62,62,0,1,0,1,0,1
82,82,0,1,0,1,0,1
184,94,90,2,31,1,1,0
718,94,624,2,30,1,1,0
5012,4134,878,17,98,10,7,0
453,186,267,6,30,3,3,0
66,66,0,1,0,1,0,2
6964,2091,4873,20,15,10,10,0
70,70,0,1,0,1,0,2
70,70,0,1,5,1,0,0
7866,1549,6317,21,321,10,11,0
70,70,0,1,5,1,0,0
184,94,90,2,30,1,1,0
194,102,92,2,31,1,1,0
62,62,0,1,0,1,0,1
66,66,0,1,0,1,0,1
60,60,0,1,0,1,0,1
62,62,0,1,4,1,0,0
321,102,219,2,30,1,1,0
66,66,0,1,0,1,0,1
13240,8717,4523,33,16,17,16,0
178,94,84,2,31,1,1,0
66,66,0,1,0,1,0,2
66,66,0,1,0,1,0,2
20961,10306,10655,49,48,25,24,0
301,108,193,4,49,2,2,0
70,70,0,1,4,1,0,0
249,94,155,2,30,1,1,0
1670,422,1248,13,17,5,8,0
4319,2473,1846,24,85,10,14,0
70,70,0,1,0,1,0,2
70,70,0,2,8,2,0,0
66,66,0,1,0,1,0,1
10442,6793,3649,30,17,16,14,0
66,66,0,1,0,1,0,2
778,103,675,2,30,1,1,0
3936,2585,1351,18,18,10,8,0
66,66,0,1,0,1,0,2
1867,1228,639,18,176,11,7,0
11907,1406,10501,25,22,11,14,0
177,94,83,2,30,1,1,0
70,70,0,1,0,1,0,2
244,106,138,2,30,1,1,0
66,66,0,1,0,1,0,1
66,66,0,1,0,1,0,2
497,90,407,4,33,2,2,0
70,70,0,1,0,1,0,2
70,70,0,1,0,1,0,2
10492,3167,7325,40,15,24,16,0
8074,2054,6020,20,16,11,9,0
751,94,657,2,30,1,1,0
66,66,0,1,0,1,0,1
199,102,97,2,30,1,1,0
758,102,656,2,30,1,1,0
62,62,0,1,0,1,0,1
480,149,331,2,1200,1,1,0
132,132,0,3,1200,3,0,0
70,70,0,1,0,1,0,2
12645,4916,7729,39,94,22,17,0
70,70,0,1,0,1,0,2
5491,2690,2801,13,15,7,6,0
66,66,0,1,0,1,0,1
62,62,0,1,0,1,0,1
822,102,720,2,30,1,1,0
6686,923,5763,19,15,11,8,0
70,70,0,1,0,1,0,2
45153,20621,24532,323,43,165,158,0
179,94,85,2,30,1,1,0
145,145,0,1,0,1,0,3
66,66,0,1,0,1,0,2
718,94,624,2,30,1,1,0
70,70,0,1,0,1,0,2
263,94,169,2,30,1,1,0
134242,13446,120796,154,161,58,96,0
66,66,0,1,0,1,0,1
66,66,0,1,91,1,0,0
145,145,0,1,0,1,0,1
4814,1207,3607,17,75,10,7,0
1250,472,778,13,46,3,10,0
184,94,90,2,30,1,1,0
62,62,0,1,0,1,0,1
60,60,0,1,0,1,0,1
70,70,0,1,0,1,0,2
168,86,82,2,30,1,1,0
70,70,0,1,0,1,0,2
70,70,0,2,7,2,0,0
66,66,0,1,0,1,0,2
66,66,0,1,0,1,0,2
66,66,0,1,0,1,0,1
7702,2410,5292,26,34,13,13,0
762,97,665,2,30,1,1,0
376,102,274,4,47,2,2,0
6941,1551,5390,25,200,12,13,0
62,62,0,1,0,1,0,1
70,70,0,1,0,1,0,2
7077,3245,3832,24,173,12,12,0
5015,2123,2892,25,96,14,11,0
15769,1619,14150,17,141,4,13,0
60,60,0,1,0,1,0,1
177,94,83,2,30,1,1,0
183,94,89,2,30,1,1,0
612,306,306,10,15,5,5,0
70,70,0,1,0,1,0,2
770,101,669,2,30,1,1,0
198,101,97,2,31,1,1,0
5111,2193,2918,19,120,9,10,0
10831,1381,9450,22,20,12,10,0
66,66,0,1,0,1,0,1
70,70,0,1,0,1,0,2
70,70,0,1,0,1,0,2
7876,1540,6336,21,124,10,11,0
4185,3618,567,14,34,8,6,0
70,70,0,1,5,1,0,0
10506,2984,7522,30,15,17,13,0
62,62,0,1,0,1,0,1
205,86,119,2,30,1,1,0
218,90,128,2,30,1,1,0
261,97,164,4,44,2,2,0
195,102,93,2,30,1,1,0
14704,1558,13146,25,29,11,14,0
158,158,0,1,1199,1,0,0
432,192,240,8,30,4,4,0
70,70,0,1,0,1,0,2
3536,2198,1338,18,332,9,9,0
62,62,0,1,0,1,0,1
66,66,0,1,0,1,0,2
761,100,661,2,30,1,1,0
214,102,112,2,30,1,1,0
8832,3647,5185,77,41,35,42,0
66,66,0,1,0,1,0,1
13738839,196158,13542681,11272,248,2231,9041,0
70,70,0,1,0,1,0,2
240,86,154,2,30,1,1,0
152,152,0,1,0,1,0,1
167,86,81,2,30,1,1,0
62,62,0,1,0,1,0,1
469,403,66,4,0,3,1,0
62,62,0,1,0,1,0,1
62,62,0,1,0,1,0,1
499,425,74,4,0,3,1,0
66,66,0,1,0,1,0,1
633,75,558,2,29,1,1,0
264,110,154,2,30,1,1,0
209,77,132,2,33,1,1,0
62,62,0,1,0,1,0,1
162,102,60,2,5,1,1,0
146,146,0,1,0,1,0,1
66,66,0,1,0,1,0,2
70,70,0,1,0,1,0,2
42135,4098,38037,64,323,25,39,0
70,70,0,1,0,1,0,2
168,86,82,2,30,1,1,0
70,70,0,1,5,1,0,0
172,88,84,2,30,1,1,0
208,106,102,2,30,1,1,0
448,78,370,6,25,1,5,0
70,70,0,1,0,1,0,2
1207531,28695,1178836,1184,45,400,784,0
195,102,93,2,29,1,1,0
7955,2503,5452,33,16,19,14,0
70,70,0,1,0,1,0,2
3185,2263,922,18,25,9,9,0
3635,2114,1521,22,515,13,9,0
66,66,0,1,0,1,0,2
186,95,91,2,31,1,1,0
318,192,126,6,21,4,2,0
109660,1992,107668,99,35,20,79,0
62,62,0,1,0,1,0,1
130,70,60,3,5,2,1,0
66,66,0,1,0,1,0,2
178,94,84,2,29,1,1,0
66,66,0,1,0,1,0,1
173,94,79,2,29,1,1,0
66,66,0,1,0,1,0,2
9633,4368,5265,32,71,18,14,0
78,78,0,1,5,1,0,0
70,70,0,1,0,1,0,2
62,62,0,1,0,1,0,1
956,541,415,11,315,6,5,0
268,78,190,2,29,1,1,0
312,132,180,6,6,3,3,0
70,70,0,1,0,1,0,2
70,70,0,1,0,1,0,2
62,62,0,1,0,1,0,1
62,62,0,1,0,1,0,1
70,70,0,1,0,1,0,2
26609,2444,24165,45,21,21,24,0
209,110,99,2,30,1,1,0
15595,3264,12331,26,35,14,12,0
66,66,0,1,0,1,0,2
602,174,428,2,31,1,1,0
82,82,0,2,40,2,0,0
62,62,0,1,0,1,0,1
62,62,0,1,0,1,0,1
220,220,0,1,0,1,0,1
193,102,91,2,31,1,1,0
265430,17951,247479,305,105,122,183,0
70,70,0,1,0,1,0,2
366,240,126,7,25,5,2,0
66,66,0,1,5,1,0,0
70,70,0,1,0,1,0,2
177,94,83,2,30,1,1,0
74,74,0,1,0,1,0,1
823,98,725,2,31,1,1,0
1820,1101,719,18,82,10,8,0
16040,2126,13914,40,50,21,19,0
70,70,0,1,0,1,0,2
1947,688,1259,18,82,8,10,0
90054,6681,83373,104,133,33,71,0
343,92,251,4,32,2,2,0
8093,1263,6830,25,39,13,12,0
62,62,0,1,0,1,0,3
194,102,92,2,30,1,1,0
62,62,0,1,0,1,0,1
10132,5161,4971,42,15,25,17,0
6051,1149,4902,16,25,9,7,0
177,94,83,2,30,1,1,0
70,70,0,2,8,2,0,0
70,70,0,1,0,1,0,2
819,102,717,2,30,1,1,0
70,70,0,1,0,1,0,2
4336,1518,2818,23,3005,14,9,0
60,60,0,1,0,1,0,1
146,146,0,1,0,1,0,1
207,86,121,2,30,1,1,0
13478,2683,10795,36,104,19,17,0
66,66,0,1,0,1,0,2
70,70,0,1,5,1,0,0
8654,2150,6504,20,15,11,9,0
102,102,0,1,30,1,0,0
229,89,140,2,30,1,1,0
2139,1140,999,15,124,9,6,0
177,94,83,2,30,1,1,0
10075,6346,3729,48,84,25,23,0
62,62,0,1,0,1,0,1
60,60,0,1,0,1,0,1
9456,1987,7469,28,30,15,13,0
183,94,89,2,30,1,1,0
770,102,668,2,31,1,1,0
70,70,0,1,0,1,0,2
193,102,91,2,30,1,1,0
177,94,83,2,31,1,1,0
70,70,0,2,8,2,0,0
320,320,0,5,0,5,0,0
66,66,0,1,0,1,0,2
346170,16091,330079,454,16,225,229,0
70,70,0,1,0,1,0,2
6239,800,5439,18,32,8,10,0
6214,1733,4481,13,120,6,7,0
62,62,0,1,0,1,0,1
4334,1427,2907,19,27,11,8,0
8577,3450,5127,23,30,13,10,0
62,62,0,1,0,1,0,1
193,102,91,2,30,1,1,0
209,110,99,2,30,1,1,0
70,70,0,1,0,1,0,2
194,128,66,4,25,3,1,0
62,62,0,1,0,1,0,1
6654,3821,2833,60,3037,30,30,0
70,70,0,1,0,1,0,2
502,288,214,8,131,5,3,0
66,66,0,1,0,1,0,1
177,94,83,2,30,1,1,0
72,72,0,1,0,1,0,1
70,70,0,1,0,1,0,2
1780,674,1106,18,68,9,9,0
1113,534,579,12,16,7,5,0
1092248,9101,1083147,860,195,111,749,0
821,102,719,2,30,1,1,0
821,102,719,2,30,1,1,0
62,62,0,1,0,1,0,1
214,102,112,2,31,1,1,0
164,70,94,2,4,1,1,0
1462,965,497,13,18,7,6,0
6481,972,5509,17,52,10,7,0
2293735,61874,2231861,2321,87,764,1557,0
70,70,0,1,5,1,0,0
225,102,123,2,30,1,1,0
70,70,0,1,0,1,0,2
62,62,0,1,0,1,0,1
62,62,0,1,0,1,0,1
279,94,185,2,30,1,1,0
70,70,0,1,0,1,0,2
184,94,90,2,30,1,1,0
178,82,96,2,30,1,1,0
82,82,0,1,30,1,0,0
912,472,440,8,15,3,5,0
66,66,0,1,0,1,0,1
70,70,0,1,0,1,0,2
143,143,0,1,0,1,0,1
198,93,105,2,30,1,1,0
78,78,0,1,30,1,0,0
62,62,0,1,0,1,0,1
198,101,97,2,30,1,1,0
70,70,0,1,0,1,0,2
146,146,0,1,0,1,0,1
198,94,104,2,30,1,1,0
183,94,89,2,30,1,1,0
70,70,0,1,0,1,0,2
70,70,0,1,0,1,0,2
66,66,0,1,0,1,0,2
38886,2134,36752,55,16,24,31,0
177,94,83,2,30,1,1,0
2937,717,2220,14,136,6,8,0
70,70,0,2,7,2,0,0
330,330,0,6,3609,6,0,0
200,90,110,2,30,1,1,0
198,102,96,2,30,1,1,0
66,66,0,1,0,1,0,1
182,102,80,2,30,1,1,0
260,86,174,2,30,1,1,0
508,102,406,2,30,1,1,0
146,146,0,1,0,1,0,1
196,102,94,2,30,1,1,0
21690,2882,18808,59,197,30,29,0
70,70,0,1,0,1,0,2
62,62,0,1,0,1,0,1
70,70,0,1,0,1,0,2
1577,594,983,20,1600,10,10,0
200,102,98,2,30,1,1,0
66,66,0,1,0,1,0,1
190,97,93,2,30,1,1,0
190,70,120,4,15,2,2,0
62,62,0,1,0,1,0,1
66,66,0,1,0,1,0,2
3957,2324,1633,51,1794,29,22,0
66,66,0,1,0,1,0,2
70,70,0,1,0,1,0,2
2169,1419,750,10,15,6,4,0
70,70,0,1,0,1,0,2
4679,2071,2608,14,135,7,7,0
209,110,99,2,30,1,1,0
5823,1570,4253,17,20,10,7,0
62,62,0,1,0,1,0,1
70,70,0,1,0,1,0,2
66,66,0,1,0,1,0,1
422,140,282,6,15,3,3,0
70,70,0,1,5,1,0,0
7957,1968,5989,20,15,11,9,0
3224,2373,851,17,23,9,8,0
72,72,0,1,0,1,0,1
229,94,135,2,30,1,1,0
62,62,0,1,0,1,0,1
168,86,82,2,30,1,1,0
2430,1416,1014,18,34,9,9,0
66,66,0,1,0,1,0,1
2955,864,2091,11,119,5,6,0
62,62,0,1,0,1,0,1
177,94,83,2,30,1,1,0
14603,5117,9486,24,89,12,12,0
234,234,0,4,12,4,0,0
86,86,0,1,30,1,0,0
2016,1050,966,21,300,11,10,0
193,102,91,2,30,1,1,0
306,180,126,6,85,4,2,0
272,110,162,2,30,1,1,0
66,66,0,1,0,1,0,2
266,78,188,2,30,1,1,0
199,102,97,2,30,1,1,0
70,70,0,1,0,1,0,2
70,70,0,1,0,1,0,2
66,66,0,1,0,1,0,1
70,70,0,2,8,2,0,0
244,98,146,2,32,1,1,0
4691,1784,2907,19,29,11,8,0
177,94,83,2,30,1,1,0
4033,2712,1321,35,130,19,16,0
66,66,0,1,0,1,0,1
62,62,0,1,0,1,0,1
86,86,0,1,29,1,0,0
265,111,154,2,0,1,1,0
70,70,0,1,0,1,0,2
13124,8442,4682,40,43,24,16,0
13272,2360,10912,37,208,19,18,0
70,70,0,1,5,1,0,0
214,102,112,2,30,1,1,0
405,99,306,4,41,2,2,0
254742,14106,240636,305,22,131,174,0
66,66,0,1,0,1,0,1
3924,1906,2018,26,170,14,12,0
70,70,0,1,0,1,0,2
804,449,355,9,256,5,4,0
879,126,753,2,30,1,1,0
66,66,0,1,0,1,0,2
66,66,0,1,0,1,0,1
66,66,0,1,0,1,0,1
66,66,0,1,0,1,0,1
70,70,0,1,0,1,0,2
74,74,0,1,0,1,0,1
70,70,0,1,0,1,0,2
204,118,86,2,30,1,1,0
70,70,0,1,0,1,0,2
66,66,0,1,0,1,0,1
889,404,485,10,29,5,5,0
304,86,218,2,30,1,1,0
168,78,90,2,29,1,1,0
45632,2078,43554,58,120,22,36,0
66,66,0,1,0,1,0,1
13396186,148566,13247620,10474,59,1498,8976,0
119863,100823,19040,322,229,183,139,0
239,94,145,2,30,1,1,0
426,240,186,8,21,5,3,0
66,66,0,1,0,1,0,2
66,66,0,1,0,1,0,2
70,70,0,2,8,2,0,0
82,82,0,2,40,2,0,0
210,110,100,2,30,1,1,0
62,62,0,1,0,1,0,1
70,70,0,1,0,1,0,2
452013,13200,438813,465,16,163,302,0
66,66,0,1,0,1,0,1
241,78,163,2,30,1,1,0
66,66,0,1,0,1,0,1
66,66,0,1,0,1,0,2
749,94,655,2,29,1,1,0
718,94,624,2,30,1,1,0
4570,792,3778,15,15,8,7,0
184,102,82,2,30,1,1,0
2661,1518,1143,18,3600,9,9,0
1583,712,871,10,136,6,4,0
182,93,89,2,30,1,1,0
172,172,0,2,5,2,0,0
644,256,388,8,124,5,3,0
62,62,0,1,0,1,0,1
146,146,0,1,0,1,0,1
7759,2264,5495,19,120,9,10,0
35696,3196,32500,48,121,19,29,0
62,62,0,1,0,1,0,1
6680,3784,2896,18,135,9,9,0
822,102,720,2,30,1,1,0
193,102,91,2,30,1,1,0
66,66,0,1,0,1,0,1
11947,2436,9511,19,121,9,10,0
86,86,0,1,30,1,0,0
146,146,0,1,0,1,0,1
62,62,0,1,0,1,0,1
749,94,655,2,30,1,1,0
182,93,89,2,31,1,1,0
10338,3346,6992,27,19,15,12,0
177,94,83,2,30,1,1,0
751,94,657,2,30,1,1,0
1728,1153,575,12,28,7,5,0
513,152,361,2,1200,1,1,0
70,70,0,1,4,1,0,0
7967,2261,5706,18,121,8,10,0
62,62,0,1,0,1,0,1
8788,2185,6603,15,134,7,8,0
145,145,0,1,0,1,0,1
70,70,0,1,0,1,0,2
6751,1889,4862,24,316,13,11,0
280,94,186,2,30,1,1,0
146,146,0,1,0,1,0,1
70,70,0,1,0,1,0,2
235,94,141,2,30,1,1,0
70,70,0,1,0,1,0,2
74,74,0,1,0,1,0,1
765,102,663,2,30,1,1,0
70,70,0,1,0,1,0,2
60,60,0,1,0,1,0,1
62,62,0,1,0,1,0,1
70,70,0,1,0,1,0,2
7738,879,6859,19,27,10,9,0
60,60,0,1,0,1,0,1
891,126,765,2,30,1,1,0
2834,1238,1596,26,34,13,13,0
6383,5237,1146,19,16,11,8,0
62,62,0,1,0,1,0,1
70,70,0,1,0,1,0,2
12279,4202,8077,33,43,16,17,0
86,86,0,1,30,1,0,0
62,62,0,1,0,1,0,1
70,70,0,1,0,1,0,2
8664,2567,6097,20,120,10,10,0
70,70,0,1,0,1,0,2
70,70,0,1,0,1,0,2
1700,126,1574,4,31,2,2,0
70,70,0,1,0,1,0,2
70,70,0,1,5,1,0,0
70,70,0,1,0,1,0,2
66,66,0,1,0,1,0,1
307,94,213,2,30,1,1,0
7343,1707,5636,26,134,14,12,0
751,95,656,2,31,1,1,0
70,70,0,1,0,1,0,2
3207,2430,777,21,26,11,10,0
2732,1359,1373,29,193,16,13,0
250,94,156,2,30,1,1,0
184,102,82,2,29,1,1,0
70,70,0,1,0,1,0,2
313,110,203,4,34,2,2,0
70,70,0,1,0,1,0,2
62,62,0,1,0,1,0,1
70,70,0,1,0,1,0,1
17711,5894,11817,47,96,24,23,0
6240,1399,4841,24,44,12,12,0
70,70,0,1,0,1,0,2
1542,831,711,7,16,5,2,0
75510,75228,282,904,90,902,2,0
148,86,62,2,31,1,1,0
66,66,0,1,0,1,0,1
62,62,0,1,0,1,0,1
762,97,665,2,30,1,1,0
765,296,469,4,1200,2,2,0
66,66,0,1,0,1,0,2
235,90,145,2,33,1,1,0
66,66,0,1,0,1,0,2
194,102,92,2,30,1,1,0
178,94,84,2,30,1,1,0
66,66,0,1,0,1,0,1
62,62,0,1,0,1,0,1
66,66,0,1,5,1,0,0
66,66,0,1,0,1,0,2
198,101,97,2,31,1,1,0
66,66,0,1,0,1,0,1
66,66,0,1,0,1,0,1
60,60,0,1,0,1,0,1
180,94,86,2,30,1,1,0
70,70,0,1,0,1,0,2
62,62,0,1,0,1,0,1
8816,4876,3940,23,31,12,11,0
51312,5706,45606,77,48,38,39,0
199,102,97,2,30,1,1,0
422,164,258,6,30,3,3,0
212,102,110,2,30,1,1,0
199,94,105,2,30,1,1,0
210,110,100,2,30,1,1,0
3488,1774,1714,17,32,9,8,0
195,102,93,2,31,1,1,0
70,70,0,1,0,1,0,2
215,94,121,2,31,1,1,0
70,70,0,1,0,1,0,2
6899,3403,3496,27,76,16,11,0
195,102,93,2,30,1,1,0
62,62,0,1,0,1,0,1
25751,2629,23122,49,49,23,26,0
70,70,0,1,0,1,0,2
66,66,0,1,0,1,0,1
3296065,47110,3248955,2746,51,533,2213,0
66,66,0,1,0,1,0,1
66,66,0,1,0,1,0,1
338,94,244,2,29,1,1,0
304,86,218,2,30,1,1,0
193,102,91,2,30,1,1,0
70,70,0,1,5,1,0,0
3354,1792,1562,46,193,23,23,0
4555,2472,2083,20,119,11,9,0
66,66,0,1,0,1,0,2
195,102,93,2,31,1,1,0
1146417,29701,1116716,1218,54,422,796,0
70,70,0,2,8,2,0,0
66,66,0,1,0,1,0,1
499,425,74,4,1,3,1,0
7292,950,6342,19,125,9,10,0
66,66,0,1,0,1,0,2
326,78,248,2,30,1,1,0
197,94,103,2,30,1,1,0
62,62,0,1,0,1,0,1
4279,2090,2189,16,15,8,8,0
230,86,144,2,29,1,1,0
354,294,60,2,15,1,1,0
62,62,0,1,0,1,0,1
66,66,0,1,0,1,0,2
184,94,90,2,31,1,1,0
1350,689,661,14,44,8,6,0
321,150,171,2,30,1,1,0
5141,3706,1435,17,151,10,7,0
190,97,93,2,31,1,1,0
70,70,0,1,0,1,0,2
66,66,0,1,0,1,0,1
892,126,766,2,30,1,1,0
146,146,0,1,0,1,0,1
66,66,0,1,0,1,0,1
70,70,0,1,0,1,0,2
4435,2949,1486,25,80,14,11,0
198,102,96,2,30,1,1,0
62,62,0,1,0,1,0,1
1114,534,580,12,16,7,5,0
4439,862,3577,16,160,9,7,0
245382,6838,238544,214,31,44,170,0
198,94,104,2,30,1,1,0
168,78,90,2,30,1,1,0
194,102,92,2,31,1,1,0
66,66,0,1,0,1,0,1
3504,1790,1714,17,32,9,8,0
257,94,163,2,30,1,1,0
2883,642,2241,13,135,6,7,0
1614,1300,314,10,15,5,5,0
330,330,0,6,3609,6,0,0
11188,5277,5911,95,587,44,51,0
404,259,145,3,33,2,1,0
66,66,0,1,0,1,0,2
236,86,150,2,30,1,1,0
62,62,0,1,0,1,0,1
70,70,0,1,0,1,0,2
66,66,0,1,0,1,0,2
62,62,0,1,0,1,0,1
66,66,0,1,0,1,0,1
44341,5858,38483,102,195,42,60,0
130,70,60,2,15,1,1,0
256,96,160,4,42,2,2,0
62,62,0,1,0,1,0,1
66,66,0,1,0,1,0,2
145,145,0,1,0,1,0,3
884,126,758,2,31,1,1,0
62,62,0,1,0,1,0,1
199,102,97,2,30,1,1,0
337,107,230,4,34,2,2,0
141647,19296,122351,203,55,102,101,0
158,158,0,1,1200,1,0,0
1630,982,648,13,78,7,6,0
98,98,0,1,0,1,0,1
216,102,114,2,30,1,1,0
44437,2600,41837,62,16,28,34,0
1462,703,759,8,15,5,3,0
7540,1840,5700,18,15,10,8,0
66,66,0,1,0,1,0,1
197,90,107,2,30,1,1,0
5166,700,4466,16,15,7,9,0
70,70,0,1,0,1,0,2
66,66,0,1,0,1,0,1
882,126,756,2,31,1,1,0
879,126,753,2,30,1,1,0
66,66,0,1,0,1,0,2
7849,1860,5989,20,16,11,9,0
1615,941,674,15,20,7,8,0
66,66,0,1,0,1,0,1
1684,1031,653,16,92,9,7,0
198,94,104,2,30,1,1,0
16135,7514,8621,173,9115,72,101,0
701,88,613,2,31,1,1,0
168,86,82,2,30,1,1,0
6035,770,5265,18,15,8,10,0
7084,1611,5473,29,71,15,14,0
499,425,74,4,0,3,1,0
70,70,0,1,0,1,0,2
216,110,106,2,30,1,1,0
6714,1515,5199,23,196,13,10,0
169702,10513,159189,187,23,72,115,0
167721,6935,160786,185,77,68,117,0
90043,3609,86434,97,15,33,64,0
60,60,0,1,0,1,0,1
66,66,0,1,0,1,0,2
145,145,0,1,0,1,0,1
166,86,80,2,29,1,1,0
70,70,0,1,0,1,0,2
214,76,138,2,30,1,1,0
70,70,0,2,9,2,0,0
8767,2486,6281,45,6062,24,21,0
4851,848,4003,16,16,9,7,0
513,152,361,2,1200,1,1,0
499,425,74,4,0,3,1,0
491,98,393,4,40,2,2,0
66,66,0,1,0,1,0,2
70,70,0,1,5,1,0,0
16824,810,16014,22,15,8,14,0
70,70,0,1,0,1,0,2
229,110,119,2,30,1,1,0
221,111,110,2,1201,1,1,0
146,146,0,1,0,1,0,1
70,70,0,1,0,1,0,2
60,60,0,1,0,1,0,1
62,62,0,1,0,1,0,1
211,94,117,2,30,1,1,0
66,66,0,1,0,1,0,1
70,70,0,1,0,1,0,2
184,94,90,2,30,1,1,0
3310,1535,1775,15,15,8,7,0
572,292,280,9,32,5,4,0
62,62,0,1,0,1,0,1
8057,2726,5331,27,239,13,14,0
70,70,0,1,0,1,0,2
339,118,221,2,29,1,1,0
306,120,186,6,25,3,3,0
1104,475,629,10,15,6,4,0
70,70,0,1,0,1,0,2
66,66,0,1,0,1,0,1
728,96,632,2,30,1,1,0
281,97,184,4,57,2,2,0
166,85,81,2,31,1,1,0
82,82,0,2,40,2,0,0
214,102,112,2,30,1,1,0
74,74,0,1,0,1,0,1
66,66,0,1,0,1,0,2
184,94,90,2,29,1,1,0
70,70,0,1,0,1,0,2
66,66,0,1,0,1,0,1
66,66,0,1,0,1,0,2
270,94,176,2,30,1,1,0
4596,1442,3154,24,154,11,13,0
62,62,0,1,0,1,0,1
146,146,0,1,0,1,0,1
410,102,308,2,29,1,1,0
62,62,0,1,0,1,0,1
70,70,0,1,0,1,0,2
289,134,155,2,30,1,1,0
70,70,0,1,0,1,0,2
825,99,726,2,30,1,1,0
66,66,0,1,0,1,0,1
213,78,135,2,30,1,1,0
10788,6022,4766,36,144,20,16,0
403299,12717,390582,439,16,171,268,0
322,110,212,4,30,2,2,0
86,86,0,1,30,1,0,0
1868,1374,494,12,16,7,5,0
70,70,0,1,5,1,0,0
66,66,0,1,0,1,0,2
146,146,0,1,0,1,0,1
70,70,0,1,0,1,0,2
70,70,0,1,0,1,0,2
438048,86860,351188,491,420,213,278,0
134,60,74,3,4,2,1,0
66,66,0,1,0,1,0,2
70,70,0,1,0,1,0,2
62,62,0,1,0,1,0,1
70,70,0,1,0,1,0,2
198,86,112,2,30,1,1,0
9249,4498,4751,39,15,22,17,0
66,66,0,1,0,1,0,2
424,198,226,7,141,4,3,0
177,94,83,2,30,1,1,0
62,62,0,1,0,1,0,1
255,102,153,2,30,1,1,0
70,70,0,1,0,1,0,2
70,70,0,1,0,1,0,2
70,70,0,1,0,1,0,2
195,102,93,2,29,1,1,0
7474,2385,5089,15,121,7,8,0
66,66,0,1,0,1,0,2
66,66,0,1,0,1,0,1
316,136,180,6,6,3,3,0
70,70,0,1,5,1,0,0
66,66,0,1,0,1,0,2
66,66,0,1,0,1,0,1
70,70,0,1,0,1,0,2
70,70,0,1,0,1,0,2
2444,1148,1296,14,48,7,7,0
170,87,83,2,30,1,1,0
3036,975,2061,14,136,7,7,0
277,102,175,2,30,1,1,0
15844,1691,14153,18,138,5,13,0
194,102,92,2,30,1,1,0
180777,5704,175073,204,105,67,137,0
2437,1277,1160,12,16,7,5,0
70,70,0,1,0,1,0,2
66,66,0,1,0,1,0,2
209,110,99,2,30,1,1,0
9524,736,8788,18,131,9,9,0
177,94,83,2,30,1,1,0
66,66,0,1,0,1,0,2
66,66,0,1,0,1,0,2
198,101,97,2,31,1,1,0
942,942,0,1,0,1,0,1
70,70,0,1,0,1,0,2
66,66,0,1,0,1,0,1
188,96,92,2,40,1,1,0
12564,9272,3292,66,107,31,35,0
177,94,83,2,30,1,1,0
66,66,0,1,0,1,0,1
183,94,89,2,30,1,1,0
3598,1118,2480,14,120,7,7,0
62,62,0,1,0,1,0,1
5008,2097,2911,13,121,6,7,0
62,62,0,1,0,1,0,1
2227,1018,1209,17,16,8,9,0
3672,2294,1378,23,17,13,10,0
66,66,0,1,0,1,0,1
148284,6200,142084,165,16,63,102,0
270,102,168,2,30,1,1,0
140,70,70,2,5,1,1,0
62,62,0,1,0,1,0,1
146,146,0,1,0,1,0,1
70,70,0,1,0,1,0,2
214,110,104,2,30,1,1,0
240,86,154,2,30,1,1,0
70,70,0,1,0,1,0,2
177,94,83,2,30,1,1,0
304,86,218,2,30,1,1,0
66,66,0,1,0,1,0,2
1126,609,517,11,15,6,5,0
711,87,624,2,30,1,1,0
62,62,0,1,0,1,0,1
66,66,0,1,0,1,0,2
66,66,0,1,0,1,0,2
70,70,0,1,0,1,0,2
70,70,0,2,7,2,0,0
70,70,0,1,0,1,0,2
56408,47400,9008,88,138,49,39,0
184,94,90,2,30,1,1,0
3613,1594,2019,19,18,10,9,0
66,66,0,1,0,1,0,2
42419,28515,13904,108,246,53,55,0
66,66,0,1,0,1,0,1
168,86,82,2,31,1,1,0
66,66,0,1,0,1,0,2
70,70,0,2,8,2,0,0
264,89,175,4,47,2,2,0
9439,3223,6216,27,137,13,14,0
66,66,0,1,0,1,0,1
168,86,82,2,31,1,1,0
70,70,0,1,0,1,0,2
4607,2045,2562,24,45,14,10,0
172,88,84,2,31,1,1,0
70,70,0,1,0,1,0,2
146,146,0,1,0,1,0,1
184,94,90,2,30,1,1,0
306,180,126,6,34,4,2,0
62,62,0,1,0,1,0,1
8533,1544,6989,22,30,11,11,0
177,94,83,2,31,1,1,0
343,163,180,6,15,3,3,0
6734,4301,2433,21,29,12,9,0
216,88,128,2,30,1,1,0
66,66,0,1,0,1,0,1
70,70,0,1,0,1,0,2
66,66,0,1,0,1,0,1
66,66,0,1,0,1,0,2
36648,3634,33014,51,62,23,28,0
215863,14423,201440,245,105,95,150,0
206090,6478,199612,211,170,69,142,0
8640,5157,3483,17,120,10,7,0
2367,557,1810,10,82,6,4,0
70,70,0,1,0,1,0,2
481,150,331,2,1199,1,1,0
70,70,0,1,0,1,0,2
66,66,0,1,0,1,0,2
62,62,0,1,0,1,0,1
62,62,0,1,0,1,0,1
70,70,0,1,0,1,0,2
6990,2193,4797,15,120,7,8,0
173,94,79,2,30,1,1,0
233,94,139,2,30,1,1,0
1052,612,440,10,15,5,5,0
622,70,552,10,1117,2,8,0
209,110,99,2,30,1,1,0
256436,14131,242305,283,141,111,172,0
711,87,624,2,30,1,1,0
70,70,0,1,0,1,0,2
512,158,354,2,1200,1,1,0
881,126,755,2,30,1,1,0
66,66,0,2,7,2,0,0
4209,1570,2639,14,136,7,7,0
66,66,0,1,0,1,0,1
771,101,670,2,31,1,1,0
62,62,0,1,0,1,0,1
70,70,0,1,0,1,0,2
62,62,0,1,0,1,0,1
8293,4179,4114,22,128,11,11,0
193,102,91,2,30,1,1,0
402051,17714,384337,520,83,228,292,0
70,70,0,1,0,1,0,2
62,62,0,1,0,1,0,1
100,100,0,1,0,1,0,1
66,66,0,1,0,1,0,2
194,102,92,2,30,1,1,0
70,70,0,1,5,1,0,0
177,94,83,2,30,1,1,0
261781,16421,245360,330,156,137,193,0
62,62,0,1,0,1,0,1
70,70,0,1,0,1,0,2
197,102,95,2,30,1,1,0
62,62,0,1,0,1,0,1
62,62,0,1,0,1,0,1
9802,2846,6956,33,79,15,18,0
890,440,450,10,33,6,4,0
70,70,0,1,0,1,0,2
70,70,0,1,0,1,0,2
1569,593,976,10,44,6,4,0
66,66,0,1,0,1,0,1
182,94,88,2,31,1,1,0
1652,126,1526,4,31,2,2,0
528,528,0,9,1201,9,0,0
4632,1725,2907,19,27,11,8,0
66,66,0,1,0,1,0,1
338,110,228,2,30,1,1,0
186,95,91,2,31,1,1,0
493685,14728,478957,612,316,213,399,0
182,93,89,2,30,1,1,0
156,156,0,2,0,2,0,0
66,66,0,1,0,1,0,1
27189,4515,22674,34,23,14,20,0
66,66,0,1,0,1,0,1
62,62,0,1,0,1,0,1
499,425,74,4,0,3,1,0
148,86,62,2,29,1,1,0
242,110,132,2,29,1,1,0
70,70,0,1,0,1,0,2
422,164,258,6,30,3,3,0
186,95,91,2,31,1,1,0
623,70,553,2,30,1,1,0
7639,2673,4966,36,255,17,19,0
903,126,777,2,31,1,1,0
8709,1708,7001,22,19,11,11,0
22626,10213,12413,35,57,20,15,0
195,102,93,2,31,1,1,0
2108,1167,941,10,20,6,4,0
66,66,0,1,0,1,0,2
70,70,0,1,0,1,0,2
6318,877,5441,23,396,8,15,0
62,62,0,1,0,1,0,1
70,70,0,1,0,1,0,2
499,425,74,4,0,3,1,0
220,90,130,2,30,1,1,0
66,66,0,1,0,1,0,2
66,66,0,1,0,1,0,1
268,120,148,5,11,3,2,0
66,66,0,1,0,1,0,1
881,126,755,2,30,1,1,0
256,78,178,2,30,1,1,0
70,70,0,1,0,1,0,2
70,70,0,1,0,1,0,2
62,62,0,1,0,1,0,1
182,93,89,2,31,1,1,0
78,78,0,1,30,1,0,0
4004,1513,2491,20,47,10,10,0
356,118,238,2,30,1,1,0
6893,1384,5509,19,140,9,10,0
62,62,0,1,0,1,0,1
343,168,175,3,30,2,1,0
6622,859,5763,18,15,10,8,0
832,106,726,2,30,1,1,0
70,70,0,1,0,1,0,2
6725,505,6220,20,181,5,15,0
19994,4745,15249,47,82,21,26,0
66,66,0,1,0,1,0,1
62,62,0,1,4,1,0,0
62,62,0,1,5,1,0,0
66,66,0,1,0,1,0,1
481,150,331,2,1200,1,1,0
223,86,137,2,30,1,1,0
694,320,374,10,18,6,4,0
70,70,0,1,5,1,0,0
197,102,95,2,30,1,1,0
62,62,0,1,0,1,0,1
26816,2982,23834,50,270,23,27,0
5828,1439,4389,16,75,9,7,0
66,66,0,1,0,1,0,1
8176,2082,6094,26,360,12,14,0
7333,1933,5400,27,16,15,12,0
66,66,0,1,0,1,0,1
70,70,0,1,0,1,0,2
66,66,0,1,0,1,0,2
62,62,0,1,0,1,0,1
180,94,86,2,35,1,1,0
490,264,226,8,32,5,3,0
90135,76061,14074,251,247,132,119,0
268155,6485,261670,281,25,97,184,0
233,89,144,2,30,1,1,0
1013,492,521,10,30,4,6,0
70,70,0,1,4,1,0,0
177,94,83,2,30,1,1,0
62,62,0,1,0,1,0,1
499,425,74,4,0,3,1,0
70,70,0,1,0,1,0,2
62,62,0,1,0,1,0,1
70,70,0,1,0,1,0,2
74,74,0,1,0,1,0,1
70,70,0,1,0,1,0,2
204,104,100,2,31,1,1,0
62,62,0,1,0,1,0,1
815,95,720,2,31,1,1,0
70,70,0,2,7,2,0,0
53181,50384,2797,75,20,39,36,0
60,60,0,1,0,1,0,1
200,102,98,2,30,1,1,0
14768,3347,11421,69,1902,32,37,0
212,102,110,2,30,1,1,0
130,70,60,2,4,1,1,0
4372,2093,2279,16,19,10,6,0
62,62,0,1,0,1,0,1
1367,664,703,16,1199,9,7,0
877,577,300,10,143,5,5,0
174,89,85,2,30,1,1,0
70,70,0,2,8,2,0,0
146,146,0,1,0,1,0,1
178,94,84,2,30,1,1,0
422,240,182,8,25,5,3,0
8019,3298,4721,30,40,17,13,0
62,62,0,1,0,1,0,1
486,280,206,8,26,5,3,0
289,82,207,4,46,2,2,0
70,70,0,1,0,1,0,2
66,66,0,2,8,2,0,0
70,70,0,2,8,2,0,0
4378,1471,2907,19,29,11,8,0
66,66,0,1,0,1,0,2
66,66,0,1,0,1,0,2
11823,4029,7794,25,143,12,13,0
70,70,0,1,0,1,0,2
66,66,0,1,0,1,0,1
19821,11622,8199,77,135,39,38,0
276453,7832,268621,287,165,92,195,0
62,62,0,1,0,1,0,1
66,66,0,1,0,1,0,1
62,62,0,1,0,1,0,1
205941,20753,185188,264,30,129,135,0
6215,769,5446,14,16,7,7,0
70,70,0,1,0,1,0,2
232,172,60,3,5,2,1,0
130,70,60,3,5,2,1,0
184,78,106,2,30,1,1,0
66,66,0,1,0,1,0,2
18802,3386,15416,54,293,28,26,0
66,66,0,1,0,1,0,2
97,97,0,1,61,1,0,0
60,60,0,1,0,1,0,1
70,70,0,1,0,1,0,2
3259,1913,1346,18,16,8,10,0
325,126,199,2,30,1,1,0
86,86,0,1,30,1,0,0
70,70,0,2,9,2,0,0
392,86,306,2,29,1,1,0
7470,1088,6382,21,27,12,9,0
62,62,0,1,0,1,0,1
10145,1446,8699,23,29,11,12,0
60,60,0,1,0,1,0,1
226,110,116,2,30,1,1,0
215,98,117,2,30,1,1,0
62,62,0,1,0,1,0,1
1401,864,537,12,28,6,6,0
66,66,0,1,0,1,0,1
70,70,0,1,0,1,0,2
90091,3481,86610,95,15,31,64,0
312,140,172,4,30,2,2,0
144,78,66,2,5,1,1,0
70,70,0,1,0,1,0,2
70,70,0,1,0,1,0,2
70,70,0,1,0,1,0,2
146,146,0,1,0,1,0,1
70,70,0,1,0,1,0,2
146,146,0,1,0,1,0,1
122,62,60,2,16,1,1,0
66,66,0,1,0,1,0,1
62,62,0,1,0,1,0,1
70,70,0,1,0,1,0,2
66,66,0,1,0,1,0,2
194,102,92,2,30,1,1,0
490,264,226,8,26,5,3,0
209,110,99,2,30,1,1,0
131,131,0,1,0,1,0,1
70,70,0,1,0,1,0,2
66,66,0,2,8,2,0,0
70,70,0,1,0,1,0,2
42430,4111,38319,79,130,42,37,0
184,94,90,2,29,1,1,0
70,70,0,1,0,1,0,2
199,102,97,2,30,1,1,0
163556,12140,151416,207,22,97,110,0
6215,948,5267,18,15,9,9,0
92569,4939,87630,111,15,45,66,0
352,78,274,2,30,1,1,0
62,62,0,1,0,1,0,1
70,70,0,1,0,1,0,2
66,66,0,1,0,1,0,1
950,485,465,9,16,5,4,0
62,62,0,1,0,1,0,1
146,146,0,1,0,1,0,1
70,70,0,1,0,1,0,2
199,102,97,2,29,1,1,0
320,140,180,6,6,3,3,0
66,66,0,1,0,1,0,1
66,66,0,1,0,1,0,1
70,70,0,1,4,1,0,0
60,60,0,1,0,1,0,1
6899,2368,4531,27,27,14,13,0
574,500,74,6,15,5,1,0
70,70,0,1,0,1,0,2
6489,1065,5424,22,255,12,10,0
215,80,135,2,34,1,1,0
5715,1536,4179,24,16,13,11,0
66,66,0,1,0,1,0,1
210,110,100,2,30,1,1,0
291,126,165,4,0,2,2,1
143422,12598,130824,226,487,52,174,0
8437,4827,3610,50,180,25,25,0
237,91,146,2,33,1,1,0
3193,346,2847,12,121,5,7,0
70,70,0,1,0,1,0,2
173,94,79,2,30,1,1,0
62,62,0,1,0,1,0,1
66,66,0,1,0,1,0,2
7274,1925,5349,24,138,12,12,0
62,62,0,1,0,1,0,1
66,66,0,1,0,1,0,2
66,66,0,1,0,1,0,2
178,94,84,2,30,1,1,0
62,62,0,1,0,1,0,1
70,70,0,1,0,1,0,2
66,66,0,1,0,1,0,1
8119,5152,2967,29,18,14,15,0
62,62,0,1,0,1,0,1
253,118,135,2,1199,1,1,0
60,60,0,1,0,1,0,1
70,70,0,1,0,1,0,2
66,66,0,1,0,1,0,1
4821,1882,2939,19,15,9,10,0
200,94,106,2,30,1,1,0
295,90,205,2,29,1,1,0
5912,3532,2380,15,31,8,7,0
188,96,92,2,30,1,1,0
146,146,0,1,0,1,0,1
243,94,149,2,30,1,1,0
70,70,0,1,0,1,0,2
1095989,7833,1088156,841,37,117,724,0
168,78,90,2,30,1,1,0
178,91,87,2,31,1,1,0
11821,3643,8178,30,45,17,13,0
66,66,0,1,0,1,0,1
70,70,0,1,0,1,0,2
223,78,145,2,30,1,1,0
62,62,0,1,0,1,0,1
183,94,89,2,30,1,1,0
6202,872,5330,19,361,9,10,0
224,86,138,2,30,1,1,0
1702,1388,314,10,15,5,5,0
66,66,0,1,0,1,0,2
66,66,0,1,0,1,0,1
66108,6145,59963,93,16,41,52,0
6792,3009,3783,20,46,12,8,0
66,66,0,1,0,1,0,1
6553,871,5682,19,45,9,10,0
62,62,0,1,0,1,0,1
275026,15030,259996,353,72,167,186,0
66,66,0,1,0,1,0,2
66,66,0,1,0,1,0,2
70,70,0,1,5,1,0,0
2235,93,2142,4,30,2,2,0
7550,5292,2258,13,29,7,6,0
60,60,0,1,91,1,0,0
148,148,0,1,0,1,0,1
70,70,0,1,0,1,0,2
197,94,103,2,30,1,1,0
15233,9395,5838,33,338,16,17,0
72,72,0,1,0,1,0,1
7406,1038,6368,18,16,10,8,0
199,94,105,2,30,1,1,0
508,256,252,9,77,5,4,0
62,62,0,1,0,1,0,1
12683,4753,7930,59,36,33,26,0
196,102,94,2,29,1,1,0
350,94,256,2,30,1,1,0
20322,11404,8918,118,133,67,51,0
66,66,0,1,0,1,0,1
378,192,186,7,26,4,3,0
70,70,0,1,0,1,0,2
70,70,0,1,0,1,0,2
8830,1950,6880,27,25,14,13,0
66,66,0,1,0,1,0,2
95065,52092,42973,148,259,77,71,0
66,66,0,1,0,1,0,1
70,70,0,1,0,1,0,2
308,308,0,1,0,1,0,1
66,66,0,1,0,1,0,1
164,78,86,2,30,1,1,0
66,66,0,1,0,1,0,2
62,62,0,1,0,1,0,1
17592,11518,6074,51,248,26,25,0
4782,1875,2907,19,29,11,8,0
62,62,0,1,0,1,0,1
173,94,79,2,29,1,1,0
8007,1987,6020,20,15,11,9,0
66,66,0,1,0,1,0,2
135231,5033,130198,149,216,55,94,0
55394,4535,50859,91,170,47,44,0
622,284,338,10,29,5,5,0
70,70,0,1,0,1,0,2
790,110,680,2,29,1,1,0
66,66,0,1,0,1,0,2
198,102,96,2,31,1,1,0
136,136,0,1,0,1,0,1
3429,1474,1955,16,16,8,8,0
3050,1659,1391,16,15,9,7,0
177,94,83,2,30,1,1,0
711,87,624,2,30,1,1,0
642,338,304,10,33,6,4,0
148,86,62,2,30,1,1,0
170,87,83,2,30,1,1,0
70,70,0,1,0,1,0,2
209,110,99,2,29,1,1,0
499,425,74,4,0,3,1,0
8756,2298,6458,39,314,18,21,0
70,70,0,1,0,1,0,2
876,126,750,2,31,1,1,0
70,70,0,1,4,1,0,0
499,425,74,4,0,3,1,0
216,94,122,2,29,1,1,0
7941,1952,5989,20,16,11,9,0
294,94,200,2,30,1,1,0
70,70,0,1,0,1,0,2
442,250,192,8,45,5,3,0
197,102,95,2,31,1,1,0
153,93,60,2,5,1,1,0
4604,1697,2907,19,29,11,8,0
66,66,0,1,0,1,0,2
66,66,0,1,0,1,0,1
130,70,60,3,5,2,1,0
177,94,83,2,30,1,1,0
70,70,0,1,0,1,0,2
146,146,0,1,0,1,0,1
146,146,0,1,0,1,0,1
66,66,0,1,0,1,0,2
946,531,415,11,296,6,5,0
1980,1980,0,31,2321,31,0,0
33323,3349,29974,45,123,18,27,0
82,82,0,1,30,1,0,0
5231,5231,0,79,5173,79,0,0
5642,3872,1770,32,81,17,15,0
238,95,143,2,30,1,1,0
70,70,0,2,7,2,0,0
145,145,0,1,0,1,0,1
62,62,0,1,0,1,0,1
60,60,0,1,0,1,0,1
2817,2024,793,12,75,7,5,0
66,66,0,1,0,1,0,2
1188,1188,0,1,0,1,0,1
195,86,109,2,30,1,1,0
269,78,191,2,31,1,1,0
7710,3932,3778,23,18,14,9,0
66,66,0,1,0,1,0,1
758,93,665,2,31,1,1,0
62,62,0,1,0,1,0,1
70,70,0,2,8,2,0,0
193,94,99,2,30,1,1,0
492,306,186,8,14,5,3,0
5596,3797,1799,27,96,14,13,0
512,166,346,2,29,1,1,0
66,66,0,1,0,1,0,2
480,244,236,4,0,2,2,0
66,66,0,1,0,1,0,1
66,66,0,1,0,1,0,1
5108,700,4408,15,15,7,8,0
66,66,0,1,0,1,0,1
66,66,0,1,0,1,0,1
70,70,0,1,0,1,0,2
70,70,0,1,0,1,0,2
210,102,108,2,30,1,1,0
1682,716,966,12,15,6,6,0
66,66,0,1,0,1,0,2
78,78,0,1,0,1,0,1
70,70,0,1,0,1,0,2
6143,1796,4347,21,21,11,10,0
66,66,0,1,0,1,0,1
66,66,0,1,0,1,0,1
78,78,0,1,30,1,0,0
786014,23908,762106,803,47,276,527,0
70,70,0,2,8,2,0,0
11061,2230,8831,40,109,23,17,0
66,66,0,1,0,1,0,1
62,62,0,1,0,1,0,1
66,66,0,1,0,1,0,2
322,84,238,4,36,2,2,0
66,66,0,1,0,1,0,1
177,94,83,2,30,1,1,0
183,94,89,2,30,1,1,0
66,66,0,1,0,1,0,1
66,66,0,1,0,1,0,2
70,70,0,1,0,1,0,2
66,66,0,1,0,1,0,2
70,70,0,1,0,1,0,2
70,70,0,1,5,1,0,0
217,87,130,2,30,1,1,0
267,87,180,4,53,2,2,0
2714,336,2378,10,120,5,5,0
1761,924,837,6,30,3,3,0
62,62,0,1,0,1,0,1
62,62,0,1,0,1,0,1
2629,1470,1159,18,15,8,10,0
279,96,183,4,32,2,2,0
66,66,0,1,0,1,0,2
145266,14613,130653,165,161,63,102,0
6450,1003,5447,21,360,11,10,0
499,425,74,4,0,3,1,0
4645,700,3945,12,15,8,4,0
62,62,0,1,0,1,0,1
9844,3089,6755,21,133,10,11,0
9046,1139,7907,20,255,11,9,0
62,62,0,1,0,1,0,1
199,94,105,2,29,1,1,0
62,62,0,1,0,1,0,1
377,107,270,4,45,2,2,0
374,240,134,7,15,5,2,0
193,102,91,2,31,1,1,0
552073,14113,537960,536,31,176,360,0
66,66,0,1,0,1,0,2
1360,540,820,20,191,10,10,0
70,70,0,1,0,1,0,2
6582,1943,4639,14,122,7,7,0
34866,3347,31519,55,54,22,33,0
257,126,131,2,30,1,1,0
816,508,308,12,27,7,5,0
686176,17574,668602,702,18,252,450,0
66,66,0,1,0,1,0,2
2494,1643,851,17,26,9,8,0
1431,101,1330,4,50,2,2,0
66,66,0,1,0,1,0,1
70,70,0,1,0,1,0,2
744,89,655,2,31,1,1,0
353,166,187,2,1199,1,1,0
2616,1470,1146,18,16,8,10,0
194,102,92,2,30,1,1,0
177,94,83,2,30,1,1,0
70,70,0,1,0,1,0,2
60,60,0,1,0,1,0,1
62,62,0,1,0,1,0,1
66,66,0,1,0,1,0,1
7235,1097,6138,21,27,10,11,0
211,102,109,2,29,1,1,0
70,70,0,1,0,1,0,2
60,60,0,1,0,1,0,1
62,62,0,1,0,1,0,1
70,70,0,1,0,1,0,2
211,110,101,2,30,1,1,0
70,70,0,1,5,1,0,0
168,78,90,2,31,1,1,0
62,62,0,1,0,1,0,1
5987,1678,4309,21,199,12,9,0
62,62,0,1,0,1,0,1
193,102,91,2,30,1,1,0
70,70,0,1,0,1,0,2
70,70,0,1,5,1,0,0
66,66,0,1,0,1,0,1
197,102,95,2,29,1,1,0
7905,4819,3086,27,139,13,14,0
780,93,687,2,30,1,1,0
62,62,0,1,0,1,0,1
358,96,262,4,50,2,2,0
237,91,146,2,33,1,1,0
3547,1351,2196,17,135,8,9,0
499,425,74,4,0,3,1,0
11060,3925,7135,24,108,13,11,0
66,66,0,1,0,1,0,2
70,70,0,1,0,1,0,2
70,70,0,1,0,1,0,2
66,66,0,1,0,1,0,2
3650,2162,1488,25,80,13,12,0
66,66,0,1,0,1,0,1
2669,604,2065,11,16,6,5,0
1151,711,440,10,16,5,5,0
62,62,0,1,0,1,0,1
198,102,96,2,29,1,1,0
190,97,93,2,31,1,1,0
858,858,0,14,1200,14,0,0
267,87,180,4,54,2,2,0
70,70,0,1,0,1,0,2
62,62,0,1,0,1,0,1
229,110,119,2,29,1,1,0
66,66,0,1,0,1,0,1
66,66,0,1,0,1,0,1
9469,1273,8196,29,93,15,14,0
209,110,99,2,29,1,1,0
60,60,0,1,0,1,0,1
3908,630,3278,12,17,7,5,0
70,70,0,1,0,1,0,2
66,66,0,1,0,1,0,1
8105,1902,6203,24,26,14,10,0
1056,682,374,10,15,6,4,0
5688,2508,3180,36,118,19,17,0
283,71,212,2,31,1,1,0
60,60,0,1,0,1,0,1
70,70,0,1,0,1,0,2
70,70,0,1,0,1,0,2
10453,3977,6476,27,54,15,12,0
1745,1091,654,10,31,5,5,0
62,62,0,1,0,1,0,1
28729,1634,27095,40,120,16,24,0
62,62,0,1,0,1,0,1
70,70,0,1,0,1,0,2
64247,3857,60390,94,30,43,51,0
145,145,0,1,0,1,0,1
2749,1732,1017,21,361,12,9,0
66,66,0,1,0,1,0,1
66,66,0,1,0,1,0,1
94,94,0,1,30,1,0,0
146,146,0,1,0,1,0,1
70,70,0,1,0,1,0,2
70,70,0,2,8,2,0,0
198,102,96,2,30,1,1,0
70,70,0,1,4,1,0,0
3910,370,3540,16,34,5,11,0
9845,2815,7030,26,37,15,11,0
156,62,94,2,10,1,1,0
4922,950,3972,17,34,10,7,0
193,102,91,2,29,1,1,0
66,66,0,1,0,1,0,2
66,66,0,1,0,1,0,1
15607,5238,10369,36,126,19,17,0
62,62,0,1,0,1,0,1
32612,18106,14506,83,24,47,36,0
70,70,0,1,0,1,0,2
145,145,0,1,0,1,0,1
166,86,80,2,30,1,1,0
60,60,0,1,0,1,0,1
10583,1889,8694,28,251,10,18,0
16277,3466,12811,46,1801,22,24,0
62,62,0,1,0,1,0,1
168,78,90,2,29,1,1,0
66,66,0,1,0,1,0,1
66,66,0,1,0,1,0,1
502,150,352,2,1200,1,1,0
70,70,0,1,0,1,0,2
632,158,474,2,30,1,1,0
502,150,352,2,1200,1,1,0
66,66,0,1,5,1,0,0
140,78,62,2,29,1,1,0
5725,3290,2435,34,125,19,15,0
58431,5847,52584,55,120,10,45,0
479,150,329,2,1200,1,1,0
214,110,104,2,30,1,1,0
370,94,276,2,30,1,1,0
499,425,74,4,0,3,1,0
177,94,83,2,29,1,1,0
370,238,132,3,31,2,1,0
60,60,0,1,0,1,0,1
3521,516,3005,12,15,6,6,0
6834,3797,3037,48,97,23,25,0
66,66,0,1,0,1,0,2
273,94,179,2,30,1,1,0
70,70,0,1,0,1,0,2
145226,5591,139635,164,120,58,106,0
62,62,0,1,0,1,0,1
66,66,0,1,0,1,0,1
19518,11774,7744,46,168,26,20,0
146,146,0,1,0,1,0,1
1221,781,440,11,14,6,5,0
392,88,304,4,53,2,2,0
1592,1386,206,6,31,4,2,0
1401,864,537,12,29,6,6,0
66,66,0,1,0,1,0,1
145,145,0,1,0,1,0,1
70,70,0,1,0,1,0,2
62,62,0,1,0,1,0,1
62,62,0,1,0,1,0,1
755,94,661,2,31,1,1,0
66,66,0,1,0,1,0,1
193,102,91,2,31,1,1,0
70,70,0,1,0,1,0,2
422,240,182,8,25,5,3,0
734,94,640,2,30,1,1,0
70,70,0,1,0,1,0,2
70,70,0,2,7,2,0,0
237,110,127,2,30,1,1,0
66,66,0,1,0,1,0,2
234,234,0,4,12,4,0,0
889,126,763,2,30,1,1,0
62,62,0,1,0,1,0,1
401,95,306,4,57,2,2,0
70,70,0,1,0,1,0,2
164,78,86,2,30,1,1,0
70,70,0,1,0,1,0,2
60,60,0,1,0,1,0,1
78,78,0,1,0,1,0,1
62,62,0,1,0,1,0,1
733,85,648,2,31,1,1,0
177,94,83,2,31,1,1,0
200,102,98,2,30,1,1,0
9490,1158,8332,24,256,13,11,0
223,86,137,2,30,1,1,0
66,66,0,1,0,1,0,2
141220,4280,136940,159,17,59,100,0
2802,1902,900,22,1118,12,10,0
146,146,0,1,0,1,0,1
214,102,112,2,30,1,1,0
956,502,454,12,15,7,5,0
70,70,0,1,5,1,0,0
219,98,121,2,30,1,1,0
165,86,79,2,30,1,1,0
66,66,0,1,0,1,0,1
70,70,0,2,8,2,0,0
306,110,196,2,30,1,1,0
66,66,0,1,0,1,0,2
260,86,174,2,29,1,1,0
60,60,0,1,0,1,0,1
66,66,0,1,0,1,0,2
66,66,0,1,0,1,0,1
1222,782,440,11,15,6,5,0
62,62,0,1,0,1,0,1
182,93,89,2,31,1,1,0
182,93,89,2,31,1,1,0
70,70,0,2,8,2,0,0
419378,16035,403343,506,132,226,280,0
168,78,90,2,30,1,1,0
70,70,0,1,0,1,0,2
183,94,89,2,30,1,1,0
3855,2679,1176,28,45,15,13,0
257,101,156,2,33,1,1,0
62,62,0,1,0,1,0,1
262,106,156,2,33,1,1,0
12824,2604,10220,46,255,20,26,0
66,66,0,1,0,1,0,2
62,62,0,1,0,1,0,1
1784,252,1532,5,31,3,2,0
2225,1649,576,10,38,6,4,0
138,78,60,2,5,1,1,0
1914,1914,0,30,1766,30,0,0
70,70,0,1,4,1,0,0
66,66,0,1,0,1,0,1
221,94,127,2,29,1,1,0
62,62,0,1,0,1,0,1
901,166,735,2,1200,1,1,0
138,78,60,2,5,1,1,0
150,150,0,1,1200,1,0,0
199,102,97,2,29,1,1,0
585,206,379,6,79,3,3,0
70,70,0,1,0,1,0,2
216,110,106,2,30,1,1,0
62,62,0,1,0,1,0,1
62,62,0,1,0,1,0,1
66,66,0,1,0,1,0,1
3616,429,3187,11,16,6,5,0
60,60,0,1,0,1,0,1
62,62,0,1,0,1,0,1
70,70,0,1,0,1,0,2
4378,1471,2907,19,30,11,8,0
777,87,690,2,31,1,1,0
6135,770,5365,17,26,9,8,0
183,94,89,2,30,1,1,0
70,70,0,1,5,1,0,0
66,66,0,1,0,1,0,2
7459,2962,4497,24,47,14,10,0
66,66,0,1,0,1,0,1
13929,2854,11075,43,128,22,21,0
51604,4684,46920,70,133,28,42,0
4063,969,3094,16,26,9,7,0
66,66,0,1,0,1,0,2
132,132,0,3,1201,3,0,0
1494,898,596,12,142,6,6,0
66,66,0,1,0,1,0,2
70,70,0,1,0,1,0,2
66,66,0,1,0,1,0,1
66,66,0,1,0,1,0,2
5043,432,4611,12,15,6,6,0
776,283,493,8,82,4,4,0
66,66,0,1,0,1,0,2
70,70,0,1,0,1,0,2
70,70,0,1,0,1,0,2
2257,461,1796,9,39,4,5,0
199,102,97,2,30,1,1,0
190,64,126,4,103,2,2,0
62,62,0,1,0,1,0,1
235,90,145,2,32,1,1,0
70,70,0,1,0,1,0,2
70,70,0,2,8,2,0,0
70,70,0,1,0,1,0,2
60,60,0,1,0,1,0,1
11716,7393,4323,47,146,21,26,0
66,66,0,1,0,1,0,1
18568,12357,6211,43,18,24,19,0
6043,1568,4475,11,120,4,7,0
70,70,0,1,0,1,0,2
9108,4045,5063,84,72,39,45,0
168,86,82,2,30,1,1,0
66,66,0,1,0,1,0,1
62,62,0,1,0,1,0,1
37165,2164,35001,58,29,28,30,0
286,78,208,2,30,1,1,0
70,70,0,1,0,1,0,2
184,94,90,2,29,1,1,0
13330975,109486,13221489,10177,23,1394,8783,0
2601,1455,1146,18,16,8,10,0
186,64,122,4,27,2,2,0
62,62,0,1,0,1,0,1
62,62,0,1,0,1,0,1
62,62,0,1,0,1,0,1
252,78,174,2,30,1,1,0
301,108,193,4,55,2,2,0
7000,1799,5201,20,256,12,8,0
26702,3270,23432,40,136,16,24,0
728,102,626,2,29,1,1,0
70,70,0,1,0,1,0,2
62,62,0,1,0,1,0,1
62,62,0,1,0,1,0,1
70,70,0,1,0,1,0,2
46113,6913,39200,86,34,41,45,0
4573,2614,1959,25,80,13,12,0
225,86,139,2,30,1,1,0
66,66,0,1,0,1,0,1
199,102,97,2,30,1,1,0
66,66,0,1,0,1,0,1
109,109,0,1,0,1,0,1
321,102,219,2,31,1,1,0
70,70,0,1,0,1,0,2
233,91,142,2,30,1,1,0
62,62,0,1,0,1,0,1
60,60,0,1,0,1,0,1
60,60,0,1,0,1,0,1
10726,4848,5878,79,588,40,39,0
183,94,89,2,30,1,1,0
66,66,0,1,0,1,0,1
866223,30135,836088,916,138,300,616,0
78,78,0,1,0,1,0,1
11277,2233,9044,43,215,20,23,0
66,66,0,1,0,1,0,2
222,86,136,2,30,1,1,0
70,70,0,1,0,1,0,2
66,66,0,1,0,1,0,1
210,110,100,2,30,1,1,0
70,70,0,1,0,1,0,2
198,102,96,2,31,1,1,0
70,70,0,1,0,1,0,2
198,101,97,2,31,1,1,0
33823,28233,5590,84,102,47,37,0
70,70,0,1,0,1,0,2
214,110,104,2,30,1,1,0
749,94,655,2,31,1,1,0
62,62,0,1,0,1,0,1
66,66,0,1,0,1,0,2
70,70,0,1,0,1,0,2
199,102,97,2,30,1,1,0
172,88,84,2,30,1,1,0
209,110,99,2,30,1,1,0
382,164,218,2,30,1,1,0
70,70,0,2,6,2,0,0
66,66,0,1,0,1,0,1
7018,2751,4267,24,39,11,13,0
760,97,663,2,31,1,1,0
629,83,546,4,31,2,2,0
70,70,0,1,0,1,0,2
261,94,167,2,30,1,1,0
9856,1973,7883,32,140,17,15,0
6904692,144860,6759832,6483,140,1783,4700,0
70,70,0,1,4,1,0,0
66,66,0,1,90,1,0,0
159,159,0,1,0,1,0,1
130,70,60,3,4,2,1,0
145,145,0,1,0,1,0,1
66,66,0,1,0,1,0,2
70,70,0,1,0,1,0,2
62,62,0,1,0,1,0,1
184,94,90,2,31,1,1,0
66,66,0,1,0,1,0,1
66,66,0,1,0,1,0,2
162,102,60,2,4,1,1,0
209,77,132,2,32,1,1,0
184,94,90,2,30,1,1,0
70,70,0,1,0,1,0,2
316,136,180,6,6,3,3,0
130,70,60,3,6,2,1,0
1749,924,825,6,31,3,3,0
70,70,0,1,0,1,0,2
177,94,83,2,29,1,1,0
60,60,0,1,0,1,0,1
60,60,0,1,0,1,0,1
66,66,0,1,0,1,0,2
66,66,0,1,0,1,0,1
66,66,0,1,0,1,0,2
66,66,0,1,0,1,0,2
130,70,60,2,5,1,1,0
70,70,0,1,0,1,0,2
70,70,0,1,5,1,0,0
318,192,126,6,41,4,2,0
146,146,0,1,0,1,0,1
70,70,0,1,5,1,0,0
62,62,0,1,0,1,0,1
2849,1631,1218,9,721,5,4,0
70,70,0,1,0,1,0,2
26402,2904,23498,56,270,29,27,0
62,62,0,1,0,1,0,1
146,146,0,1,0,1,0,1
66,66,0,1,0,1,0,2
450,246,204,8,29,5,3,0
8558,1006,7552,16,121,7,9,0
345,345,0,1,0,1,0,1
70,70,0,1,0,1,0,2
322,110,212,4,30,2,2,0
66,66,0,1,0,1,0,1
214,140,74,4,31,3,1,0
70,70,0,1,0,1,0,2
66,66,0,1,0,1,0,1
145,145,0,1,0,1,0,1
10000,2634,7366,28,46,16,12,0
170,87,83,2,30,1,1,0
70,70,0,1,0,1,0,2
62,62,0,1,0,1,0,1
6846,2479,4367,41,256,19,22,0
8075,1766,6309,22,78,13,9,0
66,66,0,1,0,1,0,1
10050,1192,8858,28,81,14,14,0
60,60,0,1,0,1,0,1
66,66,0,1,0,1,0,1
380,110,270,2,31,1,1,0
70,70,0,1,5,1,0,0
66,66,0,1,0,1,0,1
182,102,80,2,30,1,1,0
70,70,0,1,0,1,0,2
70,70,0,1,0,1,0,2
177,94,83,2,29,1,1,0
184,94,90,2,31,1,1,0
130,70,60,3,5,2,1,0
176,78,98,2,30,1,1,0
10506,2063,8443,31,46,17,14,0
5311,1546,3765,15,122,7,8,0
200,102,98,2,30,1,1,0
62,62,0,1,0,1,0,1
177,94,83,2,29,1,1,0
832,106,726,2,29,1,1,0
197,90,107,2,30,1,1,0
146,146,0,1,0,1,0,1
66,66,0,1,0,1,0,2
168,82,86,2,30,1,1,0
788,108,680,2,30,1,1,0
62,62,0,1,0,1,0,1
66,66,0,1,0,1,0,1
469,165,304,4,30,2,2,0
1915,1466,449,10,20,6,4,0
199,94,105,2,30,1,1,0
62,62,0,1,0,1,0,1
825,99,726,2,30,1,1,0
62,62,0,1,0,1,0,1
366,240,126,7,25,5,2,0
209,110,99,2,30,1,1,0
70,70,0,1,0,1,0,2
62,62,0,1,0,1,0,1
19544,4428,15116,79,119,39,40,0
62,62,0,1,0,1,0,1
528,178,350,6,43,3,3,0
62,62,0,1,0,1,0,1
1737,1158,579,16,74,10,6,0
66,66,0,1,0,1,0,1
244,94,150,2,30,1,1,0
6592,1735,4857,23,360,11,12,0
178,94,84,2,29,1,1,0
513,152,361,2,1200,1,1,0
197,102,95,2,30,1,1,0
213,87,126,2,30,1,1,0
62,62,0,1,0,1,0,1
257,78,179,2,30,1,1,0
2279,1129,1150,25,120,12,13,0
70,70,0,2,7,2,0,0
9686,2335,7351,28,124,13,15,0
60,60,0,1,0,1,0,1
62,62,0,1,0,1,0,1
86,86,0,1,30,1,0,0
7435,2697,4738,23,30,13,10,0
72,72,0,1,0,1,0,1
70,70,0,1,0,1,0,2
5055,3100,1955,34,17,28,6,0
9493,2266,7227,24,14,13,11,0
4093,1595,2498,23,15,12,11,0
741,435,306,10,16,5,5,0
126,62,64,2,5,1,1,0
209,102,107,2,30,1,1,0
184,86,98,2,29,1,1,0
8688,3211,5477,24,343,11,13,0
183,94,89,2,30,1,1,0
172,94,78,2,30,1,1,0
66,66,0,1,0,1,0,1
70,70,0,1,0,1,0,2
5737,1929,3808,19,201,11,8,0
4736,1829,2907,19,29,11,8,0
70,70,0,1,0,1,0,2
184,94,90,2,31,1,1,0
207289,9233,198056,234,136,83,151,0
10753,1585,9168,24,120,10,14,0
70,70,0,2,8,2,0,0
214,110,104,2,30,1,1,0
66,66,0,1,0,1,0,2
254,128,126,5,16,3,2,0
66,66,0,1,0,1,0,1
70,70,0,1,0,1,0,2
235,90,145,2,32,1,1,0
199,102,97,2,30,1,1,0
8024,2572,5452,39,15,23,16,0
70,70,0,1,0,1,0,2
66,66,0,1,0,1,0,2
62,62,0,1,0,1,0,1
70,70,0,1,0,1,0,2
62,62,0,1,0,1,0,1
66,66,0,1,0,1,0,2
1724,1157,567,14,17,9,5,0
5823,1597,4226,21,19,11,10,0
66,66,0,1,0,1,0,1
150,150,0,1,1199,1,0,0
60,60,0,1,0,1,0,1
60,60,0,1,0,1,0,1
194,102,92,2,30,1,1,0
918,126,792,2,31,1,1,0
5910,4455,1455,19,15,11,8,0
66,66,0,1,0,1,0,1
66,66,0,1,0,1,0,1
582,270,312,8,32,4,4,0
109,109,0,1,0,1,0,1
66,66,0,1,0,1,0,1
62,62,0,1,0,1,0,1
210,110,100,2,30,1,1,0
780,93,687,2,31,1,1,0
146,146,0,1,0,1,0,1
198,110,88,2,30,1,1,0
18735,3452,15283,42,52,22,20,0
70,70,0,1,0,1,0,2
62,62,0,1,0,1,0,1
70,70,0,1,0,1,0,2
177,94,83,2,30,1,1,0
6416,1302,5114,20,119,10,10,0
617919,23432,594487,706,39,297,409,0
9859,3252,6607,24,74,12,12,0
62,62,0,1,0,1,0,1
6144,939,5205,18,70,9,9,0
70,70,0,2,8,2,0,0
66,66,0,1,0,1,0,2
62,62,0,1,0,1,0,1
2910,1489,1421,10,16,6,4,0
2163,676,1487,14,14,7,7,0
306,120,186,6,27,3,3,0
242149,7606,234543,260,150,92,168,0
749,89,660,2,30,1,1,0
66,66,0,1,0,1,0,1
4039,805,3234,17,120,8,9,0
231,90,141,2,31,1,1,0
331,331,0,1,0,1,0,1
1755,986,769,13,25,8,5,0
66,66,0,1,0,1,0,1
66,66,0,1,0,1,0,2
62,62,0,1,0,1,0,1
1760,252,1508,5,31,3,2,0
199,102,97,2,30,1,1,0
9634,3110,6524,26,138,11,15,0
9399,632,8767,15,15,7,8,0
177,94,83,2,30,1,1,0
216,110,106,2,30,1,1,0
70,70,0,1,0,1,0,2
62,62,0,1,0,1,0,1
144138,17538,126600,275,300,115,160,0
1360,540,820,20,187,10,10,0
62,62,0,1,0,1,0,1
15055,6439,8616,26,89,14,12,0
755,94,661,2,31,1,1,0
501559,13849,487710,527,15,193,334,0
66,66,0,1,0,1,0,1
66,66,0,1,0,1,0,1
70,70,0,1,0,1,0,2
31954,2972,28982,71,138,36,35,0
1867,250,1617,8,120,4,4,0
194,70,124,3,11,1,2,0
66,66,0,1,0,1,0,2
70,70,0,2,8,2,0,0
66,66,0,1,0,1,0,1
197,94,103,2,29,1,1,0
14826,7220,7606,53,94,29,24,0
66,66,0,1,0,1,0,2
1550,853,697,9,15,5,4,0
146,146,0,1,0,1,0,1
66,66,0,1,0,1,0,2
528,528,0,9,1199,9,0,0
66,66,0,1,0,1,0,2
2506,1461,1045,21,88,10,11,0
62,62,0,1,0,1,0,1
212,110,102,2,30,1,1,0
66,66,0,1,0,1,0,2
170,87,83,2,30,1,1,0
320,140,180,6,7,3,3,0
62,62,0,1,0,1,0,1
62,62,0,1,0,1,0,1
70,70,0,1,0,1,0,2
195,102,93,2,31,1,1,0
134,60,74,3,11,2,1,0
70,70,0,1,0,1,0,2
316,136,180,6,7,3,3,0
167,86,81,2,30,1,1,0
194,102,92,2,30,1,1,0
194,102,92,2,29,1,1,0
70,70,0,1,0,1,0,2
60,60,0,1,0,1,0,1
70,70,0,1,0,1,0,2
66,66,0,1,0,1,0,2
7920,2731,5189,27,82,15,12,0
62,62,0,1,0,1,0,1
2044,1024,1020,17,80,9,8,0
10580,2487,8093,28,16,16,12,0
66,66,0,1,0,1,0,2
200,102,98,2,30,1,1,0
164,164,0,1,0,1,0,1
167,86,81,2,31,1,1,0
70,70,0,1,0,1,0,2
70,70,0,1,0,1,0,2
62,62,0,1,0,1,0,1
198,101,97,2,31,1,1,0
70,70,0,1,0,1,0,2
60,60,0,1,0,1,0,1
62,62,0,1,0,1,0,1
2651,1504,1147,24,68,13,11,0
66,66,0,1,0,1,0,2
146,146,0,1,0,1,0,1
62,62,0,1,0,1,0,1
70,70,0,1,0,1,0,2
11808,5409,6399,73,123,33,40,0
70,70,0,1,0,1,0,2
314,192,122,6,15,4,2,0
35474,2800,32674,56,135,27,29,0
109,109,0,1,0,1,0,1
253,190,63,2,30,1,1,0
66,66,0,1,0,1,0,1
70,70,0,2,8,2,0,0
66,66,0,1,0,1,0,1
754,94,660,2,31,1,1,0
1176,701,475,9,150,6,3,0
16191,13348,2843,30,55,17,13,0
70,70,0,1,5,1,0,0
159,159,0,1,0,1,0,1
70,70,0,1,0,1,0,2
66,66,0,1,0,1,0,1
66,66,0,1,0,1,0,2
1335,87,1248,4,59,2,2,0
62768,25796,36972,75,34,33,42,0
66,66,0,1,0,1,0,2
62,62,0,1,0,1,0,1
210,140,70,4,14,3,1,0
168,86,82,2,31,1,1,0
6058,1749,4309,22,201,13,9,0
60,60,0,1,0,1,0,1
2588313,95154,2493159,2645,190,811,1834,0
70,70,0,1,0,1,0,2
233,90,143,2,32,1,1,0
7710,2476,5234,18,135,8,10,0
1143,401,742,9,360,5,4,0
62,62,0,1,0,1,0,1
103486,7416,96070,161,42,82,79,0
159,159,0,1,0,1,0,1
244,244,0,2,0,2,0,0
66,66,0,1,0,1,0,1
312,192,120,6,27,4,2,0
18959,3307,15652,33,19,16,17,0
148,148,0,1,0,1,0,1
66,66,0,1,0,1,0,1
70,70,0,1,0,1,0,2
55739,967,54772,53,15,13,40,0
100,100,0,1,0,1,0,1
658,140,518,10,3632,3,7,0
317618,11688,305930,350,164,118,232,0
5446,805,4641,17,26,9,8,0
62,62,0,1,0,1,0,1
193,94,99,2,30,1,1,0
62,62,0,1,0,1,0,1
35152,27056,8096,56,104,31,25,0
334,158,176,2,1199,1,1,0
168,86,82,2,31,1,1,0
62,62,0,1,0,1,0,1
70,70,0,1,0,1,0,2
62,62,0,1,0,1,0,1
66,66,0,1,0,1,0,2
66,66,0,1,0,1,0,2
184,102,82,2,30,1,1,0
62,62,0,1,0,1,0,1
66,66,0,1,0,1,0,1
546,486,60,2,30,1,1,0
761,100,661,2,30,1,1,0
70,70,0,1,0,1,0,2
66,66,0,1,0,1,0,1
66,66,0,1,0,1,0,2
66,66,0,1,0,1,0,2
70,70,0,1,0,1,0,2
522,190,332,5,48,3,2,0
4198,3534,664,13,19,8,5,0
166,86,80,2,29,1,1,0
7674,2829,4845,23,31,14,9,0
62,62,0,1,0,1,0,1
70,70,0,1,0,1,0,2
304,86,218,2,30,1,1,0
66,66,0,1,0,1,0,2
62,62,0,1,0,1,0,1
66,66,0,1,0,1,0,2
567854,22650,545204,713,158,311,402,0
2693,461,2232,14,17,6,8,0
2258,559,1699,22,120,6,16,0
220,220,0,3,6,3,0,0
193,102,91,2,30,1,1,0
66,66,0,1,0,1,0,2
74,74,0,1,0,1,0,1
200,94,106,2,30,1,1,0
9618,7387,2231,30,26,18,12,0
184,102,82,2,31,1,1,0
66,66,0,1,0,1,0,2
70,70,0,1,0,1,0,2
3115,1849,1266,18,16,8,10,0
23852,1662,22190,36,15,19,17,0
5200,499,4701,13,15,7,6,0
142,142,0,1,5,1,0,0
70,70,0,1,0,1,0,2
66,66,0,2,7,2,0,0
504,382,122,8,15,6,2,0
66,66,0,1,0,1,0,1
70,70,0,1,0,1,0,2
66,66,0,1,0,1,0,2
146,146,0,1,0,1,0,1
66,66,0,1,0,1,0,1
70,70,0,1,0,1,0,2
62,62,0,1,0,1,0,1
60,60,0,1,0,1,0,1
718,94,624,2,30,1,1,0
60,60,0,1,0,1,0,1
9805,1642,8163,24,362,12,12,0
8599,4862,3737,47,195,26,21,0
70,70,0,1,0,1,0,2
1327,918,409,10,26,6,4,0
70,70,0,1,0,1,0,2
6716,922,5794,20,20,10,10,0
220,220,0,1,0,1,0,1
66,66,0,1,0,1,0,2
70,70,0,1,0,1,0,2
70,70,0,1,0,1,0,2
70,70,0,1,0,1,0,2
5756,1781,3975,23,136,11,12,0
62,62,0,1,0,1,0,1
78,78,0,1,0,1,0,1
211,102,109,2,30,1,1,0
10265,1831,8434,34,319,17,17,0
62,62,0,1,0,1,0,1
66,66,0,1,0,1,0,2
70,70,0,1,0,1,0,2
62,62,0,1,0,1,0,1
280,94,186,2,30,1,1,0
38455,5252,33203,71,60,41,30,0
66,66,0,1,0,1,0,1
35406,17785,17621,79,141,40,39,0
195,102,93,2,30,1,1,0
70,70,0,1,0,1,0,2
183,94,89,2,30,1,1,0
7788,2581,5207,39,70,19,20,0
70,70,0,1,0,1,0,2
62,62,0,1,0,1,0,1
225,87,138,2,31,1,1,0
4343,2350,1993,17,36,9,8,0
199,102,97,2,29,1,1,0
66,66,0,1,0,1,0,2
70,70,0,1,0,1,0,2
16023,3677,12346,42,37,21,21,0
177,94,83,2,30,1,1,0
283,102,181,2,29,1,1,0
776,102,674,2,30,1,1,0
8123,1809,6314,22,71,12,10,0
177,94,83,2,31,1,1,0
70,70,0,2,7,2,0,0
66,66,0,1,0,1,0,2
180,94,86,2,30,1,1,0
316,94,222,2,30,1,1,0
177,94,83,2,29,1,1,0
66,66,0,1,0,1,0,2
70,70,0,1,0,1,0,2
66,66,0,1,0,1,0,1
4975,2828,2147,14,135,7,7,0
146,146,0,1,0,1,0,1
66,66,0,1,5,1,0,0
62,62,0,1,0,1,0,1
70,70,0,1,4,1,0,0
7332,3746,3586,37,176,19,18,0
184,94,90,2,31,1,1,0
145,145,0,1,0,1,0,1
5619,1387,4232,18,205,10,8,0
62,62,0,1,0,1,0,1
60,60,0,1,0,1,0,1
70,70,0,1,5,1,0,0
218,86,132,2,31,1,1,0
70,70,0,1,0,1,0,2
12150,1262,10888,29,41,13,16,0
213,87,126,2,31,1,1,0
211,102,109,2,30,1,1,0
499,425,74,4,0,3,1,0
1969,730,1239,19,1199,10,9,0
302,84,218,4,46,2,2,0
183,94,89,2,30,1,1,0
164902,9835,155067,227,32,114,113,0
66,66,0,1,0,1,0,2
8607,3608,4999,25,256,14,11,0
70,70,0,1,0,1,0,2
8445,2120,6325,27,107,15,12,0
569,164,405,2,30,1,1,0
62,62,0,1,0,1,0,1
16925,11562,5363,36,363,19,17,0
66,66,0,1,0,1,0,2
62,62,0,1,0,1,0,1
62,62,0,1,0,1,0,1
70,70,0,1,0,1,0,2
70,70,0,1,0,1,0,2
66,66,0,1,0,1,0,1
62,62,0,1,0,1,0,1
70,70,0,1,0,1,0,2
461,94,367,2,29,1,1,0
146,146,0,1,0,1,0,1
7243,4797,2446,42,136,23,19,0
7839,1726,6113,21,77,11,10,0
62,62,0,1,0,1,0,1
66,66,0,1,0,1,0,1
181,94,87,2,30,1,1,0
70,70,0,1,0,1,0,2
3821,2814,1007,22,17,12,10,0
62,62,0,1,0,1,0,1
200,111,89,2,1200,1,1,0
5520,3416,2104,27,22,13,14,0
70,70,0,1,4,1,0,0
70,70,0,1,0,1,0,2
70,70,0,1,0,1,0,2
60,60,0,1,0,1,0,1
805,665,140,6,32,4,2,0
196,102,94,2,31,1,1,0
8124,1079,7045,16,26,8,8,0
12087,9521,2566,76,32,38,38,0
2895,726,2169,10,121,5,5,0
70,70,0,1,0,1,0,2
198,101,97,2,30,1,1,0
70,70,0,2,8,2,0,0
70,70,0,1,0,1,0,2
70,70,0,1,0,1,0,2
6485,1957,4528,22,16,11,11,0
62,62,0,1,0,1,0,1
70,70,0,1,5,1,0,0
1007,252,755,4,32,3,1,0
70,70,0,1,0,1,0,2
817,102,715,2,30,1,1,0
70,70,0,1,0,1,0,2
17762,4403,13359,92,616,47,45,0
66,66,0,1,0,1,0,1
241,98,143,2,30,1,1,0
70,70,0,1,0,1,0,2
178,94,84,2,29,1,1,0
152,152,0,1,1200,1,0,0
70,70,0,1,4,1,0,0
70,70,0,1,0,1,0,2
60,60,0,1,0,1,0,1
177,94,83,2,30,1,1,0
3067,1817,1250,18,16,8,10,0
6423,1543,4880,21,191,12,9,0
574,448,126,10,25,8,2,0
70,70,0,1,0,1,0,2
66,66,0,1,0,1,0,1
6673,1531,5142,22,341,10,12,0
711,87,624,2,30,1,1,0
123194,68738,54456,402,287,167,235,0
62,62,0,1,0,1,0,1
180,94,86,2,35,1,1,0
330,330,0,6,1199,6,0,0
211,78,133,2,29,1,1,0
5778,1095,4683,17,26,10,7,0
70,70,0,1,0,1,0,2
70,70,0,1,5,1,0,0
209,110,99,2,30,1,1,0
62,62,0,1,0,1,0,1
545,166,379,2,1199,1,1,0
70,70,0,1,0,1,0,2
1617,161,1456,4,1199,2,2,0
62,62,0,1,0,1,0,1
1628,126,1502,4,31,2,2,0
146,146,0,1,0,1,0,1
66,66,0,1,0,1,0,2
78,78,0,1,30,1,0,0
1614,1300,314,10,16,5,5,0
198,101,97,2,31,1,1,0
70,70,0,1,0,1,0,2
161,161,0,1,0,1,0,1
216,110,106,2,30,1,1,0
231,231,0,4,47,4,0,0
318,120,198,6,26,3,3,0
12954,2333,10621,20,120,9,11,0
62,62,0,1,0,1,0,1
168,78,90,2,30,1,1,0
70,70,0,1,0,1,0,2
7304882,206543,7098339,7398,37,2677,4721,0
214,102,112,2,30,1,1,0
3790,1685,2105,18,17,10,8,0
70,70,0,1,5,1,0,0
60,60,0,1,0,1,0,1
645,90,555,2,29,1,1,0
66,66,0,1,0,1,0,2
60,60,0,1,0,1,0,1
145,145,0,1,0,1,0,1
62,62,0,1,0,1,0,1
734,94,640,2,30,1,1,0
328,86,242,2,30,1,1,0
70,70,0,1,0,1,0,2
204,118,86,2,30,1,1,0
62,62,0,1,0,1,0,1
66,66,0,1,0,1,0,1
210,110,100,2,30,1,1,0
227,110,117,2,30,1,1,0
90303,5838,84465,140,103,68,72,0
66,66,0,1,0,1,0,1
211,110,101,2,30,1,1,0
304,86,218,2,30,1,1,0
194,128,66,4,25,3,1,0
130,70,60,2,15,1,1,0
168,78,90,2,30,1,1,0
209,110,99,2,30,1,1,0
186,95,91,2,31,1,1,0
66,66,0,1,0,1,0,1
3047,1277,1770,16,144,8,8,0
66,66,0,1,0,1,0,2
62,62,0,1,0,1,0,1
10768,1726,9042,35,199,17,18,0
60,60,0,1,0,1,0,1
2124,1158,966,13,87,7,6,0
317,96,221,4,32,2,2,0
62,62,0,1,0,1,0,1
13168,2875,10293,48,99,27,21,0
8954,3404,5550,34,46,19,15,0
198,101,97,2,30,1,1,0
179,94,85,2,30,1,1,0
1115,534,581,12,16,7,5,0
152,66,86,2,9,1,1,0
70,70,0,1,0,1,0,2
70,70,0,1,0,1,0,2
8304,2968,5336,24,362,13,11,0
1837,852,985,8,1200,4,4,0
1852,1103,749,16,32,9,7,0
179,94,85,2,30,1,1,0
3132,815,2317,14,15,7,7,0
220,90,130,2,30,1,1,0
760,96,664,2,31,1,1,0
316,136,180,6,7,3,3,0
199,102,97,2,30,1,1,0
177,94,83,2,30,1,1,0
177,94,83,2,30,1,1,0
70,70,0,1,0,1,0,2
62,62,0,1,0,1,0,1
145,145,0,1,0,1,0,1
130,66,64,2,5,1,1,0
70,70,0,1,5,1,0,0
2493,1830,663,12,15,6,6,0
70,70,0,2,8,2,0,0
70,70,0,1,0,1,0,2
74,74,0,1,0,1,0,1
414,268,146,3,32,2,1,0
78,78,0,1,30,1,0,0
2322,1296,1026,15,3600,6,9,0
146,146,0,1,0,1,0,1
6344,2063,4281,26,21,12,14,0
2826,1618,1208,21,45,12,9,0
3932,2581,1351,18,18,10,8,0
760,97,663,2,30,1,1,0
195,102,93,2,30,1,1,0
211,110,101,2,30,1,1,0
216,102,114,2,29,1,1,0
66,66,0,1,0,1,0,2
70,70,0,1,0,1,0,2
754,94,660,2,31,1,1,0
371,237,134,3,32,2,1,0
5996,1967,4029,17,99,10,7,0
70,70,0,1,0,1,0,2
1484,877,607,11,34,6,5,0
62,62,0,1,0,1,0,1
66,66,0,1,0,1,0,2
210,102,108,2,30,1,1,0
66,66,0,1,0,1,0,1
70,70,0,1,0,1,0,2
148,148,0,1,0,1,0,1
66,66,0,1,0,1,0,1
3598,1145,2453,15,120,7,8,0
4552,1645,2907,19,26,11,8,0
70,70,0,1,0,1,0,2
143,143,0,1,0,1,0,1
66,66,0,1,0,1,0,2
193,102,91,2,29,1,1,0
303966,26201,277765,521,167,208,313,0
66,66,0,1,0,1,0,2
62,62,0,1,0,1,0,1
70,70,0,1,0,1,0,2
8518,2260,6258,32,806,12,20,0
70,70,0,1,0,1,0,2
70,70,0,1,0,1,0,2
70,70,0,1,0,1,0,2
70,70,0,1,0,1,0,2
106,106,0,1,60,1,0,0
70,70,0,1,4,1,0,0
62,62,0,1,0,1,0,1
60,60,0,1,0,1,0,1
62,62,0,1,0,1,0,1
145,145,0,1,0,1,0,1
3051,1801,1250,18,16,8,10,0
216,89,127,2,30,1,1,0
209,110,99,2,30,1,1,0
70,70,0,1,0,1,0,2
146,146,0,1,0,1,0,1
70,70,0,1,0,1,0,2
148,148,0,1,0,1,0,1
932130,36511,895619,1142,167,465,677,0
146,146,0,1,0,1,0,1
70,70,0,1,0,1,0,2
9905,4321,5584,27,315,13,14,0
70,70,0,1,0,1,0,2
130,66,64,2,4,1,1,0
172,88,84,2,30,1,1,0
62,62,0,1,0,1,0,1
212,94,118,2,30,1,1,0
198,101,97,2,30,1,1,0
200,90,110,2,30,1,1,0
70,70,0,1,0,1,0,2
66,66,0,1,0,1,0,2
70,70,0,1,4,1,0,0
504,382,122,8,17,6,2,0
312,90,222,2,31,1,1,0
194,99,95,2,31,1,1,0
62,62,0,1,0,1,0,1
275,96,179,4,41,2,2,0
70,70,0,1,0,1,0,2
234,234,0,4,12,4,0,0
60,60,0,1,0,1,0,1
8536,3817,4719,25,20,15,10,0
145,145,0,1,0,1,0,1
66,66,0,1,0,1,0,1
70,70,0,1,0,1,0,2
60,60,0,1,0,1,0,1
70,70,0,1,0,1,0,2
70,70,0,1,0,1,0,2
5971,706,5265,17,15,7,10,0
70,70,0,1,0,1,0,2
924,924,0,3,30,3,0,0
1155,781,374,10,15,6,4,0
184,94,90,2,31,1,1,0
13003,1226,11777,25,19,12,13,0
173,94,79,2,29,1,1,0
70,70,0,1,0,1,0,2
66,66,0,1,0,1,0,1
66,66,0,1,0,1,0,1
711697,18422,693275,716,50,253,463,0
70,70,0,1,0,1,0,2
756,95,661,2,30,1,1,0
70,70,0,1,0,1,0,2
66,66,0,1,0,1,0,2
2879984,113967,2766017,3396,129,1423,1973,0
4365,2581,1784,20,32,11,9,0
250,86,164,4,30,2,2,0
70,70,0,1,0,1,0,2
62,62,0,1,0,1,0,1
168,86,82,2,29,1,1,0
70,70,0,1,4,1,0,0
6107,2012,4095,18,25,10,8,0
760,97,663,2,30,1,1,0
416,210,206,7,15,4,3,0
197,78,119,2,30,1,1,0
1452,817,635,16,20,9,7,0
70,70,0,1,0,1,0,2
216,94,122,2,30,1,1,0
66,66,0,1,0,1,0,2
100,100,0,1,0,1,0,1
5360,3775,1585,22,35,13,9,0
168,78,90,2,31,1,1,0
16037318,218904,15818414,13595,136,2976,10619,0
234,94,140,2,30,1,1,0
60,60,0,1,0,1,0,1
177,94,83,2,30,1,1,0
197,102,95,2,30,1,1,0
1126,609,517,11,15,6,5,0
60,60,0,1,0,1,0,1
1313,876,437,11,26,6,5,0
134507,6585,127922,148,121,51,97,0
627,627,0,1,0,1,0,1
62,62,0,1,0,1,0,1
70,70,0,2,8,2,0,0
66,66,0,2,8,2,0,0
145,145,0,1,0,1,0,1
195,102,93,2,30,1,1,0
62,62,0,1,0,1,0,1
66,66,0,1,0,1,0,1
70,70,0,1,0,1,0,2
230,102,128,2,31,1,1,0
4348,1643,2705,14,138,6,8,0
197,102,95,2,30,1,1,0
2121,1558,563,13,16,7,6,0
70,70,0,1,0,1,0,2
711,87,624,2,30,1,1,0
4239,2334,1905,17,187,10,7,0
5713,1079,4634,15,26,8,7,0
62,62,0,1,0,1,0,1
1462,703,759,8,16,5,3,0
70,70,0,1,0,1,0,2
70,70,0,1,5,1,0,0
426,240,186,8,24,5,3,0
183,94,89,2,30,1,1,0
66,66,0,1,0,1,0,1
199,102,97,2,29,1,1,0
70,70,0,1,0,1,0,2
21055,15996,5059,39,22,22,17,0
143,143,0,1,0,1,0,1
198,102,96,2,30,1,1,0
66,66,0,1,0,1,0,1
7330,2295,5035,19,135,9,10,0
109,109,0,1,0,1,0,1
70,70,0,1,0,1,0,2
70,70,0,1,0,1,0,2
70,70,0,1,0,1,0,2
152,78,74,2,31,1,1,0
3541,616,2925,19,165,8,11,0
70,70,0,1,0,1,0,2
70,70,0,2,8,2,0,0
145,145,0,1,0,1,0,1
66,66,0,1,0,1,0,1
14518,2409,12109,23,135,10,13,0
66,66,0,1,0,1,0,2
78,78,0,1,5,1,0,0
146,146,0,1,0,1,0,1
70,70,0,1,0,1,0,2
145,145,0,1,0,1,0,1
303,97,206,4,56,2,2,0
62,62,0,1,0,1,0,1
6531,1249,5282,24,286,13,11,0
66,66,0,1,0,1,0,1
12604,6376,6228,27,133,16,11,0
3343,1454,1889,15,16,8,7,0
78,78,0,1,30,1,0,0
172,94,78,2,29,1,1,0
197,94,103,2,30,1,1,0
901,126,775,2,30,1,1,0
70,70,0,1,5,1,0,0
4515,3889,626,11,27,6,5,0
62,62,0,1,0,1,0,1
258,94,164,2,30,1,1,0
62,62,0,1,0,1,0,1
166,86,80,2,30,1,1,0
1594,1280,314,10,15,5,5,0
70,70,0,1,0,1,0,2
70,70,0,1,0,1,0,2
66,66,0,1,0,1,0,2
70,70,0,1,0,1,0,2
66,66,0,2,8,2,0,0
57678,29714,27964,241,175,120,121,0
7428,729,6699,19,80,7,12,0
4499,2807,1692,24,95,13,11,0
5578,1390,4188,19,15,9,10,0
196,102,94,2,33,1,1,0
66,66,0,1,0,1,0,2
804,380,424,9,15,5,4,0
396,102,294,2,31,1,1,0
66,66,0,1,0,1,0,1
232,94,138,2,30,1,1,0
146,146,0,1,0,1,0,1
216,90,126,2,30,1,1,0
62,62,0,1,0,1,0,1
5698,1585,4113,23,1108,13,10,0
5166,700,4466,16,14,7,9,0
543828,50144,493684,682,172,254,428,0
70,70,0,1,5,1,0,0
10281,2251,8030,25,17,14,11,0
10943,5186,5757,32,25,18,14,0
62,62,0,1,0,1,0,1
62,62,0,1,0,1,0,1
221,111,110,2,1200,1,1,0
199,102,97,2,30,1,1,0
70,70,0,1,0,1,0,2
70,70,0,1,0,1,0,2
70,70,0,1,0,1,0,2
3506,2280,1226,24,50,13,11,0
70,70,0,2,7,2,0,0
12552,2564,9988,29,16,17,12,0
10010,4051,5959,32,346,17,15,0
70,70,0,1,0,1,0,2
193,102,91,2,30,1,1,0
149,149,0,2,1199,2,0,0
400,400,0,1,0,1,0,1
70,70,0,1,0,1,0,2
499,425,74,4,0,3,1,0
294,86,208,2,30,1,1,0
66,66,0,1,0,1,0,2
237,91,146,2,33,1,1,0
9999,2316,7683,30,26,15,15,0
3957,2324,1633,51,1732,29,22,0
1369,708,661,14,24,8,6,0
140,140,0,1,30,1,0,0
70,70,0,1,0,1,0,2
74,74,0,1,0,1,0,1
334,140,194,6,25,3,3,0
70,70,0,1,0,1,0,2
62,62,0,1,0,1,0,1
70,70,0,2,7,2,0,0
70,70,0,1,0,1,0,2
1265,642,623,12,45,7,5,0
70,70,0,1,0,1,0,2
502,256,246,9,25,5,4,0
1820,1101,719,18,16,10,8,0
499,425,74,4,0,3,1,0
60,60,0,1,0,1,0,1
177,94,83,2,30,1,1,0
243,104,139,2,30,1,1,0
70,70,0,1,0,1,0,2
60,60,0,1,0,1,0,1
62,62,0,1,0,1,0,1
686,276,410,8,74,4,4,0
193,102,91,2,30,1,1,0
70,70,0,1,5,1,0,0
60,60,0,1,0,1,0,1
184,102,82,2,29,1,1,0
62,62,0,1,0,1,0,1
180,94,86,2,30,1,1,0
264,87,177,4,36,2,2,0
70,70,0,1,0,1,0,2
62,62,0,1,0,1,0,1
59451,47894,11557,177,91,99,78,0
234,234,0,4,12,4,0,0
3509,1693,1816,21,96,10,11,0
197,102,95,2,30,1,1,0
62,62,0,1,0,1,0,1
184,94,90,2,30,1,1,0
240,76,164,2,31,1,1,0
378,192,186,7,41,4,3,0
70,70,0,1,0,1,0,2
642,582,60,2,5,1,1,0
78,78,0,1,0,1,0,1
70,70,0,1,0,1,0,2
177,94,83,2,30,1,1,0
66,66,0,1,0,1,0,2
87,87,0,2,60,2,0,0
193,102,91,2,29,1,1,0
11534,2076,9458,43,60,21,22,0
228,97,131,2,31,1,1,0
3655,2344,1311,18,17,9,9,0
353,166,187,2,1199,1,1,0
62,62,0,1,0,1,0,1
11301,5604,5697,29,139,17,12,0
70,70,0,1,0,1,0,2
62,62,0,1,0,1,0,1
62,62,0,1,0,1,0,1
6350,1550,4800,23,19,12,11,0
16401,8712,7689,53,297,25,28,0
219,92,127,2,30,1,1,0
146,75,71,2,31,1,1,0
5850,1617,4233,28,127,13,15,0
70,70,0,1,0,1,0,2
78,78,0,1,29,1,0,0
3657,1867,1790,22,391,7,15,0
214,140,74,4,15,3,1,0
759397,22470,736927,766,108,270,496,0
70,70,0,2,8,2,0,0
243,94,149,2,30,1,1,0
2420,1462,958,18,170,10,8,0
60,60,0,1,0,1,0,1
194,102,92,2,29,1,1,0
7913,2091,5822,23,42,11,12,0
4681,2403,2278,19,135,10,9,0
316,136,180,6,6,3,3,0
130,70,60,2,15,1,1,0
66,66,0,1,0,1,0,1
70,70,0,1,0,1,0,2
70,70,0,2,7,2,0,0
66,66,0,1,0,1,0,1
62,62,0,1,0,1,0,1
785,110,675,2,30,1,1,0
146,60,86,2,10,1,1,0
10748,1634,9114,22,316,10,12,0
2577,1550,1027,15,15,7,8,0
66,66,0,1,0,1,0,1
168,86,82,2,30,1,1,0
6214,1733,4481,13,121,6,7,0
19093,3390,15703,26,126,10,16,0
760,97,663,2,30,1,1,0
240,110,130,2,30,1,1,0
14602,6734,7868,46,56,26,20,0
70,70,0,1,0,1,0,2
5086,3296,1790,36,56,18,18,0
712,374,338,11,28,6,5,0
152,78,74,2,30,1,1,0
70,70,0,2,8,2,0,0
3811,1846,1965,20,330,9,11,0
304,86,218,2,30,1,1,0
6620,672,5948,17,128,8,9,0
62,62,0,1,0,1,0,1
82930,18836,64094,131,128,55,76,0
12515,5891,6624,42,166,22,20,0
146,146,0,1,0,1,0,1
925322,25097,900225,971,113,287,684,0
198,102,96,2,30,1,1,0
66,66,0,1,0,1,0,2
60,60,0,1,0,1,0,1
60,60,0,1,0,1,0,1
66,66,0,1,0,1,0,2
3321,1297,2024,13,28,7,6,0
438124,21529,416595,481,398,138,343,0
70,70,0,1,0,1,0,2
1426,964,462,7,15,4,3,0
168,86,82,2,29,1,1,0
816,97,719,2,30,1,1,0
62,62,0,1,0,1,0,1
225,102,123,2,29,1,1,0
62,62,0,1,0,1,0,1
292,102,190,2,29,1,1,0
62,62,0,1,0,1,0,1
7661,1115,6546,19,35,10,9,0
62,62,0,1,0,1,0,1
168,78,90,2,30,1,1,0
24040,4851,19189,86,160,41,45,0
220,220,0,1,0,1,0,1
755,93,662,2,31,1,1,0
62,62,0,1,0,1,0,1
182,93,89,2,30,1,1,0
70,70,0,1,0,1,0,2
70,70,0,1,0,1,0,2
66,66,0,1,0,1,0,2
70,70,0,2,8,2,0,0
138,78,60,2,4,1,1,0
66,66,0,1,0,1,0,1
62,62,0,1,0,1,0,1
82,82,0,1,31,1,0,0
195,102,93,2,30,1,1,0
66,66,0,1,0,1,0,2
70,70,0,1,0,1,0,2
168,86,82,2,31,1,1,0
70,70,0,1,0,1,0,2
225,102,123,2,30,1,1,0
214,140,74,4,15,3,1,0
28173,21385,6788,100,41,51,49,0
258,110,148,2,29,1,1,0
817,98,719,2,30,1,1,0
70,70,0,1,0,1,0,2
179,94,85,2,30,1,1,0
183,94,89,2,30,1,1,0
70,70,0,1,0,1,0,2
209,110,99,2,31,1,1,0
70,70,0,1,0,1,0,2
66,66,0,1,0,1,0,2
70,70,0,1,0,1,0,2
62,62,0,1,0,1,0,1
66,66,0,1,0,1,0,1
287874,13215,274659,346,204,136,210,0
66,66,0,1,0,1,0,2
4535,1637,2898,23,2899,14,9,0
5082,969,4113,18,30,10,8,0
392,102,290,2,30,1,1,0
214,140,74,4,30,3,1,0
66,66,0,1,0,1,0,1
146,146,0,1,0,1,0,3
194,94,100,2,31,1,1,0
12528,7238,5290,26,91,15,11,0
184,94,90,2,30,1,1,0
1203,703,500,14,38,8,6,0
6365,3093,3272,36,130,19,17,0
66,66,0,1,0,1,0,1
66,66,0,1,0,1,0,2
150,150,0,1,1200,1,0,0
162355,7124,155231,207,27,96,111,0
70,70,0,1,5,1,0,0
1806,1806,0,22,224,22,0,0
70,70,0,1,0,1,0,2
70,70,0,1,0,1,0,2
62,62,0,1,0,1,0,1
66,66,0,1,0,1,0,1
754,94,660,2,31,1,1,0
499,425,74,4,0,3,1,0
124,60,64,2,5,1,1,0
6353,1520,4833,20,17,12,8,0
66,66,0,1,0,1,0,2
66,66,0,1,0,1,0,2
5693,499,5194,14,15,7,7,0
184,94,90,2,30,1,1,0
7359,2050,5309,18,16,10,8,0
62,62,0,1,0,1,0,1
184,94,90,2,30,1,1,0
70,70,0,1,0,1,0,2
10084,2145,7939,36,120,18,18,0
193,102,91,2,30,1,1,0
60,60,0,1,0,1,0,1
6782,3367,3415,25,139,15,10,0
266,89,177,4,58,2,2,0
781,94,687,2,30,1,1,0
66,66,0,1,0,1,0,2
4951,711,4240,15,29,8,7,0
198,101,97,2,30,1,1,0
66,66,0,1,5,1,0,0
70,70,0,1,5,1,0,0
66,66,0,1,0,1,0,1
62,62,0,1,0,1,0,1
66,66,0,1,0,1,0,2
33095,18485,14610,73,185,43,30,0
131,131,0,1,0,1,0,1
170890,13800,157090,246,97,123,123,0
66,66,0,1,0,1,0,2
166,85,81,2,30,1,1,0
887,126,761,2,31,1,1,0
398,105,293,4,46,2,2,0
62,62,0,1,0,1,0,1
217199,128,217071,316,37,3,313,0
320,128,192,6,5,3,3,0
2058,589,1469,10,44,6,4,0
60,60,0,1,0,1,0,1
21905,3249,18656,38,271,18,20,0
66,66,0,1,0,1,0,1
22576,10533,12043,61,200,35,26,0
183,94,89,2,30,1,1,0
185,102,83,2,31,1,1,0
1201,707,494,12,26,7,5,0
6509,973,5536,17,25,10,7,0
60,60,0,1,0,1,0,1
199,102,97,2,30,1,1,0
194,102,92,2,31,1,1,0
293,86,207,2,29,1,1,0
194,102,92,2,30,1,1,0
106,106,0,1,60,1,0,0
320,140,180,6,7,3,3,0
14025,7301,6724,38,171,22,16,0
10062,1631,8431,25,19,14,11,0
167,86,81,2,30,1,1,0
256,78,178,2,30,1,1,0
422,164,258,6,30,3,3,0
183,94,89,2,30,1,1,0
62,62,0,1,0,1,0,1
32148,21507,10641,72,21,42,30,0
70,70,0,1,0,1,0,2
511,126,385,2,31,1,1,0
200,102,98,2,30,1,1,0
216,88,128,2,30,1,1,0
66,66,0,1,0,1,0,1
66,66,0,1,0,1,0,2
70,70,0,1,0,1,0,2
66,66,0,1,0,1,0,2
62,62,0,1,0,1,0,1
62,62,0,1,0,1,0,1
70,70,0,1,0,1,0,2
60,60,0,1,0,1,0,1
261,102,159,2,30,1,1,0
167,86,81,2,30,1,1,0
3428,1714,1714,16,33,8,8,0
146,146,0,1,0,1,0,1
62,62,0,1,0,1,0,1
7571,3372,4199,33,88,17,16,0
261,94,167,2,30,1,1,0
710,89,621,2,31,1,1,0
70,70,0,1,0,1,0,2
208,60,148,4,12,2,2,0
66,66,0,1,0,1,0,2
70,70,0,1,0,1,0,2
66,66,0,1,0,1,0,2
7228,3478,3750,37,164,17,20,0
202,70,132,3,11,1,2,0
193,102,91,2,29,1,1,0
10956,4863,6093,47,82,22,25,0
60,60,0,1,0,1,0,1
232,94,138,2,30,1,1,0
66,66,0,1,0,1,0,2
9693,2010,7683,18,130,9,9,0
62,62,0,1,0,1,0,1
211,78,133,2,31,1,1,0
320,320,0,5,0,5,0,0
5694,2514,3180,36,118,19,17,0
333535,35190,298345,555,285,257,298,0
70,70,0,1,0,1,0,2
62,62,0,1,0,1,0,1
66,66,0,1,0,1,0,2
181,94,87,2,30,1,1,0
66,66,0,1,0,1,0,2
70,70,0,1,0,1,0,2
4934,1351,3583,21,21,11,10,0
357,107,250,4,36,2,2,0
318,192,126,6,45,4,2,0
62,62,0,1,0,1,0,1
70,70,0,1,0,1,0,2
66,66,0,1,0,1,0,2
66,66,0,1,0,1,0,2
62,62,0,1,0,1,0,1
146,146,0,1,0,1,0,1
82,82,0,1,30,1,0,0
66,66,0,1,0,1,0,1
6818,1800,5018,30,271,16,14,0
70,70,0,1,0,1,0,2
199,199,0,1,0,1,0,1
66,66,0,1,0,1,0,1
194,94,100,2,30,1,1,0
72,72,0,1,0,1,0,1
346,98,248,4,31,2,2,0
62,62,0,1,0,1,0,1
70,70,0,1,0,1,0,2
295493,16052,279441,394,68,186,208,0
70,70,0,1,4,1,0,0
60,60,0,1,0,1,0,1
62,62,0,1,0,1,0,1
70,70,0,1,0,1,0,2
174,174,0,1,0,1,0,1
70,70,0,1,0,1,0,2
165,86,79,2,31,1,1,0
70,70,0,1,0,1,0,2
168,78,90,2,30,1,1,0
66,66,0,1,0,1,0,2
66,66,0,1,0,1,0,1
66,66,0,1,0,1,0,1
60,60,0,1,0,1,0,1
70,70,0,1,0,1,0,2
538,166,372,2,1199,1,1,0
146,146,0,1,0,1,0,1
206,95,111,2,30,1,1,0
275,94,181,2,30,1,1,0
18581,9681,8900,62,103,33,29,0
182,93,89,2,30,1,1,0
166,86,80,2,31,1,1,0
146,146,0,1,0,1,0,1
62,62,0,1,0,1,0,1
6489,2137,4352,28,143,14,14,0
66,66,0,1,0,1,0,1
74,74,0,1,0,1,0,1
26571,2432,24139,42,30,21,21,0
11519,3163,8356,51,25,26,25,0
740,222,518,11,3631,4,7,0
70,70,0,1,0,1,0,2
198,110,88,2,30,1,1,0
66,66,0,1,0,1,0,2
66,66,0,2,8,2,0,0
70,70,0,1,0,1,0,2
269,78,191,2,30,1,1,0
345315,16365,328950,459,36,206,253,0
66,66,0,1,0,1,0,2
167,86,81,2,30,1,1,0
6210,2720,3490,15,121,7,8,0
66,66,0,1,0,1,0,2
103,103,0,1,0,1,0,1
70,70,0,2,8,2,0,0
184,94,90,2,29,1,1,0
70,70,0,1,0,1,0,2
7740,2603,5137,13,120,7,6,0
66,66,0,1,0,1,0,1
198,102,96,2,29,1,1,0
711,87,624,2,30,1,1,0
314,92,222,4,31,2,2,0
70,70,0,1,0,1,0,2
316,136,180,6,6,3,3,0
578,286,292,9,15,5,4,0
150,150,0,1,1200,1,0,0
182,93,89,2,31,1,1,0
176644,9435,167209,266,65,104,162,0
70,70,0,1,0,1,0,2
10500,5056,5444,23,143,11,12,0
270,78,192,2,30,1,1,0
177,94,83,2,30,1,1,0
66,66,0,1,0,1,0,2
6406,1614,4792,24,17,13,11,0
195,102,93,2,31,1,1,0
66,66,0,1,0,1,0,1
70,70,0,1,0,1,0,2
70,70,0,1,4,1,0,0
70,70,0,1,0,1,0,2
780,93,687,2,30,1,1,0
70,70,0,1,0,1,0,2
146,146,0,1,0,1,0,1
62,62,0,1,0,1,0,1
66,66,0,1,0,1,0,1
70,70,0,1,0,1,0,2
242669,43830,198839,310,67,159,151,0
66,66,0,1,0,1,0,2
70,70,0,1,0,1,0,2
62,62,0,1,0,1,0,1
2814,1454,1360,23,28,12,11,0
7878,1909,5969,31,28,16,15,0
502,250,252,9,41,5,4,0
66,66,0,1,0,1,0,1
366,240,126,7,21,5,2,0
7298,1737,5561,21,79,11,10,0
626,352,274,10,16,6,4,0
66,66,0,1,0,1,0,2
5913,4482,1431,30,30,20,10,0
62,62,0,1,0,1,0,1
66,66,0,1,0,1,0,1
62,62,0,1,0,1,0,1
366,180,186,7,47,4,3,0
3548,1868,1680,57,87,29,28,0
70,70,0,1,0,1,0,2
480,149,331,2,1200,1,1,0
103367,3730,99637,117,170,42,75,0
303,303,0,4,47,4,0,0
227,71,156,2,30,1,1,0
70,70,0,2,8,2,0,0
62,62,0,1,0,1,0,1
193,102,91,2,30,1,1,0
7037,1786,5251,23,200,13,10,0
62,62,0,1,0,1,0,1
197,102,95,2,30,1,1,0
6679,2730,3949,43,4309,23,20,0
159,159,0,1,0,1,0,1
458741,13270,445471,469,16,164,305,0
70,70,0,1,0,1,0,2
66,66,0,1,0,1,0,1
70,70,0,1,0,1,0,2
213,79,134,2,32,1,1,0
232,110,122,2,30,1,1,0
70,70,0,2,8,2,0,0
60,60,0,1,0,1,0,1
168,86,82,2,32,1,1,0
2680,1488,1192,19,41,10,9,0
62,62,0,1,0,1,0,1
193,102,91,2,30,1,1,0
229,86,143,2,30,1,1,0
66,66,0,1,0,1,0,2
82,82,0,2,40,2,0,0
66,66,0,1,0,1,0,1
3581,2902,679,13,23,8,5,0
893,126,767,2,30,1,1,0
66,66,0,1,0,1,0,1
8663,1983,6680,21,33,10,11,0
318,120,198,6,26,3,3,0
70,70,0,1,5,1,0,0
70,70,0,1,0,1,0,2
60,60,0,1,0,1,0,1
70,70,0,1,0,1,0,2
5746,1271,4475,25,105,12,13,0
72,72,0,1,0,1,0,1
198,94,104,2,29,1,1,0
272,122,150,2,30,1,1,0
70,70,0,2,7,2,0,0
2556,1470,1086,17,15,8,9,0
4618,840,3778,16,26,9,7,0
165,86,79,2,30,1,1,0
62,62,0,1,0,1,0,1
66,66,0,1,0,1,0,2
4336,2408,1928,18,21,10,8,0
70,70,0,1,0,1,0,2
143,143,0,1,0,1,0,1
70,70,0,1,0,1,0,2
291,86,205,2,29,1,1,0
41274,18956,22318,90,171,43,47,0
70,70,0,1,0,1,0,2
60,60,0,1,0,1,0,1
60,60,0,1,0,1,0,1
66,66,0,1,0,1,0,2
62,62,0,1,0,1,0,1
3392,2305,1087,22,80,11,11,0
62,62,0,1,0,1,0,1
168,78,90,2,30,1,1,0
178,94,84,2,30,1,1,0
5699,505,5194,14,15,7,7,0
194,102,92,2,31,1,1,0
62,62,0,1,0,1,0,1
215,102,113,2,30,1,1,0
880,126,754,2,31,1,1,0
220,100,120,2,31,1,1,0
183,94,89,2,29,1,1,0
139,139,0,1,0,1,0,1
13199834,344312,12855522,13125,121,3739,9386,0
70,70,0,1,5,1,0,0
146,146,0,1,0,1,0,1
74,74,0,1,0,1,0,1
273,73,200,4,29,2,2,0
70,70,0,1,0,1,0,2
757,98,659,2,31,1,1,0
2049,1276,773,15,15,8,7,0
70,70,0,1,0,1,0,2
193,102,91,2,30,1,1,0
62,62,0,1,0,1,0,1
66,66,0,1,0,1,0,2
70,70,0,1,0,1,0,2
14490,4227,10263,35,36,19,16,0
260,86,174,2,30,1,1,0
60,60,0,1,0,1,0,1
6981,948,6033,17,27,10,7,0
21062,2202,18860,34,80,15,19,0
168,78,90,2,30,1,1,0
70,70,0,1,0,1,0,2
177,94,83,2,30,1,1,0
70,70,0,1,0,1,0,2
66,66,0,1,0,1,0,1
62,62,0,1,0,1,0,1
163985,6578,157407,188,26,72,116,0
66,66,0,1,0,1,0,2
70,70,0,1,0,1,0,2
70,70,0,1,0,1,0,2
70,70,0,2,8,2,0,0
29874004,955051,28918953,31844,303,10580,21264,0
800,150,650,4,1200,2,2,0
70,70,0,1,0,1,0,2
200,102,98,2,30,1,1,0
62,62,0,1,0,1,0,1
732,89,643,2,0,1,1,0
70,70,0,1,0,1,0,2
66,66,0,1,0,1,0,2
324,87,237,4,55,2,2,0
146,146,0,1,0,1,0,1
499,425,74,4,0,3,1,0
422,164,258,6,30,3,3,0
66,66,0,1,0,1,0,2
60,60,0,1,0,1,0,1
155750,151462,4288,169,215,112,57,0
289,86,203,2,29,1,1,0
1015966,37923,978043,1167,205,468,699,0
166,86,80,2,31,1,1,0
60,60,0,1,0,1,0,1
24682,1935,22747,36,19,17,19,0
312,78,234,2,29,1,1,0
1588,553,1035,10,75,6,4,0
156,156,0,3,7,3,0,0
755531,16955,738576,785,16,265,520,0
271,95,176,4,47,2,2,0
209,110,99,2,30,1,1,0
3498,1872,1626,48,204,24,24,0
70,70,0,1,0,1,0,2
70,70,0,1,0,1,0,2
60,60,0,1,0,1,0,1
8061,1926,6135,24,361,11,13,0
178,94,84,2,30,1,1,0
8592,1152,7440,25,150,13,12,0
66,66,0,1,0,1,0,1
2312,1382,930,19,24,11,8,0
70,70,0,1,0,1,0,2
55844,3452,52392,85,255,38,47,0
66,66,0,1,0,1,0,2
70,70,0,1,0,1,0,2
198,86,112,2,30,1,1,0
70,70,0,1,0,1,0,2
443,182,261,6,30,3,3,0
166,86,80,2,30,1,1,0
5955,728,5227,17,15,8,9,0
66,66,0,1,0,1,0,2
152,78,74,2,30,1,1,0
70,70,0,1,0,1,0,2
70,70,0,1,5,1,0,0
60,60,0,1,0,1,0,1
12796,1635,11161,21,15,8,13,0
66,66,0,1,0,1,0,1
70,70,0,1,0,1,0,2
33357,26315,7042,65,273,38,27,0
9609,3239,6370,25,143,12,13,0
273,134,139,2,30,1,1,0
1024,539,485,10,58,5,5,0
62,62,0,1,0,1,0,1
70,70,0,1,0,1,0,2
168,78,90,2,30,1,1,0
193,102,91,2,30,1,1,0
66,66,0,1,0,1,0,1
70,70,0,1,0,1,0,2
28031,7016,21015,51,45,23,28,0
70,70,0,1,0,1,0,2
3055,1931,1124,16,16,9,7,0
492,306,186,8,15,5,3,0
422,240,182,8,26,5,3,0
66,66,0,1,0,1,0,1
159,159,0,1,0,1,0,1
317215,285998,31217,436,982,244,192,0
62,62,0,1,0,1,0,1
60,60,0,1,0,1,0,1
210,110,100,2,29,1,1,0
123436,6053,117383,165,241,83,82,0
254,128,126,5,15,3,2,0
177,94,83,2,29,1,1,0
62,62,0,1,0,1,0,1
5378,1423,3955,19,49,11,8,0
70,70,0,1,0,1,0,2
70,70,0,1,0,1,0,2
70,70,0,1,0,1,0,2
146,146,0,1,0,1,0,1
146,146,0,1,0,1,0,1
1864,250,1614,8,121,4,4,0
177,94,83,2,30,1,1,0
62,62,0,1,0,1,0,1
62,62,0,1,0,1,0,1
18859,5795,13064,62,3666,28,34,0
70,70,0,1,0,1,0,2
450,246,204,8,142,5,3,0
66,66,0,1,0,1,0,1
146,146,0,1,0,1,0,1
164571,13257,151314,206,19,95,111,0
60,60,0,1,0,1,0,1
70,70,0,1,0,1,0,2
901,126,775,2,30,1,1,0
70,70,0,1,0,1,0,2
70,70,0,1,0,1,0,2
48910,2361,46549,63,135,29,34,0
66,66,0,1,0,1,0,2
200,102,98,2,31,1,1,0
66,66,0,1,0,1,0,1
295475,14093,281382,413,469,162,251,0
62,62,0,1,0,1,0,1
320,140,180,6,6,3,3,0
66,66,0,1,0,1,0,1
70,70,0,1,0,1,0,2
70,70,0,1,0,1,0,2
11463,850,10613,23,25,7,16,0
66,66,0,1,0,1,0,1
70,70,0,1,0,1,0,2
267,94,173,4,56,2,2,0
62,62,0,1,0,1,0,1
62,62,0,1,0,1,0,1
4308,1658,2650,14,16,7,7,0
66,66,0,1,0,1,0,2
66,66,0,1,0,1,0,2
3562,1936,1626,48,195,24,24,0
66,66,0,1,0,1,0,2
752,93,659,2,30,1,1,0
66,66,0,1,0,1,0,1
66,66,0,1,0,1,0,1
70,70,0,1,0,1,0,2
3489,636,2853,16,143,7,9,0
472,124,348,4,39,2,2,0
258,107,151,2,30,1,1,0
70,70,0,1,0,1,0,2
168,94,74,2,30,1,1,0
200,102,98,2,30,1,1,0
200,102,98,2,29,1,1,0
66,66,0,1,0,1,0,2
258,102,156,2,30,1,1,0
60,60,0,1,0,1,0,1
66,66,0,1,0,1,0,1
1160457,45088,1115369,1320,315,518,802,0
355,96,259,4,38,2,2,0
70,70,0,1,0,1,0,2
29781,5947,23834,63,47,32,31,0
10457,3150,7307,25,217,13,12,0
300,100,200,4,44,2,2,0
4401,1494,2907,19,29,11,8,0
66,66,0,1,0,1,0,1
62,62,0,1,0,1,0,1
199,199,0,1,0,1,0,1
66,66,0,1,0,1,0,2
70,70,0,1,0,1,0,2
183,94,89,2,29,1,1,0
62,62,0,1,0,1,0,1
62,62,0,1,0,1,0,1
10789,5723,5066,36,136,17,19,0
177,94,83,2,30,1,1,0
459089,10521,448568,449,16,141,308,0
492,306,186,8,15,5,3,0
70,70,0,1,0,1,0,2
146,146,0,1,0,1,0,1
7723,2591,5132,23,49,12,11,0
62,62,0,1,0,1,0,1
1328,917,411,10,28,6,4,0
70,70,0,1,0,1,0,2
62,62,0,1,0,1,0,1
66,66,0,1,5,1,0,0
34629391,1109219,33520172,36863,278,12240,24623,0
70,70,0,1,0,1,0,2
70,70,0,1,0,1,0,2
70,70,0,1,0,1,0,2
70,70,0,1,0,1,0,2
70,70,0,1,0,1,0,2
66,66,0,1,0,1,0,2
70,70,0,1,0,1,0,2
62,62,0,1,0,1,0,1
168,78,90,2,30,1,1,0
66,66,0,1,0,1,0,2
66,66,0,1,0,1,0,1
11204,3773,7431,29,132,12,17,0
16296,9143,7153,48,27,26,22,0
196,102,94,2,31,1,1,0
62,62,0,1,0,1,0,1
66,66,0,1,0,1,0,1
2467,1198,1269,22,186,11,11,0
199,94,105,2,30,1,1,0
546,300,246,10,25,6,4,0
27232,3841,23391,42,38,17,25,0
66,66,0,1,0,1,0,2
70,70,0,1,4,1,0,0
66,66,0,1,0,1,0,1
62,62,0,1,0,1,0,1
176,90,86,2,30,1,1,0
8805,1300,7505,23,30,12,11,0
1829,755,1074,10,15,6,4,0
711,87,624,2,30,1,1,0
711,87,624,2,30,1,1,0
7889,1900,5989,20,15,11,9,0
62,62,0,1,0,1,0,1
212,102,110,2,30,1,1,0
199,94,105,2,30,1,1,0
177,94,83,2,30,1,1,0
66,66,0,1,0,1,0,2
66,66,0,1,0,1,0,2
41269,2915,38354,62,33,32,30,0
70,70,0,1,0,1,0,2
354,90,264,4,50,2,2,0
178,94,84,2,30,1,1,0
62,62,0,1,0,1,0,1
832,832,0,14,96,14,0,0
1373,734,639,17,125,10,7,0
70,70,0,1,0,1,0,2
62,62,0,1,0,1,0,1
190,97,93,2,31,1,1,0
70,70,0,1,0,1,0,2
62,62,0,1,0,1,0,1
70,70,0,1,0,1,0,2
183,94,89,2,30,1,1,0
262,102,160,2,29,1,1,0
1634,126,1508,4,30,2,2,0
60,60,0,1,0,1,0,1
70,70,0,1,5,1,0,0
9582,2201,7381,28,99,14,14,0
70,70,0,1,5,1,0,0
314,192,122,6,15,4,2,0
66,66,0,1,0,1,0,1
177,94,83,2,30,1,1,0
198,101,97,2,30,1,1,0
66,66,0,1,0,1,0,1
758,93,665,2,31,1,1,0
5614,733,4881,16,15,9,7,0
165,86,79,2,30,1,1,0
117381,60398,56983,518,4126,256,262,0
70,70,0,1,0,1,0,2
66,66,0,1,0,1,0,1
312,96,216,4,35,2,2,0
62,62,0,1,0,1,0,1
821,102,719,2,29,1,1,0
198,101,97,2,31,1,1,0
66,66,0,1,0,1,0,1
66,66,0,1,0,1,0,2
4520,1613,2907,19,26,11,8,0
62,62,0,1,0,1,0,1
350,210,140,6,26,4,2,0
177,94,83,2,31,1,1,0
70,70,0,1,0,1,0,2
398,255,143,3,33,2,1,0
198,101,97,2,30,1,1,0
1501,958,543,10,323,6,4,0
1404,697,707,17,121,8,9,0
62,62,0,1,0,1,0,1
6407,984,5423,21,360,11,10,0
70,70,0,1,0,1,0,2
6240,4510,1730,40,131,22,18,0
70,70,0,1,0,1,0,2
66,66,0,1,0,1,0,2
194,86,108,2,29,1,1,0
7626,1741,5885,35,256,17,18,0
438,180,258,6,30,3,3,0
9875,3479,6396,29,46,17,12,0
300,90,210,2,30,1,1,0
678,492,186,10,18,7,3,0
70,70,0,1,0,1,0,2
331,331,0,1,0,1,0,1
66,66,0,1,0,1,0,2
70,70,0,1,0,1,0,2
70,70,0,1,0,1,0,2
18009,7378,10631,58,62,33,25,0
70,70,0,1,0,1,0,2
70,70,0,1,0,1,0,2
2614,1689,925,18,23,10,8,0
148,148,0,1,0,1,0,1
177,94,83,2,30,1,1,0
29896,14149,15747,61,209,35,26,0
184,94,90,2,30,1,1,0
168,86,82,2,30,1,1,0
66,66,0,1,0,1,0,1
220,90,130,2,30,1,1,0
8670,2248,6422,36,90,21,15,0
70,70,0,1,0,1,0,2
422,164,258,6,30,3,3,0
185560,47806,137754,421,295,217,204,0
183,94,89,2,30,1,1,0
66,66,0,1,0,1,0,1
1583877,43930,1539947,1405,93,297,1108,0
66,66,0,1,0,1,0,2
66,66,0,1,0,1,0,2
40820,4400,36420,81,81,42,39,0
177,94,83,2,29,1,1,0
70,70,0,2,8,2,0,0
70,70,0,1,0,1,0,2
62,62,0,1,0,1,0,1
760,97,663,2,30,1,1,0
60,60,0,1,0,1,0,1
62,62,0,1,0,1,0,1
66,66,0,1,0,1,0,2
70,70,0,2,8,2,0,0
600,156,444,8,25,2,6,0
14696,5947,8749,53,115,26,27,0
70,70,0,1,0,1,0,2
3049,988,2061,14,135,7,7,0
66,66,0,1,0,1,0,1
66,66,0,1,0,1,0,1
168,78,90,2,29,1,1,0
130,70,60,2,5,1,1,0
66,66,0,1,0,1,0,2
168,78,90,2,30,1,1,0
62,62,0,1,0,1,0,1
70,70,0,1,0,1,0,2
821,102,719,2,30,1,1,0
195,102,93,2,31,1,1,0
7694,3364,4330,21,123,11,10,0
145,145,0,1,0,1,0,1
260,102,158,2,31,1,1,0
70,70,0,1,0,1,0,2
66,66,0,1,0,1,0,2
66,66,0,1,0,1,0,1
70,70,0,1,5,1,0,0
346,346,0,1,0,1,0,1
184,94,90,2,30,1,1,0
102,102,0,1,60,1,0,0
70,70,0,1,0,1,0,2
4886,1530,3356,17,17,10,7,0
4253,726,3527,13,15,7,6,0
66,66,0,1,0,1,0,1
924,924,0,3,29,3,0,0
70,70,0,1,0,1,0,2
196,102,94,2,30,1,1,0
31065,6730,24335,68,18,37,31,0
246733,5745,240988,246,144,80,166,0
66,66,0,1,0,1,0,1
66,66,0,1,0,1,0,1
62,62,0,1,0,1,0,1
62,62,0,1,0,1,0,1
7876,3195,4681,22,20,11,11,0
66,66,0,1,0,1,0,1
711,87,624,2,30,1,1,0
62,62,0,1,0,1,0,1
499,425,74,4,0,3,1,0
933,933,0,1,0,1,0,1
193,102,91,2,30,1,1,0
156,156,0,2,0,2,0,1
70,70,0,1,0,1,0,2
62,62,0,1,0,1,0,1
62,62,0,1,0,1,0,1
66,66,0,1,0,1,0,2
62,62,0,1,0,1,0,1
4649,2114,2535,11,120,6,5,0
70,70,0,1,0,1,0,2
62,62,0,1,0,1,0,1
66,66,0,1,0,1,0,1
46743,4890,41853,69,23,35,34,0
70,70,0,1,5,1,0,0
146374,13143,133231,238,131,116,122,0
66,66,0,1,0,1,0,2
70,70,0,1,0,1,0,2
70,70,0,1,0,1,0,2
66,66,0,1,0,1,0,1
8590,1987,6603,23,86,12,11,0
140,140,0,1,30,1,0,0
1915,1466,449,10,20,6,4,0
454,262,192,8,25,5,3,0
177,94,83,2,30,1,1,0
66,66,0,1,0,1,0,1
7174,4658,2516,18,121,10,8,0
70,70,0,1,0,1,0,2
9323,3144,6179,24,130,14,10,0
70,70,0,1,0,1,0,2
2342,1341,1001,15,19,8,7,0
15013,10159,4854,34,46,19,15,0
512,187,325,6,58,3,3,0
74,74,0,1,0,1,0,1
166,86,80,2,30,1,1,0
66,66,0,1,0,1,0,1
70,70,0,1,0,1,0,2
66,66,0,1,0,1,0,1
70,70,0,1,0,1,0,2
70,70,0,1,0,1,0,2
1440,956,484,15,35,8,7,0
62,62,0,1,0,1,0,1
193,102,91,2,30,1,1,0
168,78,90,2,30,1,1,0
293,102,191,2,29,1,1,0
13974,3774,10200,29,120,12,17,0
216,110,106,2,30,1,1,0
9079,3570,5509,68,152,34,34,0
199,102,97,2,29,1,1,0
218,78,140,2,31,1,1,0
177,94,83,2,30,1,1,0
11771,2624,9147,50,19,25,25,0
302,120,182,6,28,3,3,0
66,66,0,1,0,1,0,2
210,110,100,2,30,1,1,0
62,62,0,1,0,1,0,1
168,78,90,2,30,1,1,0
4594,1687,2907,19,30,11,8,0
70,70,0,2,8,2,0,0
70,70,0,1,0,1,0,2
211,110,101,2,30,1,1,0
173,94,79,2,30,1,1,0
177,94,83,2,29,1,1,0
4073,2039,2034,14,135,7,7,0
4579,1672,2907,19,29,11,8,0
855,126,729,2,30,1,1,0
766,248,518,4,1200,2,2,0
469,403,66,4,0,3,1,0
378,180,198,7,54,4,3,0
4626083,113708,4512375,4382,213,1198,3184,0
70,70,0,1,0,1,0,2
9754,4277,5477,27,330,14,13,0
189,102,87,2,30,1,1,0
10553,2117,8436,24,46,12,12,0
66,66,0,1,0,1,0,2
5407,2160,3247,22,38,13,9,0
101477,1626,99851,93,15,23,70,0
70,70,0,1,0,1,0,2
208,60,148,4,11,2,2,0
82,82,0,1,31,1,0,0
1786,172,1614,7,119,3,4,0
70,70,0,2,8,2,0,0
1894,1520,374,15,15,9,6,0
70,70,0,1,5,1,0,0
180,94,86,2,30,1,1,0
66,66,0,1,0,1,0,2
1864,250,1614,8,120,4,4,0
62,62,0,1,0,1,0,1
199,102,97,2,30,1,1,0
1151,711,440,10,15,5,5,0
70,70,0,1,0,1,0,2
3179,863,2316,13,57,7,6,0
70,70,0,1,0,1,0,2
754,94,660,2,29,1,1,0
62,62,0,1,0,1,0,1
6337,947,5390,15,17,8,7,0
212,102,110,2,31,1,1,0
62,62,0,1,0,1,0,1
179,94,85,2,30,1,1,0
66,66,0,1,0,1,0,2
210,94,116,2,30,1,1,0
70,70,0,1,0,1,0,2
318,192,126,6,26,4,2,0
66,66,0,1,0,1,0,2
184,94,90,2,30,1,1,0
62,62,0,1,0,1,0,1
216,110,106,2,31,1,1,0
60,60,0,1,0,1,0,1
70,70,0,1,0,1,0,2
62,62,0,1,0,1,0,1
66,66,0,1,0,1,0,1
243,86,157,2,30,1,1,0
231,90,141,2,31,1,1,0
70,70,0,1,0,1,0,2
70,70,0,1,0,1,0,2
718,94,624,2,30,1,1,0
60,60,0,1,0,1,0,1
70,70,0,1,0,1,0,2
11617,4358,7259,48,86,26,22,0
2614,1689,925,18,20,10,8,0
70,70,0,1,5,1,0,0
26821,4295,22526,95,5045,40,55,0
221,75,146,2,30,1,1,0
59858,24345,35513,148,612,78,70,0
199,94,105,2,29,1,1,0
6131,1960,4171,18,15,10,8,0
3354,1792,1562,46,193,23,23,0
70,70,0,1,0,1,0,1
184,94,90,2,30,1,1,0
10029,8683,1346,20,36,11,9,0
7973,4166,3807,28,141,14,14,0
70,70,0,1,0,1,0,2
66,66,0,1,0,1,0,1
62,62,0,1,0,1,0,1
184,94,90,2,31,1,1,0
66,66,0,1,0,1,0,2
183,94,89,2,30,1,1,0
216,110,106,2,30,1,1,0
66,66,0,1,0,1,0,2
206,84,122,4,31,2,2,0
66,66,0,1,0,1,0,1
60,60,0,1,0,1,0,1
156,156,0,2,0,2,0,1
199,199,0,1,0,1,0,1
70,70,0,1,0,1,0,2
417,78,339,2,30,1,1,0
40273,3243,37030,60,77,28,32,0
70,70,0,1,5,1,0,0
70,70,0,1,0,1,0,2
78,78,0,1,4,1,0,0
66,66,0,1,5,1,0,0
15997,3015,12982,31,18,16,15,0
66,66,0,1,0,1,0,1
811,671,140,6,32,4,2,0
78,78,0,1,0,1,0,1
198,101,97,2,31,1,1,0
199,102,97,2,30,1,1,0
83,83,0,1,0,1,0,1
5196,1875,3321,45,5922,12,33,0
298,101,197,4,31,2,2,0
612,114,498,4,52,2,2,0
62,62,0,1,0,1,0,1
62,62,0,1,0,1,0,1
168,86,82,2,29,1,1,0
328838,76878,251960,449,243,185,264,0
70,70,0,1,0,1,0,2
70,70,0,1,0,1,0,2
1729,985,744,16,16,9,7,0
754,94,660,2,31,1,1,0
146,146,0,1,0,1,0,1
145,145,0,1,0,1,0,1
66,66,0,1,0,1,0,1
168,78,90,2,30,1,1,0
4478,1133,3345,13,35,8,5,0
70,70,0,1,0,1,0,2
320,140,180,6,7,3,3,0
70,70,0,1,0,1,0,2
4578,1671,2907,19,28,11,8,0
198,101,97,2,30,1,1,0
66,66,0,1,0,1,0,1
62,62,0,1,0,1,0,1
210,110,100,2,29,1,1,0
70,70,0,1,0,1,0,2
60,60,0,1,0,1,0,1
60,60,0,1,0,1,0,1
70,70,0,1,0,1,0,2
62,62,0,1,0,1,0,1
62,62,0,1,0,1,0,1
62,62,0,1,0,1,0,1
178,94,84,2,31,1,1,0
200,102,98,2,30,1,1,0
60,60,0,1,0,1,0,1
70,70,0,1,0,1,0,2
360,93,267,3,37,2,1,0
66,66,0,1,0,1,0,1
168,78,90,2,30,1,1,0
1485,940,545,13,57,7,6,0
70,70,0,2,8,2,0,0
62,62,0,1,0,1,0,1
62,62,0,1,0,1,0,1
66,66,0,1,5,1,0,0
70,70,0,1,0,1,0,2
6057,1038,5019,20,56,11,9,0
66,66,0,1,0,1,0,2
3596,2562,1034,14,151,8,6,0
70,70,0,1,0,1,0,2
70,70,0,1,0,1,0,2
199,102,97,2,30,1,1,0
70,70,0,1,0,1,0,2
344,126,218,2,30,1,1,0
177,94,83,2,30,1,1,0
195,102,93,2,30,1,1,0
300,102,198,4,40,2,2,0
66,66,0,1,0,1,0,1
233,90,143,2,32,1,1,0
70,70,0,1,0,1,0,2
62,62,0,1,0,1,0,1
62,62,0,1,0,1,0,1
12641,5741,6900,26,362,12,14,0
66,66,0,1,0,1,0,1
174,89,85,2,31,1,1,0
913,126,787,2,31,1,1,0
268,95,173,4,47,2,2,0
66,66,0,1,0,1,0,1
26914,4119,22795,85,539,41,44,0
66,66,0,1,0,1,0,2
8318,2068,6250,32,270,16,16,0
201217,15748,185469,327,207,163,164,0
166,85,81,2,31,1,1,0
56634,10853,45781,76,175,34,42,0
5776,1079,4697,15,52,8,7,0
70,70,0,1,0,1,0,2
8944,4006,4938,31,16,18,13,0
2907,1637,1270,20,364,11,9,0
40906,1105,39801,45,142,13,32,0
258,110,148,2,29,1,1,0
7965,4044,3921,63,464,30,33,0
322,110,212,4,31,2,2,0
66,66,0,1,0,1,0,2
863998,37140,826858,1072,61,479,593,0
1550,1130,420,15,25,9,6,0
70,70,0,1,0,1,0,2
70,70,0,1,0,1,0,2
197,102,95,2,30,1,1,0
1149,709,440,13,39,8,5,0
60,60,0,1,0,1,0,1
62,62,0,1,0,1,0,1
190,97,93,2,31,1,1,0
66,66,0,1,0,1,0,2
70,70,0,2,8,2,0,0
8365,3018,5347,31,271,15,16,0
199,94,105,2,30,1,1,0
286,102,184,4,45,2,2,0
45001,3799,41202,74,331,35,39,0
808,110,698,2,30,1,1,0
172,88,84,2,31,1,1,0
74,74,0,1,0,1,0,1
66,66,0,1,5,1,0,0
274,150,124,4,61,2,2,0
66,66,0,1,0,1,0,2
199,102,97,2,30,1,1,0
479,150,329,2,1199,1,1,0
182945,23135,159810,191,111,63,128,0
212,98,114,2,30,1,1,0
199,94,105,2,30,1,1,0
1340,760,580,14,39,8,6,0
70,70,0,1,5,1,0,0
11873,7787,4086,32,16,17,15,0
146,146,0,1,0,1,0,1
70,70,0,1,0,1,0,2
66,66,0,1,0,1,0,2
74,74,0,1,0,1,0,1
194,87,107,2,30,1,1,0
66,66,0,1,0,1,0,2
70,70,0,1,0,1,0,2
122293139,3727246,118565893,125460,331,39649,85811,0
16378,3002,13376,35,17,17,18,0
178,94,84,2,30,1,1,0
66,66,0,1,0,1,0,1
770,102,668,2,31,1,1,0
338,110,228,2,30,1,1,0
4135,2587,1548,10,89,7,3,0
5807,2168,3639,17,135,8,9,0
77395,64623,12772,206,188,116,90,0
760,97,663,2,31,1,1,0
70,70,0,1,0,1,0,2
29861,6027,23834,65,37,34,31,0
194,102,92,2,29,1,1,0
66,66,0,1,0,1,0,1
156726,8626,148100,206,32,104,102,0
202,95,107,2,31,1,1,0
70,70,0,1,0,1,0,2
66,66,0,1,0,1,0,2
130,70,60,2,4,1,1,0
210,78,132,2,29,1,1,0
70,70,0,1,0,1,0,2
130,70,60,2,14,1,1,0
772,100,672,2,31,1,1,0
248,78,170,2,30,1,1,0
145,145,0,1,0,1,0,1
711,87,624,2,31,1,1,0
197,102,95,2,29,1,1,0
308,110,198,2,29,1,1,0
265114,13651,251463,346,76,161,185,0
559,198,361,5,1200,4,1,0
9107,2253,6854,22,185,11,11,0
86,86,0,1,30,1,0,0
70,70,0,1,0,1,0,2
215,94,121,2,30,1,1,0
2141,1270,871,18,130,10,8,0
70,70,0,1,0,1,0,2
416,210,206,7,35,4,3,0
5903,1270,4633,14,17,8,6,0
441892,86941,354951,716,73,343,373,0
66,66,0,1,0,1,0,1
62,62,0,1,0,1,0,1
494,280,214,8,29,5,3,0
66,66,0,1,0,1,0,1
792,792,0,13,1200,13,0,0
66,66,0,1,0,1,0,1
78,78,0,1,30,1,0,0
62,62,0,1,0,1,0,1
161,161,0,1,0,1,0,1
70,70,0,1,0,1,0,2
229,110,119,2,30,1,1,0
19356,2148,17208,34,112,17,17,0
66,66,0,1,0,1,0,1
70,70,0,1,0,1,0,2
497663,22937,474726,585,38,245,340,0
66,66,0,1,0,1,0,2
66,66,0,1,0,1,0,2
66,66,0,1,0,1,0,2
184,94,90,2,30,1,1,0
628,250,378,11,39,5,6,0
66,66,0,1,0,1,0,2
62,62,0,1,0,1,0,1
66,66,0,1,0,1,0,2
7205,2250,4955,16,120,7,9,0
70,70,0,1,0,1,0,2
348,102,246,4,39,2,2,0
62,62,0,1,0,1,0,1
60,60,0,1,0,1,0,1
7888,1899,5989,20,15,11,9,0
869,126,743,2,30,1,1,0
70,70,0,1,0,1,0,2
184,102,82,2,30,1,1,0
148,148,0,1,0,1,0,3
66,66,0,1,0,1,0,2
66,66,0,1,0,1,0,2
12767,8343,4424,31,122,17,14,0
49826,37097,12729,66,163,40,26,0
177,94,83,2,30,1,1,0
66,66,0,1,0,1,0,1
184,94,90,2,30,1,1,0
145,145,0,1,0,1,0,1
8084,2638,5446,26,20,14,12,0
66,66,0,1,0,1,0,1
60,60,0,1,0,1,0,1
66,66,0,1,0,1,0,2
70,70,0,2,8,2,0,0
16101,4026,12075,35,38,16,19,0
60,60,0,1,0,1,0,1
70,70,0,2,7,2,0,0
183,94,89,2,30,1,1,0
216,110,106,2,30,1,1,0
66,66,0,1,0,1,0,2
146,146,0,1,0,1,0,1
70,70,0,1,0,1,0,2
66,66,0,1,0,1,0,2
193,102,91,2,31,1,1,0
66,66,0,1,0,1,0,1
167,86,81,2,29,1,1,0
200,102,98,2,30,1,1,0
3041,1995,1046,17,16,8,9,0
66,66,0,1,0,1,0,1
168,86,82,2,31,1,1,0
70,70,0,1,0,1,0,2
3948,1290,2658,13,120,6,7,0
9167,2205,6962,37,120,19,18,0
168,78,90,2,30,1,1,0
62,62,0,1,0,1,0,1
194,102,92,2,30,1,1,0
70,70,0,1,0,1,0,2
60,60,0,1,0,1,0,1
1634,126,1508,4,31,2,2,0
66,66,0,1,0,1,0,2
33072,3959,29113,40,46,14,26,0
25302,1733,23569,35,121,16,19,0
822,102,720,2,29,1,1,0
152,78,74,2,30,1,1,0
66,66,0,1,0,1,0,1
60,60,0,1,0,1,0,1
66,66,0,1,0,1,0,1
4263,2019,2244,14,136,7,7,0
306,120,186,6,23,3,3,0
66,66,0,1,0,1,0,1
70,70,0,1,0,1,0,2
86,86,0,2,31,2,0,0
735,462,273,2,29,1,1,0
183,94,89,2,31,1,1,0
62,62,0,1,0,1,0,1
66,66,0,1,0,1,0,1
62,62,0,1,0,1,0,1
216,110,106,2,30,1,1,0
62,62,0,1,0,1,0,1
146,146,0,1,0,1,0,1
10619,3257,7362,29,361,13,16,0
70,70,0,1,0,1,0,2
66,66,0,1,0,1,0,2
1052,612,440,10,15,5,5,0
8219,2676,5543,40,15,24,16,0
66,66,0,1,0,1,0,1
146,146,0,1,0,1,0,1
62,62,0,1,0,1,0,1
62,62,0,1,0,1,0,1
14680,6119,8561,35,152,16,19,0
62,62,0,1,0,1,0,1
868,514,354,13,18,8,5,0
168,86,82,2,30,1,1,0
8814,1579,7235,24,41,12,12,0
66,66,0,1,0,1,0,1
6179,3326,2853,26,186,12,14,0
60,60,0,1,0,1,0,1
164,164,0,1,0,1,0,1
62,62,0,1,0,1,0,1
266,110,156,2,30,1,1,0
70,70,0,1,0,1,0,2
248,102,146,2,30,1,1,0
70,70,0,1,5,1,0,0
858,858,0,14,1200,14,0,0
81954,13611,68343,174,34,79,95,0
168,82,86,2,30,1,1,0
177,94,83,2,30,1,1,0
1220,659,561,13,120,7,6,0
66,66,0,2,8,2,0,0
209,77,132,2,32,1,1,0
70,70,0,2,7,2,0,0
6353,1075,5278,18,26,10,8,0
733,85,648,2,31,1,1,0
271,95,176,4,47,2,2,0
66,66,0,1,0,1,0,2
230,94,136,2,30,1,1,0
66,66,0,1,0,1,0,1
66,66,0,1,0,1,0,2
652,83,569,4,31,2,2,0
78,78,0,1,0,1,0,1
148,148,0,1,0,1,0,1
182,93,89,2,31,1,1,0
66,66,0,1,0,1,0,2
1579,988,591,13,45,7,6,0
15705,3421,12284,53,360,23,30,0
81504,6111,75393,108,20,53,55,0
82,82,0,2,40,2,0,0
146,146,0,1,0,1,0,1
1548,847,701,10,16,5,5,0
62,62,0,1,0,1,0,1
9303,3133,6170,26,22,13,13,0
170,87,83,2,31,1,1,0
70,70,0,1,0,1,0,2
62,62,0,1,0,1,0,1
158,158,0,1,1200,1,0,0
499,425,74,4,0,3,1,0
2007,1152,855,14,15,8,6,0
66,66,0,1,0,1,0,1
211,102,109,2,30,1,1,0
3910,1805,2105,20,18,12,8,0
212,108,104,2,31,1,1,0
70,70,0,1,0,1,0,2
94,94,0,1,30,1,0,0
70,70,0,2,8,2,0,0
2016,1160,856,17,46,9,8,0
200,102,98,2,0,1,1,0
199,102,97,2,29,1,1,0
70,70,0,1,0,1,0,2
1092898,42451,1050447,1213,155,423,790,0
62,62,0,1,0,1,0,1
168,86,82,2,30,1,1,0
66,66,0,1,0,1,0,1
296,94,202,2,29,1,1,0
62,62,0,1,0,1,0,1
70,70,0,1,0,1,0,2
166,86,80,2,31,1,1,0
531,188,343,6,58,3,3,0
99,99,0,1,31,1,0,0
3191,2313,878,17,44,10,7,0
66,66,0,1,0,1,0,2
66,66,0,1,0,1,0,1
10470,3626,6844,20,131,9,11,0
756,95,661,2,30,1,1,0
662,448,214,10,15,7,3,0
70,70,0,1,0,1,0,2
70,70,0,1,5,1,0,0
193,102,91,2,30,1,1,0
66,66,0,1,0,1,0,1
594,594,0,1,0,1,0,1
209,102,107,2,31,1,1,0
148,148,0,1,0,1,0,1
101899,20048,81851,132,62,67,65,0
70,70,0,1,0,1,0,2
70,70,0,1,0,1,0,2
70,70,0,1,0,1,0,2
78,78,0,1,5,1,0,0
66,66,0,1,0,1,0,1
70,70,0,1,0,1,0,2
174,89,85,2,31,1,1,0
198,89,109,2,30,1,1,0
290,102,188,2,30,1,1,0
499,425,74,4,0,3,1,0
2449,1794,655,17,31,10,7,0
199,90,109,2,30,1,1,0
66,66,0,1,0,1,0,1
960,539,421,9,36,5,4,0
184,102,82,2,30,1,1,0
260,86,174,2,30,1,1,0
5691,503,5188,14,15,7,7,0
70,70,0,2,8,2,0,0
711,87,624,2,30,1,1,0
70,70,0,1,0,1,0,2
70,70,0,1,0,1,0,2
62,62,0,1,0,1,0,1
900,126,774,2,30,1,1,0
166,85,81,2,31,1,1,0
194,102,92,2,29,1,1,0
134,60,74,3,10,2,1,0
21915,3929,17986,40,31,23,17,0
66,66,0,1,0,1,0,1
130,70,60,2,15,1,1,0
168,78,90,2,30,1,1,0
8954,2755,6199,23,143,10,13,0
146,146,0,1,0,1,0,1
66,66,0,1,0,1,0,2
66,66,0,1,0,1,0,2
7941,1952,5989,20,15,11,9,0
78,78,0,1,4,1,0,0
585,585,0,1,0,1,0,1
330,330,0,6,3610,6,0,0
358,94,264,4,45,2,2,0
193,102,91,2,30,1,1,0
62,62,0,1,0,1,0,1
308,97,211,4,45,2,2,0
177,94,83,2,29,1,1,0
7718,1947,5771,25,46,14,11,0
62,62,0,1,0,1,0,1
194,102,92,2,30,1,1,0
355358,10960,344398,369,16,131,238,0
62,62,0,1,0,1,0,1
198,93,105,2,31,1,1,0
146,146,0,1,0,1,0,1
70,70,0,1,0,1,0,2
70,70,0,1,0,1,0,2
70,70,0,1,0,1,0,2
211,102,109,2,30,1,1,0
69339,4124,65215,96,22,45,51,0
402,132,270,6,1209,3,3,0
66,66,0,1,0,1,0,1
491,491,0,1,0,1,0,1
60,60,0,1,0,1,0,1
70,70,0,1,0,1,0,2
8167,2671,5496,22,69,11,11,0
70,70,0,1,0,1,0,2
247,98,149,2,33,1,1,0
499,425,74,4,0,3,1,0
168,78,90,2,30,1,1,0
70,70,0,1,0,1,0,2
66,66,0,1,0,1,0,2
5583,1567,4016,16,85,9,7,0
66,66,0,1,0,1,0,2
196,94,102,2,30,1,1,0
62,62,0,1,0,1,0,1
258,70,188,4,8,2,2,0
62,62,0,1,0,1,0,1
4534,909,3625,16,32,8,8,0
2913,1752,1161,15,15,9,6,0
70,70,0,1,0,1,0,2
4530,3395,1135,15,32,8,7,0
62,62,0,1,0,1,0,1
156876,7015,149861,158,28,49,109,0
318,192,126,6,42,4,2,0
292,172,120,4,15,2,2,0
214,110,104,2,30,1,1,0
197,102,95,2,31,1,1,0
184,94,90,2,30,1,1,0
78,78,0,1,30,1,0,0
66,66,0,1,0,1,0,2
66,66,0,1,0,1,0,2
5901,1324,4577,25,50,14,11,0
202,83,119,2,30,1,1,0
167,86,81,2,29,1,1,0
260,78,182,2,30,1,1,0
1288,496,792,8,43,5,3,0
66,66,0,1,0,1,0,1
220,100,120,2,31,1,1,0
366,240,126,7,20,5,2,0
393,110,283,2,30,1,1,0
211,102,109,2,30,1,1,0
211,80,131,2,30,1,1,0
134,60,74,3,11,2,1,0
66,66,0,1,0,1,0,2
62,62,0,1,0,1,0,1
148,148,0,1,0,1,0,1
246,102,144,2,30,1,1,0
2122,1018,1104,13,41,7,6,0
233,90,143,2,32,1,1,0
94,94,0,1,30,1,0,0
70,70,0,1,5,1,0,0
268,89,179,4,45,2,2,0
62,62,0,1,0,1,0,1
2414,639,1775,9,121,5,4,0
70,70,0,1,0,1,0,2
66,66,0,1,0,1,0,1
66,66,0,1,0,1,0,1
66,66,0,1,0,1,0,2
195229,13204,182025,270,124,102,168,0
277848,13775,264073,301,63,118,183,0
177,94,83,2,30,1,1,0
4693,1786,2907,19,27,11,8,0
62,62,0,1,0,1,0,1
60,60,0,1,0,1,0,1
184,86,98,2,30,1,1,0
202,70,132,3,11,1,2,0
62,62,0,1,0,1,0,1
14431,2090,12341,42,142,20,22,0
70,70,0,1,0,1,0,2
146,146,0,1,0,1,0,1
70,70,0,1,0,1,0,2
15769,1619,14150,17,138,4,13,0
66,66,0,1,0,1,0,2
66,66,0,1,0,1,0,1
70,70,0,1,0,1,0,2
62,62,0,1,0,1,0,1
62,62,0,1,0,1,0,1
1469,702,767,20,120,10,10,0
552,306,246,9,15,5,4,0
62,62,0,1,0,1,0,1
62,62,0,1,0,1,0,1
7672,1164,6508,24,30,12,12,0
167,86,81,2,30,1,1,0
183,94,89,2,29,1,1,0
70,70,0,1,5,1,0,0
71256,962,70294,63,52,11,52,0
62,62,0,1,0,1,0,1
70,70,0,1,0,1,0,2
60,60,0,1,0,1,0,1
320,140,180,6,6,3,3,0
62,62,0,1,0,1,0,1
5879,870,5009,18,53,9,9,0
62,62,0,1,0,1,0,1
481,150,331,2,1200,1,1,0
70,70,0,2,8,2,0,0
66,66,0,1,0,1,0,2
62,62,0,1,0,1,0,1
70,70,0,1,0,1,0,1
183,94,89,2,30,1,1,0
62,62,0,1,0,1,0,1
62,62,0,1,0,1,0,1
66,66,0,1,0,1,0,2
70,70,0,1,0,1,0,2
3079,1895,1184,18,16,10,8,0
70,70,0,1,0,1,0,2
26615,22329,4286,52,272,30,22,0
893,126,767,2,30,1,1,0
3624,1910,1714,19,32,11,8,0
7115,1670,5445,24,35,13,11,0
177,94,83,2,29,1,1,0
62,62,0,1,0,1,0,1
19063941,342071,18721870,17124,384,4119,13005,0
66,66,0,1,0,1,0,2
78,78,0,1,0,1,0,1
211,110,101,2,30,1,1,0
66,66,0,1,0,1,0,1
1038,502,536,16,33,8,8,0
78,78,0,2,8,2,0,0
350,94,256,2,29,1,1,0
5189,2979,2210,19,136,12,7,0
62,62,0,1,0,1,0,1
186,102,84,2,31,1,1,0
70,70,0,1,0,1,0,2
2601,1455,1146,18,15,8,10,0
62,62,0,1,0,1,0,1
70,70,0,1,0,1,0,2
40928,36006,4922,59,16,34,25,0
578,286,292,9,15,5,4,0
66,66,0,1,0,1,0,1
7231,1442,5789,21,30,10,11,0
183,94,89,2,30,1,1,0
194,102,92,2,31,1,1,0
66,66,0,1,0,1,0,2
74,74,0,1,0,1,0,1
154907,10748,144159,217,20,101,116,0
244,98,146,2,34,1,1,0
8006,1986,6020,20,15,11,9,0
200,102,98,2,30,1,1,0
274,87,187,4,30,2,2,0
70,70,0,2,8,2,0,0
197,102,95,2,29,1,1,0
78,78,0,1,0,1,0,1
8840,4151,4689,80,190,41,39,0
60,60,0,1,0,1,0,1
70,70,0,1,0,1,0,2
6470,1931,4539,27,32,14,13,0
5895,728,5167,16,27,8,8,0
222,102,120,2,30,1,1,0
18360,1198,17162,27,25,9,18,0
6625,1673,4952,20,20,10,10,0
70,70,0,1,29,1,0,0
8551,1685,6866,24,170,12,12,0
177,94,83,2,30,1,1,0
62,62,0,1,0,1,0,1
260,140,120,5,8,3,2,0
66,66,0,1,0,1,0,1
940826,59470,881356,1101,190,412,689,0
263,94,169,2,30,1,1,0
70,70,0,1,0,1,0,2
8058,2038,6020,20,15,11,9,0
122959,4611,118348,142,150,51,91,0
66,66,0,1,0,1,0,1
3376,1509,1867,32,83,16,16,0
70,70,0,1,0,1,0,2
66,66,0,1,0,1,0,2
160,160,0,1,0,1,0,1
817,102,715,2,30,1,1,0
71,71,0,1,30,1,0,0
70,70,0,1,0,1,0,2
70,70,0,1,0,1,0,2
2287,1534,753,11,16,6,5,0
70,70,0,1,0,1,0,2
66,66,0,1,0,1,0,2
14484,7411,7073,26,60,15,11,0
70,70,0,1,0,1,0,2
351,103,248,4,46,2,2,0
198,102,96,2,31,1,1,0
183,94,89,2,29,1,1,0
159,159,0,1,0,1,0,1
60,60,0,1,0,1,0,1
70,70,0,1,0,1,0,2
200,102,98,2,30,1,1,0
70,70,0,1,0,1,0,2
7162,1731,5431,29,32,14,15,0
62,62,0,1,0,1,0,1
66,66,0,1,0,1,0,2
3108,1730,1378,16,16,9,7,0
66,66,0,1,0,1,0,1
66,66,0,1,0,1,0,2
70,70,0,1,0,1,0,2
193,102,91,2,29,1,1,0
21686,7655,14031,77,379,40,37,0
70,70,0,1,0,1,0,2
156,156,0,1,0,1,0,1
62,62,0,1,0,1,0,1
145,145,0,1,0,1,0,3
227,110,117,2,29,1,1,0
60,60,0,1,0,1,0,1
4523,3044,1479,17,64,10,7,0
70,70,0,1,0,1,0,2
199,102,97,2,31,1,1,0
30057,13955,16102,146,556,65,81,0
299,103,196,4,33,2,2,0
258,70,188,4,8,2,2,0
924,924,0,3,30,3,0,0
62,62,0,1,0,1,0,1
197,102,95,2,30,1,1,0
66,66,0,1,0,1,0,1
241,78,163,2,30,1,1,0
66,66,0,1,0,1,0,1
62,62,0,1,0,1,0,1
4717,849,3868,15,52,7,8,0
70,70,0,1,0,1,0,2
8960,2778,6182,31,20,16,15,0
66,66,0,1,0,1,0,2
145,145,0,1,0,1,0,1
199,102,97,2,30,1,1,0
78,78,0,1,30,1,0,0
1142,626,516,8,180,5,3,0
66,66,0,1,0,1,0,1
7467,1522,5945,26,16,14,12,0
70,70,0,1,0,1,0,2
215,86,129,2,29,1,1,0
88210,4564,83646,115,46,50,65,0
70,70,0,1,0,1,0,2
168,86,82,2,30,1,1,0
66,66,0,1,0,1,0,1
4334,1427,2907,19,30,11,8,0
217,87,130,2,31,1,1,0
70,70,0,1,0,1,0,2
7313,1684,5629,15,148,8,7,0
70,70,0,1,0,1,0,2
60,60,0,1,0,1,0,1
70,70,0,1,0,1,0,2
177,94,83,2,30,1,1,0
466,392,74,4,0,3,1,0
167,86,81,2,29,1,1,0
60,60,0,1,0,1,0,1
66,66,0,1,0,1,0,1
8593,2221,6372,31,232,17,14,0
208,82,126,2,30,1,1,0
742,140,602,12,409,3,9,0
330,330,0,6,1201,6,0,0
70,70,0,2,7,2,0,0
274,94,180,2,30,1,1,0
66,66,0,1,0,1,0,1
60,60,0,1,0,1,0,1
8107,2200,5907,34,255,16,18,0
66,66,0,1,0,1,0,1
168,78,90,2,29,1,1,0
66,66,0,1,0,1,0,1
60,60,0,1,0,1,0,1
432,192,240,8,30,4,4,0
70,70,0,1,0,1,0,2
193,102,91,2,30,1,1,0
257,106,151,2,30,1,1,0
146,146,0,1,0,1,0,1
7180,4959,2221,34,81,18,16,0
424,198,226,7,141,4,3,0
70,70,0,1,0,1,0,2
149442,8423,141019,177,140,76,101,0
4275,760,3515,15,27,8,7,0
70,70,0,1,0,1,0,2
211,110,101,2,30,1,1,0
256189,15094,241095,316,122,120,196,0
1461,924,537,13,31,7,6,0
74,74,0,1,0,1,0,1
62,62,0,1,0,1,0,1
66,66,0,1,0,1,0,2
70,70,0,1,0,1,0,2
21180,2662,18518,34,17,14,20,0
212,108,104,2,31,1,1,0
62,62,0,1,0,1,0,1
157,157,0,1,0,1,0,1
499,425,74,4,0,3,1,0
255,102,153,2,30,1,1,0
552,306,246,9,15,5,4,0
66,66,0,1,0,1,0,1
66,66,0,1,0,1,0,1
66,66,0,1,0,1,0,2
5841,1986,3855,19,17,11,8,0
66,66,0,1,0,1,0,2
70,70,0,1,0,1,0,2
213,87,126,2,31,1,1,0
66,66,0,1,0,1,0,2
70,70,0,1,0,1,0,2
186882,17018,169864,206,29,84,122,0
490,149,341,2,1200,1,1,0
735,88,647,2,30,1,1,0
70,70,0,1,0,1,0,1
145,145,0,1,0,1,0,1
199,94,105,2,30,1,1,0
78,78,0,1,0,1,0,1
74,74,0,1,0,1,0,1
5415,2041,3374,53,467,23,30,0
60,60,0,1,0,1,0,1
70,70,0,2,8,2,0,0
1669,865,804,13,76,8,5,0
70,70,0,1,0,1,0,2
762,101,661,2,30,1,1,0
211,102,109,2,30,1,1,0
2424,529,1895,11,75,6,5,0
499,425,74,4,0,3,1,0
146,146,0,1,0,1,0,1
193,102,91,2,29,1,1,0
62,62,0,1,0,1,0,1
66,66,0,1,0,1,0,1
70,70,0,2,8,2,0,0
70,70,0,1,0,1,0,2
70,70,0,1,0,1,0,2
70,70,0,1,0,1,0,2
283,101,182,4,39,2,2,0
199,94,105,2,31,1,1,0
763,101,662,2,30,1,1,0
241,94,147,2,29,1,1,0
733,94,639,2,30,1,1,0
62,62,0,1,0,1,0,1
6734,2264,4470,19,16,11,8,0
248,78,170,2,30,1,1,0
193,102,91,2,31,1,1,0
70,70,0,2,8,2,0,0
165,86,79,2,30,1,1,0
184,86,98,2,29,1,1,0
178,94,84,2,30,1,1,0
184,94,90,2,29,1,1,0
889,126,763,2,31,1,1,0
199,102,97,2,30,1,1,0
11002,3445,7557,60,42,26,34,0
70,70,0,1,0,1,0,2
229,110,119,2,30,1,1,0
168,86,82,2,30,1,1,0
8407,3013,5394,43,15,24,19,0
17765,1565,16200,29,16,12,17,0
624,318,306,10,15,5,5,0
170,87,83,2,31,1,1,0
195,102,93,2,30,1,1,0
798,401,397,7,17,5,2,0
199,94,105,2,30,1,1,0
186,102,84,2,29,1,1,0
82,82,0,1,0,1,0,1
1402,856,546,12,34,6,6,0
70,70,0,1,0,1,0,2
150,150,0,1,1200,1,0,0
62,62,0,1,0,1,0,1
66,66,0,1,0,1,0,2
66,66,0,1,0,1,0,1
198,93,105,2,31,1,1,0
60,60,0,1,0,1,0,1
13597,1371,12226,26,323,11,15,0
62,62,0,1,0,1,0,1
60,60,0,1,0,1,0,1
70,70,0,1,0,1,0,2
208,106,102,2,30,1,1,0
70,70,0,1,0,1,0,2
62,62,0,1,0,1,0,1
12433,4515,7918,32,136,17,15,0
178,94,84,2,30,1,1,0
66,66,0,1,5,1,0,0
2503,1457,1046,21,102,10,11,0
62,62,0,1,0,1,0,1
5506,878,4628,16,26,9,7,0
5043,1656,3387,18,205,10,8,0
62,62,0,1,0,1,0,1
8160,2216,5944,22,38,14,8,0
5519,1493,4026,20,121,9,11,0
7105,1924,5181,20,25,10,10,0
3182,1568,1614,8,121,4,4,0
7338,2419,4919,19,23,12,7,0
19149,2846,16303,41,25,20,21,0
289,101,188,4,51,2,2,0
66,66,0,1,0,1,0,1
70,70,0,2,8,2,0,0
66,66,0,1,0,1,0,2
305,102,203,2,29,1,1,0
213,88,125,2,30,1,1,0
499,425,74,4,0,3,1,0
206,105,101,2,31,1,1,0
195,102,93,2,30,1,1,0
262,126,136,2,30,1,1,0
70,70,0,1,0,1,0,2
66,66,0,1,0,1,0,2
1852,1103,749,16,31,9,7,0
351,78,273,2,29,1,1,0
499,425,74,4,0,3,1,0
210,110,100,2,30,1,1,0
70,70,0,1,5,1,0,0
66,66,0,1,0,1,0,1
66,66,0,1,0,1,0,1
70,70,0,1,5,1,0,0
194,102,92,2,31,1,1,0
70,70,0,1,0,1,0,2
70,70,0,1,0,1,0,2
9881,1486,8395,22,200,12,10,0
66,66,0,1,0,1,0,1
66,66,0,1,0,1,0,2
70,70,0,1,0,1,0,2
72,72,0,1,0,1,0,1
199,102,97,2,29,1,1,0
66,66,0,1,0,1,0,1
62,62,0,1,0,1,0,1
232,110,122,2,30,1,1,0
60,60,0,1,0,1,0,1
146,146,0,1,0,1,0,1
66,66,0,1,0,1,0,2
62,62,0,1,0,1,0,1
66,66,0,1,0,1,0,1
66,66,0,1,0,1,0,2
177,94,83,2,29,1,1,0
70,70,0,1,0,1,0,2
66,66,0,1,0,1,0,2
97539,6936,90603,160,597,74,86,0
66,66,0,1,0,1,0,1
164,86,78,2,31,1,1,0
196,94,102,2,29,1,1,0
66,66,0,1,0,1,0,1
11897,6250,5647,27,81,14,13,0
1786,172,1614,7,120,3,4,0
4401,1494,2907,19,29,11,8,0
140258,1720,138538,117,52,18,99,0
19743,2133,17610,32,187,11,21,0
2254,1281,973,17,17,10,7,0
32780,6864,25916,142,345,57,85,0
70,70,0,1,0,1,0,2
244,94,150,2,31,1,1,0
4749,1897,2852,16,124,8,8,0
733,86,647,2,30,1,1,0
1348406,28891,1319515,1247,31,340,907,0
243,94,149,2,30,1,1,0
66,66,0,1,0,1,0,2
62,62,0,1,0,1,0,1
86,86,0,1,30,1,0,0
179,94,85,2,31,1,1,0
8007,1987,6020,20,15,11,9,0
266,110,156,2,30,1,1,0
70,70,0,1,0,1,0,2
7659,3234,4425,35,288,17,18,0
183,94,89,2,30,1,1,0
66,66,0,1,0,1,0,1
62,62,0,1,0,1,0,1
66,66,0,1,0,1,0,2
883,126,757,2,30,1,1,0
70,70,0,1,0,1,0,2
8079,2282,5797,26,17,15,11,0
2426,1540,886,14,23,8,6,0
316,136,180,6,5,3,3,0
66,66,0,1,0,1,0,1
11083,4570,6513,24,35,13,11,0
3277,2255,1022,18,39,10,8,0
161,161,0,1,1200,1,0,0
66,66,0,1,0,1,0,2
66,66,0,1,0,1,0,2
70,70,0,1,4,1,0,0
156,156,0,3,8,3,0,0
62,62,0,1,0,1,0,1
2775,1332,1443,12,34,7,5,0
70,70,0,1,0,1,0,2
753,96,657,2,31,1,1,0
146,146,0,1,0,1,0,1
199,102,97,2,29,1,1,0
177,94,83,2,29,1,1,0
177,94,83,2,30,1,1,0
70,70,0,1,0,1,0,2
7978900,79979,7898921,6464,210,644,5820,0
15746,4302,11444,17,122,5,12,0
164,78,86,2,31,1,1,0
66,66,0,1,0,1,0,2
1842,1134,708,14,315,8,6,0
624,318,306,10,16,5,5,0
197,102,95,2,33,1,1,0
9345,2224,7121,40,112,22,18,0
70,70,0,1,0,1,0,2
70,70,0,2,7,2,0,0
62,62,0,1,0,1,0,1
66,66,0,1,0,1,0,1
62,62,0,1,0,1,0,1
210,110,100,2,30,1,1,0
66,66,0,1,0,1,0,1
213,79,134,2,32,1,1,0
57706,2486,55220,67,65,23,44,0
170,110,60,2,5,1,1,0
2548,1257,1291,15,416,8,7,0
3706,2125,1581,18,33,10,8,0
66,66,0,1,0,1,0,1
1989,1183,806,16,94,9,7,0
62,62,0,1,0,1,0,1
96,96,0,2,31,2,0,0
552,280,272,9,16,5,4,0
62,62,0,1,0,1,0,1
70,70,0,1,0,1,0,2
60,60,0,1,0,1,0,1
318,192,126,6,30,4,2,0
70,70,0,1,0,1,0,2
1198,716,482,12,98,7,5,0
88,88,0,1,31,1,0,0
62,62,0,1,0,1,0,1
70,70,0,1,0,1,0,2
2821387,64706,2756681,2277,183,418,1859,0
70,70,0,1,0,1,0,2
197239,6098,191141,213,170,75,138,0
212,102,110,2,30,1,1,0
197,102,95,2,30,1,1,0
380,86,294,2,30,1,1,0
177,94,83,2,30,1,1,0
7975,423,7552,15,120,6,9,0
318,192,126,6,26,4,2,0
60,60,0,1,0,1,0,1
66,66,0,2,8,2,0,0
177,94,83,2,31,1,1,0
242,78,164,2,30,1,1,0
66,66,0,1,0,1,0,1
66,66,0,1,0,1,0,2
6611,4273,2338,22,17,11,11,0
180,94,86,2,35,1,1,0
70,70,0,1,0,1,0,2
230,102,128,2,30,1,1,0
62,62,0,1,0,1,0,1
5493,2246,3247,22,39,13,9,0
8804,1597,7207,25,50,14,11,0
130,70,60,2,5,1,1,0
432,192,240,8,30,4,4,0
728,96,632,2,30,1,1,0
9193,6294,2899,27,121,14,13,0
210,110,100,2,30,1,1,0
70,70,0,1,0,1,0,2
193,102,91,2,30,1,1,0
62,62,0,1,0,1,0,1
196,102,94,2,30,1,1,0
234,234,0,4,11,4,0,0
70,70,0,1,5,1,0,0
182,93,89,2,30,1,1,0
62,62,0,1,0,1,0,1
60,60,0,1,0,1,0,1
183,94,89,2,30,1,1,0
66,66,0,1,0,1,0,1
66,66,0,1,0,1,0,1
4801,2506,2295,12,121,6,6,0
82082,3212,78870,90,155,27,63,0
66,66,0,1,0,1,0,1
1056,682,374,10,15,6,4,0
168,86,82,2,31,1,1,0
711,87,624,2,30,1,1,0
184,94,90,2,30,1,1,0
66,66,0,1,0,1,0,2
197,90,107,2,29,1,1,0
11226,3029,8197,36,55,18,18,0
177,94,83,2,30,1,1,0
14634,1801,12833,28,46,14,14,0
66,66,0,1,0,1,0,1
5888,1175,4713,19,76,11,8,0
244,244,0,2,0,2,0,0
66,66,0,1,0,1,0,2
70,70,0,1,0,1,0,2
160,70,90,2,5,1,1,0
202,103,99,2,31,1,1,0
70,70,0,1,0,1,0,2
62,62,0,1,0,1,0,1
214,110,104,2,30,1,1,0
164,70,94,2,5,1,1,0
245,182,63,2,30,1,1,0
70,70,0,1,5,1,0,0
168,78,90,2,30,1,1,0
66,66,0,1,0,1,0,2
546,390,156,6,30,4,2,0
70,70,0,1,0,1,0,2
254,86,168,2,30,1,1,0
1420,715,705,12,16,7,5,0
6764,5555,1209,20,28,12,8,0
66,66,0,1,0,1,0,2
10825,4667,6158,25,159,15,10,0
70,70,0,1,4,1,0,0
62,62,0,1,0,1,0,1
1768,541,1227,11,20,7,4,0
760,97,663,2,30,1,1,0
5166,700,4466,16,15,7,9,0
206,95,111,2,30,1,1,0
70,70,0,1,0,1,0,2
70,70,0,1,0,1,0,2
70,70,0,1,0,1,0,2
177,94,83,2,31,1,1,0
891,536,355,10,255,6,4,0
237,93,144,2,30,1,1,0
66,66,0,1,0,1,0,1
199,94,105,2,30,1,1,0
62,62,0,1,0,1,0,1
62,62,0,1,0,1,0,1
66,66,0,1,0,1,0,2
10050,1802,8248,30,39,16,14,0
70,70,0,1,0,1,0,2
70,70,0,1,5,1,0,0
60,60,0,1,0,1,0,1
178,94,84,2,31,1,1,0
70,70,0,1,5,1,0,0
70,70,0,1,0,1,0,2
62,62,0,1,0,1,0,1
32544,28348,4196,63,332,31,32,0
98,98,0,1,30,1,0,0
2614,1689,925,18,23,10,8,0
184,94,90,2,30,1,1,0
62,62,0,1,0,1,0,1
66,66,0,1,0,1,0,2
66,66,0,1,0,1,0,2
66,66,0,1,0,1,0,2
70,70,0,1,0,1,0,2
14565,3464,11101,59,151,31,28,0
422,164,258,6,30,3,3,0
70,70,0,1,0,1,0,2
199,102,97,2,30,1,1,0
146,146,0,1,0,1,0,1
350,210,140,6,75,4,2,0
146,146,0,1,0,1,0,1
70,70,0,1,5,1,0,0
86,86,0,1,30,1,0,0
176,90,86,2,31,1,1,0
70,70,0,1,0,1,0,2
11489,1827,9662,25,23,15,10,0
1389,868,521,12,25,6,6,0
122708,5797,116911,169,132,75,94,0
9080,2186,6894,27,108,14,13,0
66,66,0,1,0,1,0,1
66,66,0,1,0,1,0,2
179,94,85,2,30,1,1,0
184,94,90,2,29,1,1,0
266,110,156,2,30,1,1,0
66,66,0,1,0,1,0,2
70,70,0,1,0,1,0,2
4637,1730,2907,19,30,11,8,0
193,102,91,2,30,1,1,0
66,66,0,1,0,1,0,2
66,66,0,1,0,1,0,2
193,102,91,2,31,1,1,0
70,70,0,1,0,1,0,2
66,66,0,1,0,1,0,1
70,70,0,1,0,1,0,2
62,62,0,1,0,1,0,1
214,140,74,4,15,3,1,0
216,110,106,2,30,1,1,0
66,66,0,1,0,1,0,1
183,94,89,2,30,1,1,0
309321,13076,296245,368,189,150,218,0
62,62,0,1,0,1,0,1
70,70,0,1,0,1,0,2
453,186,267,6,30,3,3,0
62,62,0,1,0,1,0,1
70,70,0,1,0,1,0,2
2227,1018,1209,17,15,8,9,0
70,70,0,1,0,1,0,2
8059,2039,6020,20,15,11,9,0
184,102,82,2,30,1,1,0
1056,682,374,10,15,6,4,0
8031,2957,5074,27,46,16,11,0
60,60,0,1,0,1,0,1
66,66,0,1,0,1,0,2
167,78,89,2,30,1,1,0
62,62,0,1,0,1,0,1
70,70,0,1,0,1,0,2
60,60,0,1,0,1,0,1
70,70,0,1,5,1,0,0
1743946,54876,1689070,1870,360,678,1192,0
758,102,656,2,30,1,1,0
9841,3185,6656,25,186,14,11,0
66,66,0,1,0,1,0,2
70,70,0,1,0,1,0,2
66,66,0,1,0,1,0,1
8413,2503,5910,23,16,13,10,0
66,66,0,1,0,1,0,2
276,102,174,2,30,1,1,0
102240,4349,97891,128,136,46,82,0
1916,1467,449,10,19,6,4,0
146,146,0,1,0,1,0,1
60,60,0,1,0,1,0,1
6894,1556,5338,23,3601,13,10,0
78,78,0,1,0,1,0,1
62,62,0,1,0,1,0,1
146,146,0,1,0,1,0,1
495,421,74,4,0,3,1,0
209,79,130,2,30,1,1,0
62,62,0,1,0,1,0,1
156,156,0,2,0,2,0,1
66,66,0,1,0,1,0,1
62,62,0,1,0,1,0,1
66,66,0,1,0,1,0,2
781,94,687,2,30,1,1,0
70,70,0,2,8,2,0,0
262,106,156,2,34,1,1,0
166,166,0,1,1200,1,0,0
66,66,0,1,0,1,0,1
353,118,235,2,31,1,1,0
66,66,0,1,0,1,0,1
70,70,0,1,0,1,0,2
7802,4189,3613,22,136,11,11,0
62,62,0,1,0,1,0,1
3910,1805,2105,20,19,12,8,0
66,66,0,1,0,1,0,1
763,101,662,2,31,1,1,0
3589,1251,2338,15,20,9,6,0
66,66,0,1,0,1,0,1
70,70,0,1,0,1,0,2
215,86,129,2,30,1,1,0
8113,2063,6050,23,255,11,12,0
353,118,235,2,30,1,1,0
3085,1404,1681,15,15,7,8,0
62,62,0,1,0,1,0,1
62,62,0,1,0,1,0,1
70,70,0,1,0,1,0,2
184,94,90,2,29,1,1,0
168,86,82,2,29,1,1,0
62,62,0,1,0,1,0,1
149229,139639,9590,226,256,124,102,0
177,94,83,2,29,1,1,0
3866,2774,1092,21,28,12,9,0
216,110,106,2,31,1,1,0
60,60,0,1,0,1,0,1
146,146,0,1,0,1,0,1
575,326,249,10,15,6,4,0
62,62,0,1,0,1,0,1
70,70,0,1,0,1,0,2
70,70,0,1,0,1,0,2
66,66,0,1,0,1,0,2
70,70,0,1,0,1,0,2
7536,1915,5621,31,20,17,14,0
66,66,0,1,0,1,0,1
62,62,0,1,0,1,0,1
60,60,0,1,0,1,0,1
3049,1857,1192,20,21,9,11,0
177,94,83,2,30,1,1,0
177,94,83,2,30,1,1,0
9273,2731,6542,31,403,10,21,0
192,98,94,2,30,1,1,0
365,94,271,4,58,2,2,0
815,95,720,2,30,1,1,0
8958,1697,7261,18,15,9,9,0
66,66,0,1,0,1,0,1
304,86,218,2,30,1,1,0
62,62,0,1,0,1,0,1
62,62,0,1,0,1,0,1
209,110,99,2,30,1,1,0
234,71,163,2,31,1,1,0
66,66,0,1,0,1,0,1
265,86,179,4,59,2,2,0
60,60,0,1,0,1,0,1
70,70,0,1,0,1,0,2
4395,3599,796,15,34,8,7,0
6702,5879,823,19,135,10,9,0
5291,339,4952,11,120,5,6,0
216,110,106,2,30,1,1,0
60,60,0,1,0,1,0,1
70,70,0,2,8,2,0,0
214,110,104,2,30,1,1,0
66,66,0,1,0,1,0,2
62,62,0,1,0,1,0,1
62,62,0,1,0,1,0,1
62,62,0,1,0,1,0,1
1058,571,487,10,38,6,4,0
424,210,214,7,132,4,3,0
2767,681,2086,10,120,5,5,0
886,126,760,2,31,1,1,0
13165,3626,9539,56,115,30,26,0
5979,3487,2492,21,168,10,11,0
66,66,0,1,0,1,0,1
915,126,789,2,30,1,1,0
66,66,0,1,0,1,0,1
2934,1497,1437,10,16,6,4,0
66,66,0,1,0,1,0,1
70,70,0,1,0,1,0,2
70,70,0,1,5,1,0,0
229,102,127,2,30,1,1,0
70,70,0,1,0,1,0,2
199,102,97,2,30,1,1,0
990201,31101,959100,1061,192,383,678,0
70,70,0,1,0,1,0,2
138,78,60,2,6,1,1,0
74,74,0,1,0,1,0,1
70,70,0,1,0,1,0,2
177,94,83,2,29,1,1,0
70,70,0,1,0,1,0,2
70,70,0,1,0,1,0,2
66,66,0,2,8,2,0,0
552,306,246,9,142,5,4,0
5743,1339,4404,18,180,8,10,0
78,78,0,1,30,1,0,0
70,70,0,1,0,1,0,2
157,157,0,1,0,1,0,1
199,102,97,2,30,1,1,0
66,66,0,1,0,1,0,2
226,110,116,2,30,1,1,0
60,60,0,1,0,1,0,1
5573,2326,3247,22,40,13,9,0
308,110,198,2,30,1,1,0
1988,1348,640,16,30,9,7,0
62,62,0,1,0,1,0,1
66,66,0,1,0,1,0,1
66,66,0,1,0,1,0,1
1579,988,591,13,25,7,6,0
8475,1661,6814,32,76,14,18,0
179,94,85,2,29,1,1,0
106,106,0,1,0,1,0,1
196,102,94,2,30,1,1,0
66,66,0,1,0,1,0,1
2999,2271,728,11,15,6,5,0
66,66,0,1,0,1,0,2
62,62,0,1,0,1,0,1
70,70,0,1,0,1,0,2
70,70,0,1,0,1,0,2
193,102,91,2,30,1,1,0
1201,707,494,12,26,7,5,0
70,70,0,1,0,1,0,2
72,72,0,1,0,1,0,1
1484,1484,0,1,0,1,0,1
14271,2106,12165,42,227,17,25,0
92243,4519,87724,105,16,39,66,0
260,86,174,2,30,1,1,0
8005,830,7175,19,27,9,10,0
9454,2307,7147,40,19,17,23,0
94,94,0,1,30,1,0,0
66,66,0,1,0,1,0,1
62,62,0,1,0,1,0,1
5103,2363,2740,11,120,6,5,0
311,311,0,3,1199,3,0,0
66,66,0,1,0,1,0,1
7117,1288,5829,22,84,12,10,0
66,66,0,1,0,1,0,1
66,66,0,1,0,1,0,1
70,70,0,1,0,1,0,2
4265,1184,3081,18,16,9,9,0
5463,1378,4085,16,145,10,6,0
66,66,0,1,0,1,0,1
1912,1464,448,14,16,7,7,0
66,66,0,1,0,1,0,1
160821,7879,152942,201,141,88,113,0
197,102,95,2,33,1,1,0
60,60,0,1,0,1,0,1
41966,23593,18373,89,154,42,47,0
94,94,0,1,29,1,0,0
292,94,198,4,57,2,2,0
70,70,0,1,30,1,0,0
70,70,0,2,8,2,0,0
499,425,74,4,0,3,1,0
881,126,755,2,30,1,1,0
166,86,80,2,30,1,1,0
3334,331,3003,10,120,5,5,0
62,62,0,1,0,1,0,1
70,70,0,1,5,1,0,0
1132,596,536,17,28,9,8,0
1664,914,750,15,275,7,8,0
214,102,112,2,30,1,1,0
225,110,115,2,30,1,1,0
170,87,83,2,31,1,1,0
66,66,0,1,0,1,0,2
303,85,218,2,31,1,1,0
352310,324883,27427,389,300,270,119,0
84,84,0,1,0,1,0,1
832,106,726,2,30,1,1,0
199,102,97,2,31,1,1,0
1786,172,1614,7,121,3,4,0
66,66,0,1,0,1,0,1
350,210,140,6,15,4,2,0
146,146,0,1,0,1,0,1
62,62,0,1,0,1,0,1
70,70,0,1,0,1,0,2
60,60,0,1,0,1,0,1
763,204,559,6,40,3,3,0
480,244,236,4,0,2,2,0
4579,2357,2222,46,114,26,20,0
62,62,0,1,0,1,0,1
62,62,0,1,0,1,0,1
70,70,0,1,0,1,0,2
146,146,0,1,0,1,0,1
145,145,0,1,0,1,0,1
416,107,309,4,29,2,2,0
70,70,0,1,0,1,0,2
70,70,0,1,5,1,0,0
4480,555,3925,11,20,6,5,0
816,102,714,2,30,1,1,0
199,102,97,2,30,1,1,0
701,88,613,2,31,1,1,0
62,62,0,1,0,1,0,1
70,70,0,1,0,1,0,2
70,70,0,1,5,1,0,0
111881,6152,105729,137,139,51,86,0
7941,1952,5989,20,15,11,9,0
62,62,0,1,0,1,0,1
760,96,664,2,31,1,1,0
356,97,259,4,58,2,2,0
66,66,0,1,0,1,0,1
194,102,92,2,30,1,1,0
8370,1025,7345,18,80,10,8,0
62,62,0,1,0,1,0,1
883,126,757,2,30,1,1,0
62,62,0,1,0,1,0,1
66,66,0,1,0,1,0,1
66,66,0,1,0,1,0,2
146,146,0,1,0,1,0,1
15069,5689,9380,51,35,27,24,0
177,94,83,2,29,1,1,0
5989,926,5063,19,14,10,9,0
62,62,0,1,0,1,0,1
4656,1749,2907,19,27,11,8,0
6254,1075,5179,22,34,10,12,0
195,102,93,2,31,1,1,0
146,146,0,1,0,1,0,1
764,102,662,2,30,1,1,0
70,70,0,1,0,1,0,2
291,98,193,4,33,2,2,0
5141,896,4245,17,69,8,9,0
996,462,534,4,30,2,2,0
170319,23354,146965,283,34,121,162,0
137,137,0,1,0,1,0,1
566856,28278,538578,737,37,351,386,0
66,66,0,1,0,1,0,2
70,70,0,1,0,1,0,2
66,66,0,1,0,1,0,1
1626,798,828,11,61,6,5,0
172,88,84,2,31,1,1,0
1325,442,883,16,414,4,12,0
960,539,421,9,30,5,4,0
13618,5262,8356,54,101,26,28,0
8073,2053,6020,20,15,11,9,0
3562,1936,1626,48,193,24,24,0
424,198,226,7,142,4,3,0
564,382,182,9,16,6,3,0
460,150,310,2,1200,1,1,0
66,66,0,1,0,1,0,2
190,70,120,4,15,2,2,0
5718309,117049,5601260,5287,155,1390,3897,0
70,70,0,1,0,1,0,2
70,70,0,1,0,1,0,2
62,62,0,1,0,1,0,1
4484,1063,3421,15,25,7,8,0
334,158,176,2,1199,1,1,0
70,70,0,1,0,1,0,2
1512,844,668,16,64,9,7,0
230,110,120,2,30,1,1,0
70,70,0,1,0,1,0,2
378,180,198,7,33,4,3,0
8006,1986,6020,20,15,11,9,0
70,70,0,1,0,1,0,2
70,70,0,1,0,1,0,2
146,146,0,1,0,1,0,1
8057,2037,6020,20,15,11,9,0
70,70,0,1,0,1,0,2
66,66,0,1,0,1,0,1
70,70,0,1,0,1,0,2
62,62,0,1,0,1,0,1
70,70,0,1,0,1,0,2
190,97,93,2,31,1,1,0
448,130,318,4,44,2,2,0
45904,3904,42000,65,16,33,32,0
6258,843,5415,19,29,10,9,0
70,70,0,1,0,1,0,2
66,66,0,1,0,1,0,2
275,93,182,4,32,2,2,0
1514,481,1033,11,15,6,5,0
70,70,0,1,0,1,0,2
45373,35377,9996,88,72,48,40,0
5839,1984,3855,19,18,11,8,0
329,94,235,2,29,1,1,0
197,102,95,2,30,1,1,0
3197,1047,2150,15,120,8,7,0
66,66,0,1,0,1,0,2
70,70,0,2,8,2,0,0
66,66,0,1,0,1,0,2
146,146,0,1,0,1,0,1
66,66,0,1,0,1,0,2
130,70,60,2,6,1,1,0
3562,1936,1626,48,194,24,24,0
70,70,0,1,0,1,0,2
6484,1915,4569,26,131,14,12,0
66,66,0,1,0,1,0,1
764899,31427,733472,883,60,368,515,0
426,240,186,8,26,5,3,0
166,86,80,2,30,1,1,0
70,70,0,1,4,1,0,0
194,102,92,2,30,1,1,0
26804,11349,15455,45,26,25,20,0
4988930,161289,4827641,5384,290,1964,3420,0
66,66,0,1,0,1,0,2
499,425,74,4,0,3,1,0
57576,29602,27974,239,175,118,121,0
62,62,0,1,0,1,0,1
145,145,0,1,0,1,0,1
194,102,92,2,30,1,1,0
879,126,753,2,30,1,1,0
12861,6761,6100,34,164,20,14,0
62,62,0,1,0,1,0,1
499,425,74,4,0,3,1,0
168,78,90,2,30,1,1,0
66,66,0,1,0,1,0,1
183,94,89,2,30,1,1,0
422,164,258,6,31,3,3,0
200,94,106,2,30,1,1,0
6290,4832,1458,18,120,11,7,0
212,102,110,2,30,1,1,0
146,146,0,1,0,1,0,1
177,94,83,2,30,1,1,0
316,190,126,5,15,3,2,0
70,70,0,1,0,1,0,2
62,62,0,1,0,1,0,1
66,66,0,1,0,1,0,2
779,86,693,2,30,1,1,0
350,210,140,6,30,4,2,0
7282,1596,5686,21,79,11,10,0
70,70,0,1,0,1,0,2
320,140,180,6,7,3,3,0
177,94,83,2,30,1,1,0
879,126,753,2,30,1,1,0
177,94,83,2,30,1,1,0
193,102,91,2,30,1,1,0
197,94,103,2,30,1,1,0
70,70,0,1,0,1,0,2
771,102,669,2,30,1,1,0
318,192,126,6,28,4,2,0
70,70,0,1,4,1,0,0
283,98,185,4,51,2,2,0
195,102,93,2,29,1,1,0
66,66,0,1,0,1,0,2
62,62,0,1,0,1,0,1
66,66,0,1,0,1,0,2
70,70,0,1,0,1,0,2
493,166,327,2,1200,1,1,0
11746,3874,7872,44,141,22,22,0
70,70,0,2,8,2,0,0
66,66,0,1,0,1,0,2
62,62,0,1,0,1,0,1
180,94,86,2,30,1,1,0
145,145,0,1,0,1,0,1
209,110,99,2,30,1,1,0
66,66,0,1,0,1,0,2
66,66,0,1,0,1,0,1
883,126,757,2,30,1,1,0
70,70,0,1,5,1,0,0
916,86,830,2,30,1,1,0
198,94,104,2,29,1,1,0
66,66,0,1,0,1,0,2
66,66,0,1,0,1,0,2
261,89,172,4,38,2,2,0
287,94,193,2,30,1,1,0
66,66,0,1,0,1,0,1
7298,2661,4637,21,18,11,10,0
62,62,0,1,0,1,0,3
210,110,100,2,30,1,1,0
378,192,186,7,19,4,3,0
139,139,0,1,0,1,0,1
86,86,0,1,0,1,0,1
66,66,0,1,0,1,0,1
9842,2961,6881,31,19,16,15,0
694,350,344,11,27,6,5,0
726,85,641,2,30,1,1,0
66,66,0,1,0,1,0,2
426,89,337,4,49,2,2,0
62,62,0,1,0,1,0,1
231,90,141,2,31,1,1,0
4362,1145,3217,17,25,9,8,0
66,66,0,1,0,1,0,1
12689,5742,6947,26,43,14,12,0
70,70,0,1,0,1,0,2
66,66,0,1,0,1,0,1
5141,2331,2810,41,144,24,17,0
70,70,0,1,0,1,0,2
168,86,82,2,32,1,1,0
192,98,94,2,31,1,1,0
70,70,0,1,0,1,0,2
891,536,355,10,255,6,4,0
193,102,91,2,30,1,1,0
220279,13007,207272,266,22,115,151,0
66,66,0,1,0,1,0,1
4747,1840,2907,19,28,11,8,0
2418,495,1923,11,125,6,5,0
211,102,109,2,31,1,1,0
12385,1831,10554,20,20,9,11,0
177,94,83,2,29,1,1,0
66,66,0,1,0,1,0,1
66,66,0,1,0,1,0,1
70,70,0,1,0,1,0,2
62,62,0,1,0,1,0,1
62,62,0,1,0,1,0,1
823,98,725,2,29,1,1,0
170,87,83,2,30,1,1,0
70,70,0,1,0,1,0,2
62,62,0,1,0,1,0,1
70,70,0,1,0,1,0,2
173,94,79,2,30,1,1,0
70,70,0,1,0,1,0,2
378,180,198,7,31,4,3,0
1866,1032,834,11,150,6,5,0
66,66,0,1,0,1,0,1
62,62,0,1,0,1,0,1
1462,965,497,13,18,7,6,0
890,126,764,2,30,1,1,0
3683,1899,1784,20,20,10,10,0
66,66,0,1,0,1,0,1
70,70,0,1,0,1,0,2
66,66,0,1,0,1,0,2
29612,2205,27407,53,186,21,32,0
195,102,93,2,31,1,1,0
278883,9002,269881,313,72,115,198,0
184,94,90,2,29,1,1,0
183,94,89,2,30,1,1,0
710,89,621,2,30,1,1,0
70,70,0,2,8,2,0,0
66,66,0,1,0,1,0,1
499,425,74,4,0,3,1,0
70,70,0,1,0,1,0,2
70,70,0,1,0,1,0,2
146,146,0,1,0,1,0,1
62,62,0,1,0,1,0,1
5693,499,5194,14,15,7,7,0
70,70,0,1,0,1,0,2
822,102,720,2,30,1,1,0
70,70,0,1,0,1,0,2
66,66,0,1,0,1,0,1
31515,26798,4717,91,82,49,42,0
200,102,98,2,31,1,1,0
402,118,284,2,29,1,1,0
130,70,60,2,5,1,1,0
195,102,93,2,30,1,1,0
62,62,0,1,0,1,0,1
62,62,0,1,0,1,0,1
70,70,0,1,0,1,0,2
66,66,0,1,0,1,0,1
66,66,0,1,0,1,0,2
198,101,97,2,31,1,1,0
66,66,0,1,0,1,0,2
60,60,0,1,0,1,0,1
258,70,188,4,8,2,2,0
72,72,0,1,0,1,0,1
199,102,97,2,29,1,1,0
193,102,91,2,29,1,1,0
62,62,0,1,0,1,0,1
198,102,96,2,31,1,1,0
168,86,82,2,31,1,1,0
828718,43410,785308,1071,347,479,592,0
90,90,0,1,0,1,0,1
587,104,483,4,40,2,2,0
234,234,0,4,12,4,0,0
66,66,0,1,0,1,0,1
214,140,74,4,35,3,1,0
238,118,120,2,1200,1,1,0
6453,2318,4135,32,84,16,16,0
66,66,0,1,0,1,0,2
185,102,83,2,30,1,1,0
618,432,186,9,16,6,3,0
199,102,97,2,29,1,1,0
66,66,0,1,0,1,0,1
304,86,218,2,30,1,1,0
97,97,0,1,60,1,0,0
62,62,0,1,0,1,0,1
2087,1215,872,8,88,5,3,0
62,62,0,1,0,1,0,1
189,102,87,2,30,1,1,0
91,91,0,1,30,1,0,0
66,66,0,1,0,1,0,1
70,70,0,1,0,1,0,2
70,70,0,1,4,1,0,0
62,62,0,1,0,1,0,1
1648,1017,631,18,124,10,8,0
70,70,0,1,0,1,0,2
70,70,0,1,0,1,0,2
70,70,0,1,0,1,0,2
66,66,0,1,0,1,0,2
6363,1073,5290,18,38,10,8,0
168,78,90,2,30,1,1,0
2362,1608,754,22,80,12,10,0
230959,4381,226578,217,91,60,157,0
194,102,92,2,29,1,1,0
134,60,74,3,4,2,1,0
137809,4697,133112,153,170,55,98,0
66,66,0,2,8,2,0,0
70,70,0,1,0,1,0,2
183,94,89,2,30,1,1,0
66,66,0,2,8,2,0,0
70,70,0,1,0,1,0,2
194,102,92,2,31,1,1,0
10035,2160,7875,35,120,18,17,0
70,70,0,1,0,1,0,2
318,192,126,6,20,4,2,0
66,66,0,1,0,1,0,2
62,62,0,1,0,1,0,1
70,70,0,1,0,1,0,2
70,70,0,1,0,1,0,2
499,425,74,4,0,3,1,0
62,62,0,1,0,1,0,1
66,66,0,1,0,1,0,2
60,60,0,1,0,1,0,1
66,66,0,1,0,1,0,2
275,94,181,2,29,1,1,0
66,66,0,1,0,1,0,1
199,102,97,2,30,1,1,0
66,66,0,1,0,1,0,2
194,66,128,3,15,1,2,0
7951,1449,6502,22,125,12,10,0
62,62,0,1,0,1,0,1
12801,4250,8551,40,118,21,19,0
9656,3195,6461,19,23,12,7,0
1948,891,1057,16,18,8,8,0
62,62,0,1,0,1,0,1
66,66,0,1,0,1,0,1
70,70,0,1,0,1,0,2
60,60,0,1,0,1,0,1
326,134,192,2,30,1,1,0
146,146,0,1,0,1,0,1
214,102,112,2,30,1,1,0
66,66,0,1,0,1,0,1
62,62,0,1,0,1,0,1
66,66,0,1,0,1,0,2
66,66,0,1,0,1,0,2
146,146,0,1,0,1,0,1
164,86,78,2,31,1,1,0
70,70,0,1,0,1,0,2
6798,2901,3897,22,151,13,9,0
66,66,0,1,0,1,0,2
70,70,0,1,0,1,0,2
70,70,0,1,0,1,0,2
70,70,0,1,0,1,0,2
183,82,101,2,30,1,1,0
146,60,86,2,10,1,1,0
66,66,0,1,0,1,0,2
70,70,0,1,0,1,0,2
70,70,0,1,30,1,0,0
8005,1985,6020,20,16,11,9,0
66,66,0,1,0,1,0,1
60,60,0,1,0,1,0,1
366,240,126,7,26,5,2,0
62,62,0,1,0,1,0,1
793,101,692,2,31,1,1,0
134,60,74,3,5,2,1,0
66,66,0,1,0,1,0,2
146,146,0,1,0,1,0,1
733,85,648,2,31,1,1,0
66,66,0,1,0,1,0,1
66,66,0,1,0,1,0,2
1955,913,1042,10,15,6,4,0
195,102,93,2,30,1,1,0
60,60,0,1,0,1,0,1
1472,965,507,13,20,7,6,0
8240,3521,4719,25,18,15,10,0
60,60,0,1,0,1,0,1
60,60,0,1,0,1,0,1
710,710,0,6,302,6,0,0
50297,4871,45426,86,31,40,46,0
7768,3776,3992,21,132,11,10,0
16521,6496,10025,31,49,16,15,0
70,70,0,1,0,1,0,2
28361,1861,26500,49,195,19,30,0
62,62,0,1,0,1,0,1
66,66,0,1,0,1,0,1
62,62,0,1,0,1,0,1
66,66,0,1,0,1,0,2
481,150,331,2,1199,1,1,0
66,66,0,1,0,1,0,2
772,102,670,2,30,1,1,0
262,88,174,4,58,2,2,0
70,70,0,1,5,1,0,0
775,102,673,2,30,1,1,0
182,93,89,2,31,1,1,0
5853,2409,3444,35,80,16,19,0
10893,7149,3744,31,45,18,13,0
234,102,132,2,30,1,1,0
376301,13445,362856,452,102,198,254,0
70,70,0,2,8,2,0,0
193,102,91,2,30,1,1,0
66,66,0,1,0,1,0,1
816,102,714,2,30,1,1,0
194,102,92,2,30,1,1,0
515,86,429,4,45,2,2,0
180,94,86,2,30,1,1,0
66,66,0,1,0,1,0,2
70,70,0,1,0,1,0,2
6662,3336,3326,37,142,17,20,0
4223,2828,1395,23,28,13,10,0
70,70,0,1,0,1,0,2
62,62,0,1,0,1,0,1
433460,26631,406829,595,147,224,371,0
309,94,215,2,30,1,1,0
70,70,0,1,0,1,0,2
152,78,74,2,31,1,1,0
177,94,83,2,30,1,1,0
6370,706,5664,19,16,7,12,0
62,62,0,1,0,1,0,1
197,90,107,2,30,1,1,0
70,70,0,1,0,1,0,2
8772,3614,5158,77,54,35,42,0
177,94,83,2,29,1,1,0
1117,762,355,10,255,6,4,0
16028,3246,12782,37,272,19,18,0
760,97,663,2,30,1,1,0
1067,650,417,10,27,6,4,0
159,159,0,1,0,1,0,1
70,70,0,1,0,1,0,2
183,94,89,2,30,1,1,0
66,66,0,1,0,1,0,2
70,70,0,1,0,1,0,2
269,96,173,4,59,2,2,0
66,66,0,1,0,1,0,2
74,74,0,1,0,1,0,1
1310,649,661,13,185,7,6,0
98,98,0,1,0,1,0,1
7546,4168,3378,37,53,24,13,0
60,60,0,1,0,1,0,1
62,62,0,1,0,1,0,1
66,66,0,1,0,1,0,1
66,66,0,1,0,1,0,1
38402253,1191239,37211014,39088,243,12126,26962,0
60,60,0,1,0,1,0,1
70,70,0,1,0,1,0,2
70,70,0,1,0,1,0,2
66,66,0,1,0,1,0,2
70,70,0,1,0,1,0,2
9530,2104,7426,18,121,9,9,0
62,62,0,1,0,1,0,1
177,94,83,2,30,1,1,0
1746,780,966,19,56,7,12,0
66,66,0,1,0,1,0,1
163,163,0,1,1200,1,0,0
66,66,0,1,0,1,0,2
70,70,0,1,0,1,0,2
66,66,0,1,0,1,0,1
8107,2474,5633,24,25,12,12,0
66,66,0,1,0,1,0,1
289,97,192,4,45,2,2,0
552,306,246,9,15,5,4,0
66,66,0,1,0,1,0,2
8569,2165,6404,23,34,12,11,0
4665045,113088,4551957,4511,421,1285,3226,0
62,62,0,1,0,1,0,1
72759,18547,54212,120,137,49,71,0
70,70,0,1,0,1,0,2
66,66,0,1,0,1,0,1
60,60,0,1,0,1,0,1
62,62,0,1,0,1,0,1
760,97,663,2,31,1,1,0
11827,5467,6360,100,144,54,46,0
66,66,0,1,0,1,0,1
179,94,85,2,30,1,1,0
70,70,0,1,0,1,0,2
228,118,110,2,1199,1,1,0
202,103,99,2,31,1,1,0
2175,1539,636,13,27,8,5,0
168,86,82,2,31,1,1,0
60,60,0,1,0,1,0,1
6328,850,5478,26,289,9,17,0
194,102,92,2,29,1,1,0
62,62,0,1,0,1,0,1
2494,1540,954,21,75,11,10,0
66,66,0,1,0,1,0,2
60,60,0,1,0,1,0,1
62,62,0,1,0,1,0,1
62,62,0,1,0,1,0,1
4659,1752,2907,19,30,11,8,0
66,66,0,1,0,1,0,1
7599,3113,4486,30,20,17,13,0
4065,2585,1480,28,40,14,14,0
242,78,164,2,29,1,1,0
54760,27837,26923,229,175,114,115,0
146,146,0,1,0,1,0,1
154465,11473,142992,244,212,101,143,0
408,86,322,4,31,2,2,0
66,66,0,1,0,1,0,1
70,70,0,1,0,1,0,2
66,66,0,1,0,1,0,2
162,162,0,1,0,1,0,1
889,126,763,2,30,1,1,0
66,66,0,1,0,1,0,2
66,66,0,1,0,1,0,1
62,62,0,1,0,1,0,1
244,244,0,2,0,2,0,0
70,70,0,1,5,1,0,0
78,78,0,1,5,1,0,0
66,66,0,1,0,1,0,1
36707,3750,32957,54,60,24,30,0
6661,862,5799,18,28,9,9,0
498,210,288,8,26,4,4,0
301,108,193,4,50,2,2,0
66,66,0,1,0,1,0,1
31938,3363,28575,38,88,15,23,0
913,410,503,10,15,5,5,0
62,62,0,1,0,1,0,1
179194,19657,159537,415,149,202,213,0
3182,1568,1614,8,121,4,4,0
194,102,92,2,30,1,1,0
3562,1936,1626,48,193,24,24,0
66,66,0,1,0,1,0,2
195,102,93,2,31,1,1,0
66,66,0,1,0,1,0,2
62,62,0,1,0,1,0,1
70,70,0,1,0,1,0,2
62,62,0,1,0,1,0,1
242,102,140,2,30,1,1,0
6518,1200,5318,17,16,8,9,0
60,60,0,1,0,1,0,1
2433,1280,1153,11,20,7,4,0
198,101,97,2,31,1,1,0
146,146,0,1,0,1,0,1
3617,2035,1582,30,346,15,15,0
66,66,0,1,0,1,0,2
166,86,80,2,30,1,1,0
168,86,82,2,31,1,1,0
70,70,0,1,0,1,0,2
146,146,0,1,0,1,0,1
70,70,0,1,0,1,0,2
62,62,0,1,0,1,0,1
711,87,624,2,31,1,1,0
1592,1044,548,15,15,9,6,0
70,70,0,1,0,1,0,2
70,70,0,1,0,1,0,2
70,70,0,1,4,1,0,0
184,94,90,2,30,1,1,0
399281,11940,387341,412,16,145,267,0
7227,4437,2790,29,271,16,13,0
114410,3755,110655,128,38,47,81,0
539,100,439,4,54,2,2,0
70,70,0,1,0,1,0,2
168,86,82,2,30,1,1,0
66,66,0,1,0,1,0,2
62,62,0,1,0,1,0,1
70,70,0,1,5,1,0,0
669,200,469,6,49,3,3,0
4458,1022,3436,16,26,9,7,0
7448,1737,5711,24,201,13,11,0
3226,2225,1001,18,46,11,7,0
60,60,0,1,0,1,0,1
492,306,186,8,16,5,3,0
8021,2001,6020,20,15,11,9,0
70,70,0,2,8,2,0,0
134,60,74,3,10,2,1,0
66,66,0,1,0,1,0,1
70,70,0,1,0,1,0,1
66,66,0,1,0,1,0,2
60,60,0,1,0,1,0,1
200,94,106,2,30,1,1,0
70,70,0,1,0,1,0,2
66,66,0,1,0,1,0,2
32010,3207,28803,52,128,20,32,0
11535,4866,6669,34,50,20,14,0
4936,855,4081,17,52,7,10,0
2614,1689,925,18,20,10,8,0
62,62,0,1,0,1,0,1
310,102,208,2,30,1,1,0
138,78,60,2,4,1,1,0
2504,1442,1062,22,29,12,10,0
762,98,664,2,31,1,1,0
468,390,78,5,30,4,1,0
60,60,0,1,0,1,0,1
1012,1012,0,1,0,1,0,1
166,86,80,2,30,1,1,0
5788,3446,2342,22,135,11,11,0
4019,708,3311,16,137,7,9,0
209,110,99,2,30,1,1,0
60,60,0,1,0,1,0,1
210,78,132,2,30,1,1,0
66,66,0,1,0,1,0,1
209,110,99,2,30,1,1,0
54661,36820,17841,266,201,128,138,0
70,70,0,1,0,1,0,2
62,62,0,1,0,1,0,1
7506,4789,2717,28,130,16,12,0
126,126,0,1,29,1,0,0
131,131,0,1,0,1,0,1
70,70,0,1,5,1,0,0
7069,1804,5265,20,3602,11,9,0
62,62,0,1,0,1,0,1
78,78,0,1,0,1,0,1
814,674,140,6,28,4,2,0
228,94,134,2,30,1,1,0
70,70,0,1,0,1,0,2
62,62,0,1,0,1,0,1
66,66,0,1,0,1,0,1
186,95,91,2,30,1,1,0
66,66,0,1,4,1,0,0
232,94,138,2,29,1,1,0
86,86,0,1,30,1,0,0
60,60,0,1,0,1,0,1
170875,6864,164011,255,35,93,162,0
1074,565,509,11,16,6,5,0
70,70,0,1,0,1,0,2
183,94,89,2,31,1,1,0
156,156,0,3,7,3,0,0
62,62,0,1,0,1,0,1
224,94,130,2,30,1,1,0
62,62,0,1,0,1,0,1
197,102,95,2,30,1,1,0
146,146,0,1,0,1,0,1
599,198,401,6,50,3,3,0
232,94,138,2,30,1,1,0
282,93,189,4,45,2,2,0
66,66,0,1,0,1,0,1
876,126,750,2,30,1,1,0
62,62,0,1,0,1,0,1
70,70,0,1,4,1,0,0
66,66,0,1,0,1,0,2
60,60,0,1,0,1,0,1
62,62,0,1,0,1,0,1
186,95,91,2,0,1,1,0
62,62,0,1,0,1,0,1
7531,1773,5758,30,32,17,13,0
179,94,85,2,31,1,1,0
318,192,126,6,25,4,2,0
70,70,0,1,0,1,0,2
74,74,0,1,0,1,0,1
70,70,0,2,7,2,0,0
66,66,0,1,0,1,0,2
62,62,0,1,0,1,0,1
214,110,104,2,29,1,1,0
66,66,0,1,0,1,0,2
182,93,89,2,30,1,1,0
7014,1630,5384,20,120,10,10,0
177,94,83,2,30,1,1,0
238,118,120,2,1200,1,1,0
184,94,90,2,30,1,1,0
168,78,90,2,30,1,1,0
70,70,0,1,0,1,0,2
132,132,0,3,1199,3,0,0
70,70,0,2,8,2,0,0
66,66,0,1,0,1,0,1
70,70,0,1,0,1,0,2
62,62,0,1,0,1,0,1
66,66,0,1,0,1,0,2
66,66,0,1,0,1,0,1
1694,666,1028,10,75,6,4,0
198,102,96,2,30,1,1,0
226,110,116,2,30,1,1,0
27534,4859,22675,34,41,14,20,0
183,86,97,2,29,1,1,0
66,66,0,2,8,2,0,0
146,146,0,1,0,1,0,1
756,95,661,2,31,1,1,0
197,102,95,2,29,1,1,0
13919,3349,10570,46,120,25,21,0
90261,3545,86716,96,16,32,64,0
62,62,0,1,0,1,0,1
70,70,0,2,7,2,0,0
168,86,82,2,30,1,1,0
1054,567,487,10,38,6,4,0
70,70,0,1,0,1,0,2
70,70,0,1,4,1,0,0
66,66,0,1,0,1,0,1
66,66,0,2,8,2,0,0
3443,2189,1254,23,72,13,10,0
136,136,0,3,13,3,0,0
66,66,0,1,0,1,0,1
62,62,0,1,0,1,0,1
432803,9264,423539,427,141,135,292,0
66,66,0,1,0,1,0,1
194,102,92,2,30,1,1,0
70,70,0,1,0,1,0,2
146,146,0,1,0,1,0,1
66,66,0,1,0,1,0,1
66,66,0,1,5,1,0,0
832,106,726,2,30,1,1,0
6786,1795,4991,18,16,11,7,0
8035,2176,5859,25,331,12,13,0
62,62,0,1,0,1,0,1
1979,826,1153,13,17,9,4,0
70,70,0,1,0,1,0,2
66,66,0,1,0,1,0,1
1704,808,896,10,122,6,4,0
66,66,0,1,0,1,0,2
70,70,0,1,0,1,0,2
329,118,211,2,30,1,1,0
2423,1465,958,18,171,10,8,0
258,70,188,4,8,2,2,0
194,102,92,2,30,1,1,0
66,66,0,1,0,1,0,2
5264,3357,1907,21,17,11,10,0
66,66,0,1,0,1,0,2
262,90,172,4,59,2,2,0
229,110,119,2,30,1,1,0
391,102,289,2,29,1,1,0
70,70,0,1,0,1,0,2
414,136,278,6,16,3,3,0
70,70,0,1,0,1,0,2
66,66,0,1,0,1,0,2
732,86,646,2,29,1,1,0
173,94,79,2,30,1,1,0
3347,1458,1889,15,18,8,7,0
66,66,0,1,0,1,0,1
26481,1832,24649,40,330,18,22,0
747,92,655,2,30,1,1,0
132,132,0,3,1200,3,0,0
70,70,0,1,5,1,0,0
70,70,0,1,0,1,0,2
5688,2508,3180,36,118,19,17,0
70,70,0,1,0,1,0,2
1786,172,1614,7,120,3,4,0
1680,697,983,10,52,6,4,0
5036,4332,704,11,25,6,5,0
62,62,0,1,0,1,0,1
66,66,0,1,0,1,0,2
70,70,0,1,0,1,0,2
184,94,90,2,30,1,1,0
145,145,0,1,0,1,0,1
66,66,0,1,0,1,0,2
70,70,0,1,0,1,0,2
6734,2065,4669,21,16,11,10,0
8006,1986,6020,20,15,11,9,0
181,181,0,1,0,1,0,1
199,102,97,2,30,1,1,0
70,70,0,1,0,1,0,2
199,102,97,2,30,1,1,0
304,86,218,2,30,1,1,0
66,66,0,1,0,1,0,1
371,77,294,2,30,1,1,0
66,66,0,1,0,1,0,2
213,90,123,2,29,1,1,0
258,70,188,4,8,2,2,0
66,66,0,1,0,1,0,2
168,78,90,2,30,1,1,0
70,70,0,1,0,1,0,2
23974,12718,11256,37,36,19,18,0
78,78,0,1,0,1,0,1
70,70,0,1,0,1,0,2
178,94,84,2,29,1,1,0
4559,1652,2907,19,27,11,8,0
70,70,0,1,0,1,0,2
62,62,0,1,0,1,0,1
62,62,0,1,0,1,0,1
209,110,99,2,30,1,1,0
70,70,0,1,0,1,0,2
70,70,0,2,8,2,0,0
501,150,351,2,1200,1,1,0
60,60,0,1,0,1,0,1
779,86,693,2,30,1,1,0
66,66,0,1,0,1,0,2
70,70,0,1,0,1,0,2
211,110,101,2,30,1,1,0
66,66,0,1,0,1,0,2
70,70,0,1,0,1,0,2
816,97,719,2,30,1,1,0
360,118,242,2,30,1,1,0
177,94,83,2,29,1,1,0
66,66,0,1,0,1,0,2
70,70,0,1,0,1,0,2
146,146,0,1,0,1,0,1
66,66,0,1,0,1,0,2
70,70,0,1,0,1,0,2
70,70,0,1,0,1,0,2
178,94,84,2,30,1,1,0
66,66,0,1,0,1,0,2
70,70,0,1,0,1,0,2
2018,1704,314,16,15,11,5,0
70,70,0,1,0,1,0,2
100,100,0,1,0,1,0,1
75930,4291,71639,90,120,32,58,0
62,62,0,1,0,1,0,1
184,94,90,2,30,1,1,0
771,101,670,2,31,1,1,0
253,190,63,2,30,1,1,0
235,90,145,2,32,1,1,0
168,78,90,2,30,1,1,0
870,330,540,12,1501,6,6,0
194,102,92,2,30,1,1,0
168,78,90,2,30,1,1,0
70,70,0,1,0,1,0,2
70,70,0,1,0,1,0,2
234,234,0,4,12,4,0,0
52330,13948,38382,131,129,71,60,0
218,90,128,2,29,1,1,0
240,98,142,2,29,1,1,0
66,66,0,1,0,1,0,2
60,60,0,1,0,1,0,1
66,66,0,1,0,1,0,1
62,62,0,1,0,1,0,1
62,62,0,1,0,1,0,1
44505,6962,37543,64,48,21,43,0
1507,1184,323,11,79,7,4,0
262,94,168,2,30,1,1,0
227,110,117,2,30,1,1,0
178,94,84,2,30,1,1,0
168,78,90,2,30,1,1,0
468,149,319,2,1200,1,1,0
215,102,113,2,30,1,1,0
475,150,325,2,1200,1,1,0
8134,2717,5417,24,16,15,9,0
62,62,0,1,0,1,0,1
66,66,0,1,0,1,0,1
70,70,0,1,0,1,0,2
66,66,0,1,0,1,0,1
710,89,621,2,31,1,1,0
70,70,0,1,0,1,0,2
1352,691,661,14,47,8,6,0
146,146,0,1,0,1,0,1
70,70,0,1,0,1,0,2
66,66,0,1,0,1,0,1
66,66,0,1,0,1,0,1
66,66,0,1,0,1,0,1
258,102,156,2,30,1,1,0
70,70,0,1,0,1,0,2
66,66,0,1,0,1,0,2
70,70,0,1,0,1,0,2
66,66,0,1,0,1,0,1
66,66,0,1,0,1,0,1
170,87,83,2,30,1,1,0
13181,6041,7140,60,410,27,33,0
70,70,0,1,0,1,0,2
832,106,726,2,30,1,1,0
199,102,97,2,30,1,1,0
1088,641,447,10,26,6,4,0
60,60,0,1,0,1,0,1
159,159,0,1,0,1,0,1
66,66,0,1,0,1,0,2
62,62,0,1,0,1,0,1
3714,1646,2068,18,186,9,9,0
224,102,122,2,30,1,1,0
66,66,0,1,0,1,0,1
265,102,163,2,29,1,1,0
62,62,0,1,0,1,0,1
70,70,0,1,0,1,0,2
60,60,0,1,0,1,0,1
177,94,83,2,30,1,1,0
6359,1559,4800,24,19,13,11,0
846,420,426,15,29,8,7,0
3256,2213,1043,16,15,8,8,0
74,74,0,1,0,1,0,1
62,62,0,1,0,1,0,1
70,70,0,1,0,1,0,2
1786,172,1614,7,120,3,4,0
70,70,0,2,8,2,0,0
70,70,0,1,0,1,0,2
66,66,0,1,0,1,0,1
66,66,0,1,0,1,0,2
378,180,198,7,53,4,3,0
258,70,188,4,7,2,2,0
70,70,0,1,0,1,0,2
6379,1762,4617,27,27,14,13,0
62,62,0,1,0,1,0,1
1917,1468,449,10,20,6,4,0
9669,2488,7181,26,149,11,15,0
69884,4367,65517,96,26,44,52,0
177,94,83,2,30,1,1,0
66,66,0,1,0,1,0,2
17494,6818,10676,46,46,25,21,0
168,86,82,2,31,1,1,0
626,190,436,6,60,3,3,0
66,66,0,1,0,1,0,1
66,66,0,1,0,1,0,2
5879,870,5009,18,53,9,9,0
70,70,0,1,0,1,0,2
146,146,0,1,0,1,0,1
1369,670,699,17,141,9,8,0
66,66,0,1,0,1,0,2
70,70,0,1,0,1,0,2
62,62,0,1,0,1,0,1
66,66,0,1,0,1,0,1
164,78,86,2,30,1,1,0
3242,1248,1994,26,362,7,19,0
578,286,292,9,16,5,4,0
2571,330,2241,12,135,5,7,0
199,102,97,2,30,1,1,0
66,66,0,1,0,1,0,2
500,204,296,6,75,3,3,0
66,66,0,1,0,1,0,2
2552065,30474,2521591,2074,129,236,1838,0
66,66,0,1,0,1,0,2
60,60,0,1,0,1,0,1
233,90,143,2,31,1,1,0
66,66,0,1,0,1,0,1
29112,2866,26246,53,31,28,25,0
184,94,90,2,30,1,1,0
166,86,80,2,30,1,1,0
199,102,97,2,30,1,1,0
168,86,82,2,32,1,1,0
66,66,0,1,0,1,0,1
70,70,0,1,0,1,0,2
62,62,0,1,0,1,0,1
294,95,199,4,42,2,2,0
66,66,0,1,0,1,0,1
66,66,0,1,0,1,0,1
8154,1791,6363,21,187,11,10,0
4531,3268,1263,23,27,13,10,0
168,78,90,2,29,1,1,0
3444,1730,1714,16,31,8,8,0
66,66,0,1,0,1,0,2
216,90,126,2,30,1,1,0
5601,1203,4398,14,60,9,5,0
62,62,0,1,0,1,0,1
66,66,0,1,0,1,0,2
66,66,0,1,0,1,0,2
100,100,0,1,0,1,0,1
70,70,0,1,0,1,0,2
27787,5566,22221,60,47,31,29,0
329,118,211,2,29,1,1,0
193,102,91,2,31,1,1,0
928,541,387,8,17,5,3,0
2292,332,1960,11,1200,5,6,0
70,70,0,2,8,2,0,0
194,102,92,2,29,1,1,0
18147,9173,8974,42,175,24,18,0
2800,1557,1243,33,53,19,14,0
60,60,0,1,0,1,0,1
216,110,106,2,30,1,1,0
448,184,264,6,29,3,3,0
70,70,0,1,0,1,0,2
146,146,0,1,0,1,0,1
210,77,133,2,29,1,1,0
308,86,222,4,13,1,3,0
62,62,0,1,0,1,0,1
70,70,0,1,0,1,0,2
616,188,428,6,35,3,3,0
145,145,0,1,0,1,0,1
62,62,0,1,0,1,0,1
4728,3417,1311,23,35,12,11,0
9096,4394,4702,26,256,15,11,0
60,60,0,1,0,1,0,1
145,145,0,1,0,1,0,1
212,102,110,2,30,1,1,0
132,132,0,3,1199,3,0,0
70,70,0,1,0,1,0,2
979612,946319,33293,1091,25,690,401,0
4286,2261,2025,20,18,11,9,0
70,70,0,1,0,1,0,2
23425,10763,12662,57,48,31,26,0
226,102,124,2,30,1,1,0
66,66,0,1,0,1,0,1
9798,3571,6227,43,143,23,20,0
199,94,105,2,30,1,1,0
70,70,0,1,0,1,0,2
225,78,147,2,30,1,1,0
70,70,0,1,0,1,0,2
4160,1015,3145,16,28,8,8,0
60,60,0,1,0,1,0,1
62,62,0,1,0,1,0,1
199,94,105,2,30,1,1,0
70,70,0,1,0,1,0,2
66,66,0,1,0,1,0,1
246,78,168,2,31,1,1,0
66,66,0,1,0,1,0,2
66,66,0,1,0,1,0,2
7239,2934,4305,26,16,15,11,0
145,145,0,1,0,1,0,1
6599,3950,2649,36,186,20,16,0
66,66,0,1,0,1,0,1
66,66,0,1,0,1,0,1
66,66,0,1,0,1,0,1
62,62,0,1,0,1,0,1
20873,8800,12073,68,19,37,31,0
184,94,90,2,30,1,1,0
70,70,0,1,0,1,0,2
70,70,0,1,0,1,0,2
62,62,0,1,0,1,0,1
232,172,60,3,4,2,1,0
3775,1791,1984,24,203,12,12,0
1126,609,517,11,15,6,5,0
11534,719,10815,18,61,7,11,0
182,93,89,2,30,1,1,0
66,66,0,1,0,1,0,2
70,70,0,1,5,1,0,0
70,70,0,1,0,1,0,2
66,66,0,1,0,1,0,1
764,99,665,2,31,1,1,0
145,145,0,1,0,1,0,1
60,60,0,1,0,1,0,1
146,146,0,1,0,1,0,1
6205,1125,5080,23,89,13,10,0
66,66,0,1,0,1,0,1
198,90,108,2,30,1,1,0
70,70,0,1,0,1,0,2
3010,1892,1118,16,15,8,8,0
183,102,81,2,29,1,1,0
414,140,274,7,26,3,4,0
30239,8906,21333,61,32,34,27,0
2553,1621,932,13,126,8,5,0
66,66,0,1,0,1,0,1
70,70,0,1,0,1,0,2
198,90,108,2,30,1,1,0
78,78,0,1,0,1,0,1
64727,10981,53746,91,141,36,55,0
78,78,0,1,0,1,0,1
146,146,0,1,0,1,0,1
11482,2506,8976,48,1329,24,24,0
62,62,0,1,0,1,0,1
62,62,0,1,0,1,0,1
66,66,0,1,0,1,0,1
789,110,679,2,30,1,1,0
1184,83,1101,4,59,2,2,0
3182,1568,1614,8,120,4,4,0
66,66,0,1,0,1,0,1
66,66,0,1,0,1,0,1
226,110,116,2,30,1,1,0
259,110,149,2,30,1,1,0
217,87,130,2,30,1,1,0
70,70,0,1,0,1,0,2
70,70,0,1,0,1,0,2
458684,19849,438835,488,66,185,303,0
628,82,546,2,30,1,1,0
62,62,0,1,0,1,0,1
1610,771,839,22,120,11,11,0
193,102,91,2,31,1,1,0
66,66,0,1,0,1,0,1
255,102,153,2,30,1,1,0
2380,1500,880,24,130,13,11,0
66,66,0,1,0,1,0,2
66,66,0,1,0,1,0,1
62,62,0,1,0,1,0,1
70,70,0,1,0,1,0,2
374,192,182,7,42,4,3,0
4925,2188,2737,36,360,16,20,0
78,78,0,1,30,1,0,0
570475,25559,544916,712,32,341,371,0
70,70,0,1,0,1,0,2
62,62,0,1,0,1,0,1
378,192,186,7,39,4,3,0
70,70,0,1,5,1,0,0
70,70,0,1,0,1,0,2
66,66,0,1,0,1,0,1
70,70,0,1,0,1,0,2
66,66,0,1,0,1,0,1
67835,6280,61555,96,108,45,51,0
194,102,92,2,29,1,1,0
170,87,83,2,30,1,1,0
287,91,196,4,60,2,2,0
11976,6928,5048,25,24,14,11,0
66,66,0,1,0,1,0,2
2096,1011,1085,11,130,6,5,0
66,66,0,1,0,1,0,1
66,66,0,1,0,1,0,2
350,210,140,6,28,4,2,0
10196,6897,3299,39,121,20,19,0
200,94,106,2,29,1,1,0
458,188,270,6,30,3,3,0
18127,8010,10117,41,116,24,17,0
35158,5065,30093,53,42,18,35,0
177,94,83,2,30,1,1,0
62,62,0,1,0,1,0,1
499,425,74,4,0,3,1,0
1392,731,661,14,80,8,6,0
62,62,0,1,0,1,0,1
66,66,0,1,0,1,0,2
70,70,0,1,0,1,0,2
546,300,246,10,31,6,4,0
66,66,0,1,0,1,0,1
70,70,0,1,0,1,0,2
60,60,0,1,0,1,0,1
70,70,0,1,0,1,0,2
70,70,0,1,4,1,0,0
186,95,91,2,31,1,1,0
237,91,146,2,33,1,1,0
70,70,0,1,5,1,0,0
1634,126,1508,4,31,2,2,0
66,66,0,1,0,1,0,2
10526,811,9715,20,135,8,12,0
146,146,0,1,0,1,0,1
43399,5061,38338,55,29,24,31,0
62,62,0,1,0,1,0,1
7343,2672,4671,20,76,12,8,0
490,163,327,2,1200,1,1,0
70,70,0,1,5,1,0,0
62,62,0,1,0,1,0,1
146,146,0,1,0,1,0,1
70,70,0,1,0,1,0,2
3614,434,3180,11,15,6,5,0
66,66,0,1,0,1,0,2
438102,12780,425322,449,15,157,292,0
146,146,0,1,0,1,0,1
64,64,0,1,10,1,0,0
1258,716,542,13,83,7,6,0
1313,652,661,13,185,7,6,0
62,62,0,1,0,1,0,1
146,146,0,1,0,1,0,1
7783,2690,5093,24,255,13,11,0
62,62,0,1,0,1,0,1
215,94,121,2,30,1,1,0
70,70,0,1,0,1,0,2
3310,1535,1775,15,15,8,7,0
20789,4927,15862,35,31,20,15,0
70,70,0,1,0,1,0,1
2780,1797,983,21,35,11,10,0
322,262,60,2,4,1,1,0
380978,8857,372121,373,16,115,258,0
807,94,713,2,30,1,1,0
7437,2128,5309,22,33,13,9,0
908,126,782,2,31,1,1,0
10467,4259,6208,65,56,38,27,0
196,102,94,2,31,1,1,0
3255,430,2825,11,15,6,5,0
70,70,0,1,0,1,0,2
316,136,180,6,6,3,3,0
4372,2402,1970,27,53,14,13,0
872,126,746,2,30,1,1,0
13342,9687,3655,53,17,28,25,0
5419,705,4714,16,25,8,8,0
62,62,0,1,0,1,0,1
194,99,95,2,31,1,1,0
214,102,112,2,29,1,1,0
814,110,704,2,30,1,1,0
60,60,0,1,0,1,0,1
1656,114,1542,5,120,2,3,0
66,66,0,1,30,1,0,0
1786,172,1614,7,119,3,4,0
225,110,115,2,30,1,1,0
243,96,147,2,30,1,1,0
4911,3442,1469,29,322,16,13,0
757,98,659,2,30,1,1,0
70,70,0,1,0,1,0,2
66,66,0,1,0,1,0,2
70,70,0,1,0,1,0,2
66,66,0,1,0,1,0,2
159850,5338,154512,179,200,64,115,0
1191,692,499,12,40,7,5,0
244,94,150,2,31,1,1,0
70,70,0,1,0,1,0,2
145,145,0,1,0,1,0,1
66,66,0,1,0,1,0,1
70,70,0,1,0,1,0,2
66,66,0,1,0,1,0,1
250,86,164,4,54,2,2,0
177,94,83,2,30,1,1,0
66,66,0,1,0,1,0,2
80743,4724,76019,101,89,37,64,0
62,62,0,1,0,1,0,1
227,89,138,2,30,1,1,0
880,126,754,2,31,1,1,0
33625519,489773,33135746,29877,243,6803,23074,0
212,102,110,2,30,1,1,0
15367456,244322,15123134,12866,268,1819,11047,0
25342,17809,7533,56,80,28,28,0
70,70,0,1,0,1,0,2
2828,1710,1118,10,255,6,4,0
66,66,0,1,0,1,0,2
14784,7048,7736,31,27,18,13,0
193,102,91,2,29,1,1,0
318,192,126,6,26,4,2,0
523518,15431,508087,466,210,109,357,0
257,102,155,2,30,1,1,0
70,70,0,1,0,1,0,2
66,66,0,1,0,1,0,1
318,192,126,6,29,4,2,0
21125,2413,18712,42,49,20,22,0
66,66,0,1,0,1,0,1
90706,5324,85382,128,262,66,62,0
4567,717,3850,17,148,7,10,0
62,62,0,1,0,1,0,1
70,70,0,1,5,1,0,0
70,70,0,1,5,1,0,0
825,99,726,2,0,1,1,0
164,84,80,2,31,1,1,0
5035,768,4267,14,15,8,6,0
242,78,164,2,30,1,1,0
3030,1372,1658,13,21,8,5,0
780,93,687,2,30,1,1,0
193,102,91,2,29,1,1,0
7757,1949,5808,22,126,12,10,0
210,102,108,2,29,1,1,0
5850,4395,1455,18,15,10,8,0
146,146,0,1,0,1,0,1
60,60,0,1,0,1,0,1
4507,1525,2982,24,147,13,11,0
102,102,0,1,30,1,0,0
66,66,0,1,0,1,0,2
1667,619,1048,10,45,6,4,0
168,78,90,2,30,1,1,0
66,66,0,1,0,1,0,2
66,66,0,1,0,1,0,2
70,70,0,1,0,1,0,2
62,62,0,1,0,1,0,1
1146,360,786,20,75,7,13,0
66,66,0,1,0,1,0,1
195,102,93,2,30,1,1,0
8413,3768,4645,25,143,12,13,0
209,110,99,2,30,1,1,0
5809,1552,4257,19,74,11,8,0
18156,12850,5306,32,76,19,13,0
66,66,0,1,0,1,0,2
349,110,239,2,30,1,1,0
66,66,0,1,0,1,0,1
70,70,0,1,0,1,0,2
318,192,126,6,29,4,2,0
898,126,772,2,30,1,1,0
256,88,168,4,32,2,2,0
66,66,0,1,0,1,0,1
194,99,95,2,31,1,1,0
19187,5127,14060,38,22,23,15,0
198,198,0,1,5,1,0,0
7476,2192,5284,27,316,13,14,0
4561,1654,2907,19,28,11,8,0
210,110,100,2,30,1,1,0
60,60,0,1,0,1,0,1
6376,4098,2278,20,16,10,10,0
17855,1067,16788,26,35,11,15,0
70,70,0,2,7,2,0,0
698,320,378,10,17,6,4,0
12197,2338,9859,34,122,14,20,0
382,94,288,2,30,1,1,0
749,94,655,2,30,1,1,0
870,330,540,12,1320,6,6,0
66,66,0,1,0,1,0,1
6796,1541,5255,23,121,11,12,0
70,70,0,1,0,1,0,2
66,66,0,1,5,1,0,0
62,62,0,1,0,1,0,1
146,146,0,1,0,1,0,1
237,91,146,2,32,1,1,0
146,146,0,1,0,1,0,1
9050,4611,4439,37,222,20,17,0
224,86,138,2,29,1,1,0
3792,488,3304,14,16,7,7,0
66,66,0,1,0,1,0,2
178,94,84,2,30,1,1,0
66,66,0,1,0,1,0,1
130,70,60,2,15,1,1,0
2888,1566,1322,17,18,9,8,0
6796,1796,5000,26,257,14,12,0
199,102,97,2,30,1,1,0
60,60,0,1,0,1,0,1
166,86,80,2,30,1,1,0
66,66,0,1,0,1,0,1
198,110,88,2,29,1,1,0
146,146,0,1,0,1,0,1
70,70,0,1,0,1,0,2
318,192,126,6,17,4,2,0
62,62,0,1,0,1,0,1
180,94,86,2,30,1,1,0
915,126,789,2,31,1,1,0
70,70,0,2,8,2,0,0
99,99,0,1,30,1,0,0
350492,17722,332770,449,125,169,280,0
70,70,0,1,0,1,0,2
66,66,0,1,0,1,0,1
62,62,0,1,0,1,0,1
62,62,0,1,0,1,0,1
62,62,0,1,0,1,0,1
70,70,0,1,0,1,0,2
177,94,83,2,30,1,1,0
199,94,105,2,30,1,1,0
70,70,0,1,0,1,0,2
70,70,0,2,8,2,0,0
62,62,0,1,0,1,0,1
314,192,122,6,42,4,2,0
241,94,147,2,30,1,1,0
245,94,151,2,30,1,1,0
158,158,0,1,1199,1,0,0
260,102,158,2,30,1,1,0
156,156,0,2,0,2,0,1
143,143,0,1,0,1,0,1
62,62,0,1,0,1,0,1
66,66,0,1,0,1,0,2
572,240,332,10,83,5,5,0
70,70,0,1,0,1,0,2
62,62,0,1,0,1,0,1
62,62,0,1,0,1,0,1
66,66,0,1,0,1,0,1
66,66,0,1,0,1,0,1
23357,2589,20768,33,120,13,20,0
183,94,89,2,30,1,1,0
66,66,0,1,0,1,0,2
62,62,0,1,0,1,0,1
381,88,293,4,31,2,2,0
243,100,143,2,30,1,1,0
733,86,647,2,31,1,1,0
66,66,0,1,0,1,0,1
170,87,83,2,30,1,1,0
3111,1364,1747,28,112,15,13,0
62,62,0,1,0,1,0,1
66,66,0,1,0,1,0,1
2382775,72482,2310293,2485,252,843,1642,0
1248,755,493,7,81,5,2,0
3338,2337,1001,18,45,11,7,0
70,70,0,1,0,1,0,2
7298,2661,4637,21,18,11,10,0
66,66,0,1,0,1,0,2
70,70,0,1,0,1,0,2
70,70,0,1,0,1,0,2
5863,1580,4283,17,15,9,8,0
8048,1189,6859,19,25,10,9,0
62,62,0,1,0,1,0,1
1413,876,537,12,28,6,6,0
192,98,94,2,31,1,1,0
5932,1264,4668,21,155,11,10,0
78,78,0,1,0,1,0,1
2581,1602,979,17,20,9,8,0
70,70,0,1,0,1,0,2
166663,77974,88689,368,2310,123,245,0
1907736,31488,1876248,1747,21,470,1277,0
806,463,343,9,15,6,3,0
146,146,0,1,0,1,0,1
66,66,0,1,0,1,0,1
137754,15176,122578,229,99,106,123,0
66,66,0,1,0,1,0,1
62,62,0,1,0,1,0,1
62,62,0,1,0,1,0,1
146,146,0,1,0,1,0,1
70,70,0,1,0,1,0,2
66,66,0,1,0,1,0,2
70,70,0,1,5,1,0,0
66,66,0,1,0,1,0,1
6951,1333,5618,26,271,14,12,0
145,145,0,1,0,1,0,1
62,62,0,1,0,1,0,1
11005,5789,5216,34,23,18,16,0
70,70,0,1,0,1,0,2
62,62,0,1,0,1,0,1
4481,1574,2907,19,26,11,8,0
70,70,0,1,0,1,0,2
66,66,0,1,0,1,0,2
70,70,0,1,0,1,0,2
711,87,624,2,31,1,1,0
70,70,0,1,0,1,0,2
62,62,0,1,0,1,0,1
62,62,0,1,0,1,0,1
196,102,94,2,30,1,1,0
303,85,218,2,30,1,1,0
70,70,0,1,0,1,0,2
237,94,143,2,29,1,1,0
66,66,0,1,0,1,0,1
66,66,0,1,0,1,0,2
4185,3462,723,14,15,7,7,0
260,86,174,2,30,1,1,0
62,62,0,1,0,1,0,1
213,102,111,2,30,1,1,0
74,74,0,1,0,1,0,1
196,102,94,2,30,1,1,0
6100,1233,4867,21,17,11,10,0
274,94,180,2,30,1,1,0
66,66,0,1,0,1,0,1
179,94,85,2,29,1,1,0
62,62,0,1,0,1,0,1
658,412,246,9,15,5,4,0
130,70,60,2,6,1,1,0
62,62,0,1,0,1,0,1
66,66,0,1,0,1,0,1
318,192,126,6,21,4,2,0
4526,2655,1871,24,98,14,10,0
168,86,82,2,31,1,1,0
66,66,0,1,0,1,0,2
11459,2165,9294,29,259,11,18,0
70,70,0,1,0,1,0,2
60,60,0,1,0,1,0,1
5167,700,4467,16,15,7,9,0
172,88,84,2,31,1,1,0
66,66,0,1,0,1,0,2
146,146,0,1,0,1,0,1
164,70,94,2,7,1,1,0
2500,531,1969,11,75,6,5,0
512,166,346,2,30,1,1,0
70,70,0,1,0,1,0,2
1236,676,560,13,22,7,6,0
62,62,0,1,0,1,0,1
70,70,0,1,0,1,0,2
168,78,90,2,30,1,1,0
90956,83597,7359,106,127,70,36,0
70,70,0,1,0,1,0,2
62,62,0,1,0,1,0,1
62,62,0,1,0,1,0,1
718,94,624,2,30,1,1,0
66,66,0,1,0,1,0,2
181,94,87,2,30,1,1,0
540,540,0,10,194,10,0,0
62,62,0,1,0,1,0,1
17547,2695,14852,30,76,14,16,0
211,102,109,2,31,1,1,0
559,193,366,6,67,3,3,0
183,94,89,2,29,1,1,0
66,66,0,1,0,1,0,2
21684,2143,19541,38,322,16,22,0
66,66,0,1,0,1,0,1
14203,1525,12678,13,143,2,11,0
7102,1857,5245,28,95,15,13,0
1402,910,492,11,360,6,5,0
254,128,126,5,15,3,2,0
4347,1440,2907,19,30,11,8,0
210,94,116,2,30,1,1,0
70,70,0,1,0,1,0,2
140,140,0,1,30,1,0,0
66,66,0,1,0,1,0,1
5691,503,5188,14,15,7,7,0
176,78,98,2,30,1,1,0
62,62,0,1,0,1,0,1
66,66,0,1,0,1,0,1
70,70,0,1,0,1,0,2
70,70,0,1,0,1,0,2
66,66,0,1,0,1,0,2
70,70,0,1,0,1,0,2
70,70,0,1,0,1,0,2
145,145,0,1,0,1,0,1
66,66,0,1,0,1,0,1
66,66,0,1,5,1,0,0
4391,2171,2220,14,135,7,7,0
733,85,648,2,30,1,1,0
70,70,0,1,0,1,0,2
1056,682,374,10,15,6,4,0
168,86,82,2,31,1,1,0
145,145,0,1,0,1,0,1
177,94,83,2,30,1,1,0
9894856,232425,9662431,9829,90,3300,6529,0
12822,4426,8396,42,18,24,18,0
62,62,0,1,0,1,0,1
3562,1936,1626,48,196,24,24,0
66,66,0,1,0,1,0,1
731,91,640,2,31,1,1,0
250,87,163,4,58,2,2,0
364,364,0,1,0,1,0,1
62,62,0,1,0,1,0,1
60,60,0,1,0,1,0,1
62,62,0,1,0,1,0,1
70,70,0,1,0,1,0,2
60,60,0,1,0,1,0,1
70,70,0,1,0,1,0,2
66,66,0,1,5,1,0,0
11779,3603,8176,42,142,21,21,0
62,62,0,1,0,1,0,1
10861,5281,5580,65,49,33,32,0
66,66,0,1,0,1,0,1
5734,498,5236,14,15,7,7,0
527,208,319,6,64,3,3,0
177,94,83,2,30,1,1,0
66,66,0,1,0,1,0,2
66,66,0,1,0,1,0,1
1178,820,358,9,15,6,3,0
418,150,268,2,30,1,1,0
146,146,0,1,0,1,0,1
199,102,97,2,30,1,1,0
422,164,258,6,30,3,3,0
752,93,659,2,31,1,1,0
168,78,90,2,30,1,1,0
4979,1505,3474,21,40,11,10,0
200,94,106,2,30,1,1,0
7128,2589,4539,25,37,15,10,0
177,94,83,2,31,1,1,0
448,184,264,6,30,3,3,0
62,62,0,1,0,1,0,1
12388,742,11646,18,130,7,11,0
70,70,0,1,0,1,0,2
70,70,0,1,0,1,0,2
145,145,0,1,0,1,0,1
70,70,0,1,5,1,0,0
196,102,94,2,30,1,1,0
8085,2164,5921,22,86,12,10,0
70,70,0,1,0,1,0,2
7298,2661,4637,21,21,11,10,0
183,94,89,2,30,1,1,0
70,70,0,1,0,1,0,2
70,70,0,1,5,1,0,0
66,66,0,1,0,1,0,1
182,93,89,2,30,1,1,0
199,102,97,2,31,1,1,0
179,94,85,2,30,1,1,0
70,70,0,1,0,1,0,2
7638,1758,5880,24,17,13,11,0
1855088,42017,1813071,1821,49,531,1290,0
62,62,0,1,0,1,0,1
672,432,240,10,142,6,4,0
66,66,0,1,0,1,0,2
260,102,158,2,29,1,1,0
66,66,0,1,0,1,0,1
70,70,0,1,5,1,0,0
405,285,120,5,15,3,2,0
3616,429,3187,11,15,6,5,0
66,66,0,1,0,1,0,1
66,66,0,1,0,1,0,2
268,94,174,2,30,1,1,0
70,70,0,1,5,1,0,0
231,97,134,2,30,1,1,0
231,102,129,2,30,1,1,0
277,94,183,4,60,2,2,0
60,60,0,1,90,1,0,0
184,102,82,2,30,1,1,0
60,60,0,1,0,1,0,1
70,70,0,1,0,1,0,2
194,99,95,2,31,1,1,0
146,146,0,1,0,1,0,1
11191,4657,6534,32,129,14,18,0
62,62,0,1,0,1,0,1
728,102,626,2,30,1,1,0
200,86,114,2,30,1,1,0
199,102,97,2,30,1,1,0
1290,300,990,6,1200,3,3,0
66,66,0,1,0,1,0,2
66,66,0,1,0,1,0,1
209,102,107,2,30,1,1,0
316,136,180,6,7,3,3,0
779,86,693,2,30,1,1,0
901,126,775,2,31,1,1,0
213,86,127,2,30,1,1,0
212,110,102,2,30,1,1,0
66,66,0,1,0,1,0,2
66,66,0,1,0,1,0,1
66,66,0,1,0,1,0,1
320,140,180,6,7,3,3,0
100,100,0,1,0,1,0,1
168,86,82,2,30,1,1,0
248,78,170,2,30,1,1,0
70,70,0,1,0,1,0,2
7982,2392,5590,25,26,14,11,0
66,66,0,1,0,1,0,1
66,66,0,1,0,1,0,2
130,70,60,3,5,2,1,0
711,87,624,2,30,1,1,0
735,88,647,2,31,1,1,0
62,62,0,1,0,1,0,1
62,62,0,1,0,1,0,1
70,70,0,1,0,1,0,2
70,70,0,2,8,2,0,0
86,86,0,1,0,1,0,1
269,110,159,2,30,1,1,0
622,210,412,10,21,4,6,0
62,62,0,1,0,1,0,1
7775,3174,4601,25,16,11,14,0
70,70,0,1,0,1,0,2
66,66,0,1,0,1,0,2
62,62,0,1,0,1,0,1
195,102,93,2,31,1,1,0
62,62,0,1,0,1,0,1
66,66,0,1,0,1,0,1
188,96,92,2,30,1,1,0
9415,3482,5933,57,16,29,28,0
66,66,0,1,0,1,0,2
877,126,751,2,30,1,1,0
267,94,173,4,55,2,2,0
62,62,0,1,0,1,0,1
70,70,0,1,5,1,0,0
159,159,0,1,0,1,0,1
66,66,0,1,0,1,0,1
3108,1711,1397,24,813,11,13,0
203,82,121,2,30,1,1,0
8915,2193,6722,22,46,13,9,0
184,94,90,2,30,1,1,0
79227,5480,73747,89,19,32,57,0
182,93,89,2,31,1,1,0
4353,687,3666,14,25,8,6,0
62,62,0,1,0,1,0,1
499,425,74,4,0,3,1,0
60,60,0,1,0,1,0,1
70,70,0,1,0,1,0,2
235,90,145,2,32,1,1,0
43964,6675,37289,60,49,25,35,0
66,66,0,1,0,1,0,1
416,210,206,7,28,4,3,0
62,62,0,1,0,1,0,1
66,66,0,1,0,1,0,2
200,78,122,2,30,1,1,0
197,102,95,2,30,1,1,0
66,66,0,2,7,2,0,0
258,126,132,2,30,1,1,0
2901,1472,1429,27,17,12,15,0
5899,732,5167,16,41,8,8,0
83,83,0,1,0,1,0,1
758,93,665,2,30,1,1,0
66,66,0,1,0,1,0,1
3586,1074,2512,17,137,8,9,0
178,94,84,2,30,1,1,0
60,60,0,1,0,1,0,1
66,66,0,1,0,1,0,2
58656,12994,45662,148,71,64,84,0
146,146,0,1,0,1,0,1
1820,1101,719,18,73,10,8,0
199,94,105,2,31,1,1,0
146,146,0,1,0,1,0,1
177,94,83,2,31,1,1,0
366,180,186,7,28,4,3,0
85,85,0,1,0,1,0,1
193,102,91,2,29,1,1,0
744,89,655,2,31,1,1,0
4832,3054,1778,27,16,14,13,0
130,70,60,2,6,1,1,0
437,88,349,4,41,2,2,0
62,62,0,1,0,1,0,1
66,66,0,1,0,1,0,2
62,62,0,1,0,1,0,1
70,70,0,2,8,2,0,0
66,66,0,1,0,1,0,2
198,101,97,2,30,1,1,0
173,94,79,2,30,1,1,0
70,70,0,1,0,1,0,2
177,94,83,2,31,1,1,0
399,97,302,4,59,2,2,0
66,66,0,1,5,1,0,0
10324,8406,1918,44,87,26,18,0
62,62,0,1,0,1,0,1
180,94,86,2,30,1,1,0
1969,1195,774,18,122,11,7,0
305,86,219,2,31,1,1,0
62,62,0,1,0,1,0,1
62,62,0,1,0,1,0,1
3709,1176,2533,14,135,7,7,0
2042,559,1483,20,89,6,14,0
9551,2173,7378,33,26,17,16,0
8964,6357,2607,44,163,23,21,0
183,94,89,2,29,1,1,0
66,66,0,1,0,1,0,1
66,66,0,1,0,1,0,1
2516,1929,587,15,16,9,6,0
177,94,83,2,30,1,1,0
66,66,0,1,0,1,0,1
25079,5739,19340,39,337,18,21,0
216,90,126,2,29,1,1,0
70,70,0,1,0,1,0,2
320,140,180,6,7,3,3,0
66,66,0,1,0,1,0,1
4642,3496,1146,18,16,10,8,0
6864,1633,5231,20,315,10,10,0
62,62,0,1,0,1,0,1
733,94,639,2,30,1,1,0
62,62,0,1,0,1,0,1
1269784,41489,1228295,1339,37,478,861,0
70,70,0,2,9,2,0,0
630,204,426,6,64,3,3,0
70,70,0,1,0,1,0,2
3323,2023,1300,17,255,9,8,0
7682,3198,4484,27,17,16,11,0
139,139,0,1,0,1,0,1
300,100,200,4,44,2,2,0
211,102,109,2,29,1,1,0
70,70,0,1,0,1,0,2
306,306,0,4,47,4,0,0
66,66,0,1,0,1,0,1
66,66,0,1,0,1,0,1
66,66,0,1,0,1,0,1
60,60,0,1,0,1,0,1
771,101,670,2,31,1,1,0
62,62,0,1,0,1,0,1
231,90,141,2,30,1,1,0
74,74,0,1,0,1,0,1
177,94,83,2,29,1,1,0
66,66,0,1,0,1,0,1
60,60,0,1,0,1,0,1
4230,760,3470,14,27,8,6,0
146,146,0,1,0,1,0,1
66,66,0,2,8,2,0,0
81136,7785,73351,109,131,40,69,0
66,66,0,1,0,1,0,1
70,70,0,1,0,1,0,2
66,66,0,1,0,1,0,2
62,62,0,1,0,1,0,1
66,66,0,1,0,1,0,1
66,66,0,1,0,1,0,1
62,62,0,1,0,1,0,1
6044,780,5264,16,66,8,8,0
889,404,485,10,30,5,5,0
10310,2469,7841,35,255,18,17,0
70,70,0,1,5,1,0,0
70,70,0,1,0,1,0,2
19919,2270,17649,38,26,21,17,0
6849,1103,5746,23,120,12,11,0
177,94,83,2,30,1,1,0
62,62,0,1,0,1,0,1
72,72,0,1,0,1,0,1
218,85,133,2,30,1,1,0
70,70,0,1,0,1,0,2
366,180,186,7,28,4,3,0
760,97,663,2,31,1,1,0
624,318,306,10,15,5,5,0
754,94,660,2,30,1,1,0
62,62,0,1,0,1,0,1
8544,2633,5911,51,154,28,23,0
70,70,0,1,0,1,0,2
469212,19981,449231,601,134,276,325,0
66,66,0,1,0,1,0,2
70,70,0,1,0,1,0,2
66,66,0,1,0,1,0,2
66,66,0,1,0,1,0,2
111590,17663,93927,212,115,93,119,0
164,78,86,2,31,1,1,0
70,70,0,1,0,1,0,2
162,162,0,1,0,1,0,1
70,70,0,1,0,1,0,2
25980,10637,15343,40,42,17,23,0
385,110,275,2,30,1,1,0
70,70,0,1,0,1,0,2
70,70,0,1,0,1,0,2
62,62,0,1,0,1,0,1
66,66,0,1,0,1,0,1
216,110,106,2,30,1,1,0
60,60,0,1,0,1,0,1
178,94,84,2,30,1,1,0
1295,926,369,13,17,9,4,0
66,66,0,1,0,1,0,1
70,70,0,1,0,1,0,2
86513,10300,76213,131,137,54,77,0
3055,993,2062,10,120,5,5,0
184,94,90,2,31,1,1,0
198,102,96,2,30,1,1,0
228,118,110,2,1199,1,1,0
13469,2007,11462,44,256,19,25,0
70,70,0,1,0,1,0,2
2475,723,1752,12,41,6,6,0
6348,1071,5277,18,42,10,8,0
10323,2834,7489,44,256,21,23,0
5108,700,4408,15,15,7,8,0
177,94,83,2,30,1,1,0
378,192,186,7,26,4,3,0
70,70,0,1,0,1,0,2
171,171,0,1,0,1,0,1
66,66,0,1,0,1,0,2
8852,1428,7424,22,199,11,11,0
2191,1142,1049,21,370,9,12,0
1600,1089,511,13,151,7,6,0
89931,3417,86514,94,15,30,64,0
320,140,180,6,6,3,3,0
70,70,0,1,0,1,0,2
66,66,0,1,0,1,0,1
66,66,0,1,0,1,0,1
66,66,0,1,0,1,0,1
6285,1545,4740,22,17,12,10,0
811,671,140,6,32,4,2,0
146,146,0,1,0,1,0,1
70,70,0,1,0,1,0,2
66,66,0,1,0,1,0,2
184,94,90,2,30,1,1,0
24283,14945,9338,46,318,26,20,0
62,62,0,1,0,1,0,1
146,146,0,1,0,1,0,1
70,70,0,1,0,1,0,2
70,70,0,1,4,1,0,0
186,64,122,4,25,2,2,0
7603,1651,5952,24,16,13,11,0
6101,848,5253,17,21,9,8,0
5987,1085,4902,15,25,8,7,0
62,62,0,1,0,1,0,1
60,60,0,1,0,1,0,1
403,110,293,2,30,1,1,0
66,66,0,1,0,1,0,1
2494,1643,851,17,25,9,8,0
304,86,218,2,30,1,1,0
199,75,124,4,59,2,2,0
499,425,74,4,0,3,1,0
70,70,0,1,0,1,0,2
62,62,0,1,0,1,0,1
260,102,158,2,30,1,1,0
177,94,83,2,31,1,1,0
70,70,0,1,0,1,0,2
176,90,86,2,31,1,1,0
136,136,0,3,14,3,0,0
210,110,100,2,30,1,1,0
499,425,74,4,0,3,1,0
60,60,0,1,0,1,0,1
195,94,101,2,30,1,1,0
54095,6413,47682,151,450,61,90,0
70,70,0,1,5,1,0,0
15401,3011,12390,37,65,21,16,0
66,66,0,1,0,1,0,2
6598,1506,5092,22,305,12,10,0
165,86,79,2,30,1,1,0
66,66,0,1,0,1,0,1
60,60,0,1,0,1,0,1
66,66,0,1,0,1,0,1
62,62,0,1,0,1,0,1
183,94,89,2,30,1,1,0
70,70,0,1,0,1,0,2
188,96,92,2,31,1,1,0
902,126,776,2,30,1,1,0
184,102,82,2,30,1,1,0
39850,4375,35475,73,80,31,42,0
4712,908,3804,18,77,9,9,0
66,66,0,1,0,1,0,1
3354,1792,1562,46,195,23,23,0
70,70,0,1,5,1,0,0
18544,4402,14142,31,191,14,17,0
168,78,90,2,31,1,1,0
1578,756,822,13,34,7,6,0
211,80,131,2,30,1,1,0
66,66,0,1,0,1,0,1
66,66,0,1,0,1,0,2
214,140,74,4,15,3,1,0
78,78,0,1,29,1,0,0
7718,2030,5688,23,20,11,12,0
66,66,0,1,0,1,0,1
70,70,0,1,0,1,0,2
79562,17054,62508,111,109,54,57,0
70,70,0,2,8,2,0,0
66,66,0,1,0,1,0,1
6900,4387,2513,37,98,19,18,0
2378,1126,1252,14,979,7,7,0
70,70,0,2,8,2,0,0
20862040,250452,20611588,16880,170,1832,15048,0
98765,5293,93472,131,199,48,83,0
60,60,0,1,0,1,0,1
7757,1997,5760,23,126,13,10,0
70,70,0,1,0,1,0,2
876,126,750,2,30,1,1,0
62,62,0,1,0,1,0,1
3657,1638,2019,20,18,11,9,0
70,70,0,1,0,1,0,2
66,66,0,1,0,1,0,1
66,66,0,1,0,1,0,1
819,102,717,2,30,1,1,0
82,82,0,1,30,1,0,0
70,70,0,1,0,1,0,2
70,70,0,1,0,1,0,2
760,97,663,2,30,1,1,0
70,70,0,1,0,1,0,2
70,70,0,1,4,1,0,0
60,60,0,1,0,1,0,1
66,66,0,1,0,1,0,2
66,66,0,1,0,1,0,2
66,66,0,1,0,1,0,2
7889,1900,5989,20,15,11,9,0
1270,387,883,16,392,4,12,0
192,98,94,2,31,1,1,0
66,66,0,1,0,1,0,1
247,94,153,2,30,1,1,0
177,94,83,2,31,1,1,0
254,71,183,2,30,1,1,0
200,102,98,2,31,1,1,0
5695,505,5190,14,15,7,7,0
62,62,0,1,0,1,0,1
82,82,0,1,30,1,0,0
4659,1752,2907,19,30,11,8,0
148,86,62,2,30,1,1,0
195,102,93,2,30,1,1,0
226,102,124,2,30,1,1,0
66,66,0,1,0,1,0,1
70,70,0,1,0,1,0,2
66,66,0,1,0,1,0,1
195,102,93,2,31,1,1,0
70,70,0,2,8,2,0,0
7808,2879,4929,36,186,19,17,0
298,86,212,2,30,1,1,0
286,103,183,4,52,2,2,0
2649258,1156086,1493172,7283,5215,3384,3899,0
8857,2827,6030,52,17,29,23,0
2478246,45190,2433056,2175,27,520,1655,0
323,150,173,2,1200,1,1,0
9372,9372,0,11,30,11,0,0
66,66,0,1,0,1,0,1
70,70,0,2,7,2,0,0
260,102,158,2,30,1,1,0
70,70,0,2,8,2,0,0
70,70,0,1,0,1,0,2
66,66,0,1,0,1,0,1
168,86,82,2,30,1,1,0
331,90,241,4,38,2,2,0
738,86,652,2,31,1,1,0
66,66,0,1,0,1,0,2
66,66,0,1,0,1,0,2
70,70,0,1,0,1,0,2
62,62,0,1,0,1,0,1
66,66,0,1,0,1,0,1
60,60,0,1,0,1,0,1
168,78,90,2,30,1,1,0
62,62,0,1,0,1,0,1
763,102,661,2,29,1,1,0
70,70,0,1,0,1,0,2
70,70,0,1,0,1,0,2
70,70,0,1,0,1,0,2
168,86,82,2,30,1,1,0
13048,4976,8072,40,140,18,22,0
70,70,0,1,0,1,0,2
4417,2499,1918,18,56,10,8,0
70,70,0,1,4,1,0,0
182,93,89,2,31,1,1,0
8006,1986,6020,20,15,11,9,0
12409,2224,10185,36,26,19,17,0
70,70,0,1,0,1,0,2
182,93,89,2,31,1,1,0
66,66,0,1,0,1,0,1
323,150,173,2,1201,1,1,0
259,87,172,4,37,2,2,0
4520,2520,2000,40,3961,20,20,0
184,94,90,2,30,1,1,0
4175,3452,723,14,15,7,7,0
25970,2371,23599,52,17,26,26,0
13499,2333,11166,24,137,10,14,0
60,60,0,1,0,1,0,1
5447,1074,4373,21,17,10,11,0
66,66,0,1,0,1,0,2
479,150,329,2,1200,1,1,0
60,60,0,1,0,1,0,1
24787,1571,23216,40,21,20,20,0
6261,1362,4899,22,15,12,10,0
60,60,0,1,0,1,0,1
186,95,91,2,31,1,1,0
70,70,0,1,0,1,0,2
5613,733,4880,16,14,9,7,0
148,148,0,1,0,1,0,1
70,70,0,1,0,1,0,2
487,201,286,6,42,3,3,0
130,70,60,2,15,1,1,0
62,62,0,1,0,1,0,1
60,60,0,1,0,1,0,1
146,146,0,1,0,1,0,1
870,126,744,2,29,1,1,0
318,192,126,6,16,4,2,0
70,70,0,1,5,1,0,0
325,102,223,2,30,1,1,0
3562,1936,1626,48,194,24,24,0
66,66,0,1,0,1,0,2
8404,3653,4751,25,256,14,11,0
391561,17125,374436,478,17,213,265,0
190,97,93,2,31,1,1,0
70,70,0,1,0,1,0,2
66,66,0,1,0,1,0,2
1934,1083,851,9,15,5,4,0
146,146,0,1,0,1,0,1
66,66,0,1,0,1,0,2
62,62,0,1,0,1,0,1
60,60,0,1,0,1,0,1
37311,3340,33971,52,65,26,26,0
1210,637,573,14,25,7,7,0
70,70,0,1,0,1,0,2
190,97,93,2,30,1,1,0
62,62,0,1,0,1,0,1
269,96,173,4,59,2,2,0
70,70,0,1,0,1,0,2
320,140,180,6,7,3,3,0
60,60,0,1,0,1,0,1
196,102,94,2,30,1,1,0
70,70,0,1,0,1,0,2
66,66,0,1,0,1,0,2
66,66,0,1,0,1,0,1
212,110,102,2,30,1,1,0
70,70,0,1,0,1,0,2
3193,2163,1030,17,79,10,7,0
70,70,0,1,0,1,0,2
751676,8792,742884,617,16,123,494,0
485,93,392,4,48,2,2,0
18679,9115,9564,45,18,24,21,0
66,66,0,1,0,1,0,2
66,66,0,1,0,1,0,1
62,62,0,1,0,1,0,1
252960,10277,242683,301,209,119,182,0
177,94,83,2,30,1,1,0
214,97,117,2,30,1,1,0
62,62,0,1,0,1,0,1
223,78,145,2,30,1,1,0
66,66,0,1,0,1,0,1
4124,2423,1701,20,16,11,9,0
66,66,0,1,0,1,0,1
70,70,0,1,0,1,0,2
66,66,0,1,0,1,0,2
66,66,0,1,0,1,0,1
62,62,0,1,0,1,0,1
168,78,90,2,29,1,1,0
70,70,0,1,0,1,0,2
70,70,0,1,0,1,0,2
66,66,0,1,0,1,0,1
66,66,0,1,0,1,0,2
66,66,0,1,0,1,0,1
60,60,0,1,0,1,0,1
226,102,124,2,30,1,1,0
184,94,90,2,30,1,1,0
332,332,0,1,0,1,0,1
60,60,0,1,0,1,0,1
70,70,0,1,0,1,0,2
1612,1089,523,12,15,7,5,0
422,164,258,6,30,3,3,0
66,66,0,1,0,1,0,2
178,94,84,2,30,1,1,0
70,70,0,1,0,1,0,2
14904,6448,8456,33,30,18,15,0
66,66,0,1,0,1,0,2
166,86,80,2,31,1,1,0
60,60,0,1,0,1,0,1
62,62,0,1,0,1,0,1
34167,3638,30529,50,200,23,27,0
3734,1750,1984,24,203,12,12,0
1674,708,966,18,392,6,12,0
2169,1263,906,13,75,8,5,0
70,70,0,1,0,1,0,2
62,62,0,1,0,1,0,1
62,62,0,1,0,1,0,1
60,60,0,1,0,1,0,1
3437462,77916,3359546,3384,134,1140,2244,0
259,86,173,2,30,1,1,0
70,70,0,1,0,1,0,2
62,62,0,1,0,1,0,1
200,102,98,2,30,1,1,0
361,102,259,2,30,1,1,0
200,102,98,2,33,1,1,0
6075,3806,2269,18,120,10,8,0
3614,434,3180,11,15,6,5,0
62,62,0,1,0,1,0,1
318,192,126,6,26,4,2,0
145,145,0,1,0,1,0,1
66,66,0,1,0,1,0,2
62,62,0,1,0,1,0,1
240,240,0,1,0,1,0,1
70,70,0,1,0,1,0,2
66,66,0,1,0,1,0,2
70,70,0,1,0,1,0,2
318,192,126,6,41,4,2,0
62,62,0,1,0,1,0,1
199,102,97,2,30,1,1,0
177,94,83,2,31,1,1,0
146,146,0,1,0,1,0,1
60,60,0,1,0,1,0,1
509,150,359,2,1200,1,1,0
1426,930,496,10,22,7,3,0
70,70,0,1,0,1,0,2
66,66,0,1,0,1,0,2
1304,850,454,11,31,6,5,0
3504,1790,1714,17,34,9,8,0
66,66,0,1,0,1,0,2
70,70,0,2,8,2,0,0
60,60,0,1,0,1,0,1
3150,1478,1672,32,131,17,15,0
62,62,0,1,0,1,0,1
166,86,80,2,31,1,1,0
826,826,0,8,44,8,0,0
70,70,0,1,0,1,0,2
71,71,0,1,30,1,0,0
62,62,0,1,0,1,0,1
6158,654,5504,15,16,8,7,0
136,136,0,3,13,3,0,0
598,196,402,6,71,3,3,0
870,126,744,2,30,1,1,0
70,70,0,1,0,1,0,2
242,98,144,2,30,1,1,0
6205,2761,3444,25,28,14,11,0
3370,1595,1775,16,15,9,7,0
66,66,0,1,0,1,0,2
66,66,0,1,0,1,0,1
1468,893,575,15,62,8,7,0
2356,499,1857,10,134,6,4,0
70,70,0,1,0,1,0,2
209,110,99,2,30,1,1,0
560,264,296,9,44,5,4,0
193,102,91,2,29,1,1,0
193,102,91,2,31,1,1,0
3388,894,2494,19,154,8,11,0
70,70,0,1,0,1,0,2
62,62,0,1,0,1,0,1
243,102,141,2,30,1,1,0
8579,2273,6306,17,136,8,9,0
318,192,126,6,37,4,2,0
66,66,0,1,0,1,0,2
19311,2432,16879,55,417,24,31,0
66,66,0,1,0,1,0,2
18018,4407,13611,36,100,19,17,0
184,94,90,2,30,1,1,0
259,86,173,2,30,1,1,0
66,66,0,1,0,1,0,2
66,66,0,1,0,1,0,1
209,110,99,2,30,1,1,0
3097,1708,1389,15,19,9,6,0
66,66,0,1,0,1,0,2
62,62,0,1,0,1,0,1
164,78,86,2,29,1,1,0
66,66,0,1,0,1,0,1
66,66,0,1,0,1,0,1
1275,300,975,6,1200,3,3,0
62,62,0,1,0,1,0,1
66,66,0,1,0,1,0,1
3262,256,3006,9,121,4,5,0
170,87,83,2,31,1,1,0
134273,4066,130207,163,22,59,104,0
86,86,0,1,30,1,0,0
72465,3991,68474,98,169,43,55,0
66,66,0,1,0,1,0,1
4883,1327,3556,18,135,9,9,0
492,306,186,8,15,5,3,0
11586,5435,6151,46,46,25,21,0
66,66,0,1,0,1,0,2
2188,1421,767,11,61,7,4,0
100,100,0,1,0,1,0,1
14584,6798,7786,37,181,18,19,0
5663,3258,2405,19,120,9,10,0
214,140,74,4,35,3,1,0
624,318,306,10,15,5,5,0
270,88,182,4,53,2,2,0
70,70,0,1,5,1,0,0
70,70,0,1,0,1,0,2
148,86,62,2,30,1,1,0
66,66,0,1,0,1,0,1
196,100,96,2,30,1,1,0
62,62,0,1,0,1,0,1
814,110,704,2,29,1,1,0
66,66,0,1,0,1,0,1
33314,1722,31592,40,88,14,26,0
70,70,0,1,0,1,0,2
66,66,0,1,0,1,0,1
66,66,0,1,0,1,0,1
66,66,0,1,0,1,0,2
4478,1133,3345,13,27,8,5,0
9336,1153,8183,27,34,14,13,0
66,66,0,1,0,1,0,2
148,148,0,1,0,1,0,1
66,66,0,1,0,1,0,1
178,94,84,2,30,1,1,0
74,74,0,1,0,1,0,1
1468,763,705,16,181,8,8,0
481,150,331,2,1200,1,1,0
66,66,0,1,0,1,0,2
258,94,164,2,31,1,1,0
60,60,0,1,0,1,0,1
493,280,213,8,97,5,3,0
77,77,0,1,0,1,0,1
66,66,0,1,0,1,0,1
742,88,654,2,31,1,1,0
62,62,0,1,0,1,0,1
183,94,89,2,30,1,1,0
4403,2160,2243,14,136,7,7,0
70,70,0,1,4,1,0,0
295,90,205,2,30,1,1,0
168,86,82,2,31,1,1,0
70,70,0,1,0,1,0,2
184,94,90,2,30,1,1,0
66,66,0,1,0,1,0,2
70,70,0,1,0,1,0,2
66,66,0,1,0,1,0,2
178,118,60,2,15,1,1,0
7941,1952,5989,20,15,11,9,0
62,62,0,1,0,1,0,1
66,66,0,1,0,1,0,2
70,70,0,2,7,2,0,0
62,62,0,1,0,1,0,1
318,192,126,6,25,4,2,0
66,66,0,1,0,1,0,2
62,62,0,1,0,1,0,1
62,62,0,1,0,1,0,1
62,62,0,1,0,1,0,1
7794,1470,6324,18,151,9,9,0
273,102,171,2,30,1,1,0
220,90,130,2,30,1,1,0
62,62,0,1,0,1,0,1
6260,696,5564,17,16,9,8,0
202,103,99,2,31,1,1,0
70,70,0,1,0,1,0,2
70,70,0,1,0,1,0,2
66,66,0,1,0,1,0,1
66,66,0,1,0,1,0,2
66,66,0,1,0,1,0,1
48253,13664,34589,66,75,25,41,0
183,94,89,2,30,1,1,0
62,62,0,1,0,1,0,1
3943,1809,2134,21,82,11,10,0
291803,6522,285281,284,113,58,226,0
70,70,0,2,8,2,0,0
70,70,0,1,0,1,0,2
66,66,0,1,0,1,0,1
296372,11959,284413,311,23,113,198,0
208,86,122,2,30,1,1,0
139,70,69,2,30,1,1,0
180,80,100,2,31,1,1,0
66,66,0,1,0,1,0,1
174,89,85,2,30,1,1,0
146,146,0,1,0,1,0,1
308,94,214,2,30,1,1,0
969,86,883,2,30,1,1,0
2484,330,2154,12,136,5,7,0
1634,126,1508,4,31,2,2,0
177,94,83,2,30,1,1,0
70,70,0,1,0,1,0,2
62,62,0,1,0,1,0,1
146,146,0,1,0,1,0,1
66,66,0,1,0,1,0,1
60,60,0,1,0,1,0,1
22677,11756,10921,45,315,26,19,0
66,66,0,1,0,1,0,2
70,70,0,1,0,1,0,2
190,97,93,2,31,1,1,0
6419,995,5424,21,361,11,10,0
70,70,0,1,0,1,0,2
92044,19483,72561,147,186,55,92,0
502,310,192,9,31,6,3,0
167,86,81,2,30,1,1,0
180504,12712,167792,229,32,105,124,0
793,101,692,2,31,1,1,0
66,66,0,1,0,1,0,2
7516,1498,6018,25,79,11,14,0
60,60,0,1,0,1,0,1
70,70,0,1,0,1,0,2
65276,4554,60722,82,217,34,48,0
66,66,0,1,0,1,0,2
168,86,82,2,30,1,1,0
3876,2012,1864,21,315,10,11,0
62,62,0,1,0,1,0,1
170,87,83,2,30,1,1,0
60,60,0,1,0,1,0,1
178,94,84,2,30,1,1,0
382,164,218,2,31,1,1,0
62,62,0,1,0,1,0,1
180,94,86,2,30,1,1,0
70,70,0,2,8,2,0,0
62,62,0,1,0,1,0,1
256649,11414,245235,280,141,111,169,0
342,97,245,4,42,2,2,0
62,62,0,1,0,1,0,1
214,140,74,4,35,3,1,0
100,100,0,1,0,1,0,1
245,94,151,2,30,1,1,0
430,106,324,4,58,2,2,0
62,62,0,1,0,1,0,1
70,70,0,1,0,1,0,2
66,66,0,1,0,1,0,2
62,62,0,1,0,1,0,1
881,126,755,2,30,1,1,0
70,70,0,1,5,1,0,0
66,66,0,1,0,1,0,2
66,66,0,1,0,1,0,1
70,70,0,2,8,2,0,0
146,146,0,1,0,1,0,1
7531,2720,4811,24,331,13,11,0
70,70,0,1,0,1,0,2
12539,6472,6067,81,406,37,44,0
7474,1298,6176,25,81,11,14,0
66,66,0,1,0,1,0,2
264,110,154,2,30,1,1,0
145,145,0,1,0,1,0,1
70,70,0,1,0,1,0,2
227,102,125,2,30,1,1,0
4892,1157,3735,16,89,8,8,0
430,60,370,7,24,2,5,0
70,70,0,1,0,1,0,2
139,139,0,1,0,1,0,1
261,94,167,2,30,1,1,0
197,102,95,2,30,1,1,0
66,66,0,1,0,1,0,1
276238,23971,252267,482,138,188,294,0
70,70,0,2,8,2,0,0
195,102,93,2,30,1,1,0
172,172,0,2,5,2,0,0
44566,6675,37891,58,23,27,31,0
70,70,0,1,0,1,0,2
70,70,0,1,0,1,0,2
70,70,0,1,0,1,0,2
99092,3694,95398,115,170,43,72,0
70,70,0,1,5,1,0,0
62,62,0,1,0,1,0,1
66,66,0,1,0,1,0,2
314,192,122,6,15,4,2,0
70,70,0,1,0,1,0,2
184,94,90,2,30,1,1,0
86,86,0,1,29,1,0,0
62,62,0,1,0,1,0,1
214,140,74,4,15,3,1,0
70,70,0,1,0,1,0,2
316,136,180,6,6,3,3,0
164,84,80,2,31,1,1,0
198,101,97,2,30,1,1,0
6396,1589,4807,23,315,12,11,0
225,102,123,2,30,1,1,0
60,60,0,1,5,1,0,0
197,102,95,2,35,1,1,0
70,70,0,1,0,1,0,2
70,70,0,1,0,1,0,2
166,86,80,2,31,1,1,0
509,150,359,2,1199,1,1,0
70,70,0,1,0,1,0,2
404,259,145,3,33,2,1,0
3398,2096,1302,19,16,10,9,0
66,66,0,1,0,1,0,1
1784075,46752,1737323,1812,47,606,1206,0
701,88,613,2,31,1,1,0
22342,1787,20555,38,177,16,22,0
146,146,0,1,0,1,0,1
194,87,107,2,30,1,1,0
5242,861,4381,17,16,9,8,0
7743,1601,6142,18,16,10,8,0
183,94,89,2,30,1,1,0
5406,922,4484,19,360,10,9,0
86,86,0,1,30,1,0,0
8783,4321,4462,39,94,19,20,0
62,62,0,1,0,1,0,1
381,102,279,4,42,2,2,0
215,102,113,2,29,1,1,0
146,146,0,1,0,1,0,1
70,70,0,1,0,1,0,2
186,95,91,2,31,1,1,0
146,146,0,1,0,1,0,1
1307,688,619,14,37,8,6,0
62,62,0,1,0,1,0,1
290,110,180,2,30,1,1,0
6180,3550,2630,27,272,13,14,0
70,70,0,1,0,1,0,2
71523,19991,51532,112,41,59,53,0
11681,3607,8074,40,120,20,20,0
66,66,0,1,0,1,0,1
183,94,89,2,29,1,1,0
98,98,0,1,0,1,0,1
144,82,62,2,31,1,1,0
4360,2142,2218,15,120,7,8,0
70,70,0,1,0,1,0,2
62,62,0,1,0,1,0,1
248,118,130,2,29,1,1,0
180425,10839,169586,213,33,93,120,0
66,66,0,1,0,1,0,2
166,86,80,2,30,1,1,0
174,89,85,2,31,1,1,0
60,60,0,1,0,1,0,1
70,70,0,1,0,1,0,2
66,66,0,1,0,1,0,2
66,66,0,1,0,1,0,2
234,234,0,4,47,4,0,0
66,66,0,1,0,1,0,1
66,66,0,1,0,1,0,2
62,62,0,1,0,1,0,1
297,102,195,4,33,2,2,0
62,62,0,1,0,1,0,1
1111,749,362,9,15,5,4,0
66,66,0,1,0,1,0,1
66,66,0,1,0,1,0,1
8065,2689,5376,27,315,14,13,0
216,110,106,2,30,1,1,0
642,582,60,2,15,1,1,0
770,101,669,2,31,1,1,0
221,111,110,2,1200,1,1,0
10203,2365,7838,40,86,22,18,0
66,66,0,1,0,1,0,1
4624,1524,3100,17,17,9,8,0
6041,1830,4211,21,82,10,11,0
70,70,0,1,0,1,0,2
2014,1216,798,13,130,8,5,0
192,98,94,2,31,1,1,0
436,94,342,2,30,1,1,0
7668,2540,5128,22,155,12,10,0
195,102,93,2,30,1,1,0
70,70,0,1,0,1,0,2
146,146,0,1,0,1,0,1
499,425,74,4,0,3,1,0
188,96,92,2,31,1,1,0
70,70,0,1,0,1,0,2
4265,1678,2587,21,142,10,11,0
1658,1247,411,8,15,5,3,0
168,86,82,2,30,1,1,0
66,66,0,1,0,1,0,2
5442,2195,3247,22,39,13,9,0
5774,783,4991,17,75,10,7,0
2047,701,1346,16,26,5,11,0
70,70,0,1,0,1,0,2
453,186,267,6,30,3,3,0
212,108,104,2,30,1,1,0
3610,2043,1567,16,15,9,7,0
66,66,0,1,0,1,0,2
240,98,142,2,30,1,1,0
782,105,677,2,30,1,1,0
66,66,0,1,0,1,0,2
70,70,0,1,0,1,0,2
177498,9805,167693,244,80,119,125,0
267,87,180,4,38,2,2,0
62,62,0,1,0,1,0,1
62,62,0,1,0,1,0,1
146,146,0,1,0,1,0,1
70,70,0,1,0,1,0,2
2586,832,1754,14,16,7,7,0
318,91,227,4,33,2,2,0
711,87,624,2,31,1,1,0
70,70,0,1,0,1,0,2
70,70,0,1,0,1,0,2
2853588,73973,2779615,2907,129,994,1913,0
62,62,0,1,0,1,0,1
90,90,0,1,0,1,0,1
6092,3093,2999,16,120,8,8,0
7653,1188,6465,21,15,12,9,0
146,146,0,1,0,1,0,1
70,70,0,1,0,1,0,2
70,70,0,1,0,1,0,2
188,96,92,2,31,1,1,0
70,70,0,1,0,1,0,2
168,86,82,2,30,1,1,0
197,90,107,2,30,1,1,0
62,62,0,1,0,1,0,1
6161,925,5236,18,28,10,8,0
70,70,0,1,0,1,0,2
18370,2434,15936,26,120,11,15,0
66,66,0,1,0,1,0,1
315701,12378,303323,358,137,129,229,0
168,78,90,2,30,1,1,0
3724,1963,1761,24,95,13,11,0
181,94,87,2,31,1,1,0
62,62,0,1,0,1,0,1
70,70,0,1,0,1,0,2
179,94,85,2,30,1,1,0
737,94,643,2,30,1,1,0
66,66,0,1,0,1,0,2
183,94,89,2,30,1,1,0
62,62,0,1,0,1,0,1
270,110,160,2,29,1,1,0
70,70,0,1,0,1,0,2
62,62,0,1,0,1,0,1
62,62,0,1,0,1,0,1
62,62,0,1,0,1,0,1
279,96,183,4,31,2,2,0
72,72,0,1,0,1,0,1
66,66,0,1,0,1,0,2
70,70,0,2,7,2,0,0
66,66,0,1,0,1,0,2
197,76,121,2,30,1,1,0
800,150,650,4,1200,2,2,0
60,60,0,1,0,1,0,1
318,192,126,6,26,4,2,0
66,66,0,1,0,1,0,2
184,94,90,2,30,1,1,0
322,134,188,2,30,1,1,0
166,86,80,2,30,1,1,0
2809,1884,925,19,25,11,8,0
3041,1745,1296,28,3600,15,13,0
4365,2581,1784,20,33,11,9,0
66,66,0,1,0,1,0,1
60,60,0,1,0,1,0,1
146,146,0,1,0,1,0,1
1653,831,822,13,93,7,6,0
8712,3748,4964,51,255,23,28,0
70,70,0,1,0,1,0,2
24361943,451235,23910708,22804,63,6533,16271,0
211,102,109,2,30,1,1,0
72,72,0,1,0,1,0,1
78,78,0,1,5,1,0,0
70,70,0,1,0,1,0,2
70,70,0,1,0,1,0,2
4166,2141,2025,18,17,9,9,0
19438,12019,7419,53,312,30,23,0
257,101,156,2,33,1,1,0
70,70,0,2,7,2,0,0
6950,2484,4466,20,53,11,9,0
4418,1116,3302,17,30,10,7,0
711,87,624,2,30,1,1,0
62,62,0,1,0,1,0,1
62,62,0,1,0,1,0,1
34636,928,33708,37,104,11,26,0
146,146,0,1,0,1,0,1
60,60,0,1,0,1,0,1
1004,1004,0,1,0,1,0,1
186,95,91,2,31,1,1,0
195,102,93,2,30,1,1,0
70,70,0,1,0,1,0,2
70,70,0,1,0,1,0,2
66,66,0,1,0,1,0,2
164,164,0,1,0,1,0,1
62,62,0,1,0,1,0,1
891,126,765,2,30,1,1,0
66,66,0,1,0,1,0,1
166,86,80,2,31,1,1,0
66,66,0,1,0,1,0,1
70,70,0,1,0,1,0,2
13148,2310,10838,29,80,16,13,0
145,145,0,1,0,1,0,1
179,94,85,2,30,1,1,0
70,70,0,1,0,1,0,2
145,145,0,1,0,1,0,1
62,62,0,1,0,1,0,1
8041,2882,5159,29,23,16,13,0
7984,2447,5537,41,2904,24,17,0
1720,1406,314,10,15,5,5,0
1677,862,815,10,15,5,5,0
70,70,0,2,8,2,0,0
168,86,82,2,31,1,1,0
183,94,89,2,30,1,1,0
229,110,119,2,30,1,1,0
366,240,126,7,26,5,2,0
136,136,0,3,12,3,0,0
177,94,83,2,30,1,1,0
66,66,0,1,0,1,0,1
62,62,0,1,0,1,0,1
70,70,0,1,0,1,0,2
13920,5009,8911,34,30,18,16,0
70,70,0,1,0,1,0,2
70,70,0,1,5,1,0,0
70,70,0,1,0,1,0,2
66,66,0,1,0,1,0,1
70,70,0,1,0,1,0,2
4578,2334,2244,21,16,12,9,0
732,86,646,2,30,1,1,0
237,86,151,2,30,1,1,0
193,102,91,2,30,1,1,0
182,94,88,2,29,1,1,0
245,94,151,2,29,1,1,0
60,60,0,1,0,1,0,1
66,66,0,1,0,1,0,1
66,66,0,1,5,1,0,0
223,78,145,2,30,1,1,0
5895,1068,4827,22,149,12,10,0
186,95,91,2,30,1,1,0
210,102,108,2,30,1,1,0
1344,819,525,14,15,8,6,0
898,126,772,2,30,1,1,0
375,99,276,4,54,2,2,0
60,60,0,1,0,1,0,1
70,70,0,1,0,1,0,2
7221,3151,4070,20,162,9,11,0
60,60,0,1,0,1,0,1
335,142,193,2,30,1,1,0
70,70,0,2,5,2,0,0
1843,996,847,17,275,8,9,0
134,60,74,3,6,2,1,0
66,66,0,1,0,1,0,2
62,62,0,1,0,1,0,1
163226,10147,153079,233,101,101,132,0
10095,2871,7224,23,126,12,11,0
70,70,0,1,0,1,0,2
184,94,90,2,30,1,1,0
178,91,87,2,30,1,1,0
62,62,0,1,0,1,0,1
168,78,90,2,30,1,1,0
159,159,0,1,0,1,0,1
270,88,182,4,54,2,2,0
1756,414,1342,12,15,6,6,0
62,62,0,1,0,1,0,1
70,70,0,1,0,1,0,2
490,264,226,8,32,5,3,0
70,70,0,1,0,1,0,2
378,180,198,7,32,4,3,0
1097,1097,0,1,0,1,0,1
18400,6207,12193,60,212,32,28,0
114852,43911,70941,248,69,132,116,0
183,94,89,2,30,1,1,0
8007,1987,6020,20,15,11,9,0
763,102,661,2,31,1,1,0
183,94,89,2,31,1,1,0
66,66,0,1,0,1,0,2
66,66,0,1,0,1,0,1
62,62,0,1,0,1,0,1
183,94,89,2,30,1,1,0
66,66,0,1,0,1,0,1
211684,9903,201781,247,27,109,138,0
211,102,109,2,30,1,1,0
20926,3231,17695,37,51,17,20,0
107901,5004,102897,127,46,53,74,0
62,62,0,1,0,1,0,1
251,102,149,2,30,1,1,0
70,70,0,1,0,1,0,2
70,70,0,1,0,1,0,2
5587,3950,1637,26,55,15,11,0
70,70,0,1,4,1,0,0
314,97,217,4,34,2,2,0
181,94,87,2,31,1,1,0
18450,1862,16588,29,17,15,14,0
60,60,0,1,0,1,0,1
266,71,195,2,31,1,1,0
1758,989,769,13,76,8,5,0
70,70,0,1,0,1,0,2
294,134,160,2,30,1,1,0
186,95,91,2,30,1,1,0
5614,733,4881,16,15,9,7,0
192,98,94,2,31,1,1,0
66,66,0,1,0,1,0,1
3855,828,3027,11,15,5,6,0
560,104,456,4,43,2,2,0
60,60,0,1,0,1,0,1
70,70,0,1,0,1,0,2
1366,785,581,11,145,6,5,0
70,70,0,1,5,1,0,0
196,100,96,2,30,1,1,0
66,66,0,1,0,1,0,1
62,62,0,1,0,1,0,1
762,97,665,2,30,1,1,0
66,66,0,1,0,1,0,2
330,94,236,4,55,2,2,0
363,94,269,2,30,1,1,0
66,66,0,1,0,1,0,2
200,102,98,2,30,1,1,0
62,62,0,1,0,1,0,1
1429,931,498,10,126,6,4,0
62,62,0,1,0,1,0,1
304,94,210,2,30,1,1,0
168,86,82,2,29,1,1,0
308,118,190,2,30,1,1,0
262,70,192,5,21,2,3,0
70,70,0,2,8,2,0,0
56849,29352,27497,239,175,120,119,0
70,70,0,1,0,1,0,2
70,70,0,1,0,1,0,2
16120,8754,7366,36,327,21,15,0
196,102,94,2,30,1,1,0
1627,884,743,12,27,6,6,0
70,70,0,1,0,1,0,2
196,102,94,2,29,1,1,0
66,66,0,1,0,1,0,2
216,110,106,2,30,1,1,0
70,70,0,1,0,1,0,2
4984,892,4092,18,185,9,9,0
66,66,0,1,0,1,0,2
66,66,0,1,0,1,0,2
167,86,81,2,29,1,1,0
177,94,83,2,30,1,1,0
177,94,83,2,30,1,1,0
66,66,0,1,0,1,0,1
177,94,83,2,30,1,1,0
1633,1038,595,14,34,8,6,0
5727,3584,2143,15,31,8,7,0
316,136,180,6,5,3,3,0
62,62,0,1,5,1,0,0
130,70,60,2,15,1,1,0
66,66,0,1,0,1,0,1
66,66,0,1,0,1,0,1
733,93,640,2,31,1,1,0
179,94,85,2,30,1,1,0
66,66,0,1,0,1,0,2
193,102,91,2,29,1,1,0
1130,613,517,11,15,6,5,0
102,102,0,1,30,1,0,0
70,70,0,1,0,1,0,2
4507,1600,2907,19,26,11,8,0
2537,783,1754,13,25,7,6,0
60,60,0,1,0,1,0,1
70,70,0,1,0,1,0,2
62,62,0,1,0,1,0,1
70,70,0,1,0,1,0,2
318,95,223,2,31,1,1,0
5773,1197,4576,14,32,8,6,0
66,66,0,1,0,1,0,1
70,70,0,1,0,1,0,2
62,62,0,1,0,1,0,1
719,413,306,10,14,5,5,0
15295,1755,13540,31,77,15,16,0
318,192,126,6,25,4,2,0
62,62,0,1,0,1,0,1
70,70,0,1,5,1,0,0
70,70,0,1,0,1,0,2
4529,1221,3308,14,75,8,6,0
66,66,0,1,0,1,0,2
481,150,331,2,1199,1,1,0
3005,2082,923,18,28,9,9,0
78,78,0,1,0,1,0,1
70,70,0,1,0,1,0,2
234,234,0,4,12,4,0,0
2529,1230,1299,17,16,9,8,0
62,62,0,1,0,1,0,1
194,87,107,2,30,1,1,0
487,180,307,6,26,4,2,0
340595,9013,331582,345,80,119,226,0
2840032,64781,2775251,2709,292,769,1940,0
1299,793,506,12,16,6,6,0
66,66,0,1,0,1,0,2
4627,1720,2907,18,26,10,8,0
184,86,98,2,30,1,1,0
29510,15378,14132,76,216,35,41,0
70,70,0,1,0,1,0,2
254,102,152,2,30,1,1,0
178,94,84,2,30,1,1,0
7032,2643,4389,23,16,12,11,0
70,70,0,1,4,1,0,0
692,224,468,6,49,3,3,0
66,66,0,1,0,1,0,2
3497,1845,1652,18,16,9,9,0
7231,2305,4926,32,40,18,14,0
741,94,647,2,30,1,1,0
70,70,0,2,4,2,0,0
62,62,0,1,0,1,0,1
6779,2365,4414,19,15,10,9,0
6182,3879,2303,53,3828,31,22,0
62,62,0,1,0,1,0,1
1577,594,983,20,1616,10,10,0
70,70,0,2,8,2,0,0
70,70,0,1,0,1,0,2
6854,2318,4536,20,16,11,9,0
66,66,0,1,0,1,0,2
183,94,89,2,31,1,1,0
62,62,0,1,0,1,0,1
216,102,114,2,29,1,1,0
100,100,0,1,0,1,0,1
130,70,60,2,5,1,1,0
922,428,494,10,15,5,5,0
197,102,95,2,30,1,1,0
6395,2524,3871,18,141,10,8,0
24835,2671,22164,42,323,17,25,0
176,90,86,2,31,1,1,0
6152,420,5732,13,120,6,7,0
66,66,0,1,0,1,0,1
70,70,0,1,4,1,0,0
146,146,0,1,0,1,0,1
66,66,0,1,0,1,0,1
62,62,0,1,0,1,0,1
183,94,89,2,31,1,1,0
60,60,0,1,0,1,0,1
195,102,93,2,30,1,1,0
196,94,102,2,29,1,1,0
66,66,0,1,0,1,0,1
70,70,0,1,0,1,0,2
70,70,0,1,0,1,0,2
250,87,163,4,58,2,2,0
15118,3979,11139,34,353,17,17,0
60,60,0,1,0,1,0,1
1660,791,869,11,32,6,5,0
66,66,0,1,0,1,0,1
70,70,0,1,0,1,0,2
756,95,661,2,31,1,1,0
66,66,0,1,0,1,0,1
193,102,91,2,30,1,1,0
165,86,79,2,30,1,1,0
66,66,0,1,0,1,0,2
70,70,0,1,0,1,0,2
793,101,692,2,31,1,1,0
62,62,0,1,0,1,0,1
146,146,0,1,0,1,0,1
66,66,0,1,0,1,0,1
164,84,80,2,31,1,1,0
396,396,0,7,3615,7,0,0
182,93,89,2,30,1,1,0
1148,1148,0,1,0,1,0,1
60,60,0,1,0,1,0,1
70,70,0,1,0,1,0,2
70,70,0,1,0,1,0,2
60,60,0,1,0,1,0,1
70,70,0,1,0,1,0,2
148,148,0,1,0,1,0,1
6752,1387,5365,21,115,10,11,0
70,70,0,1,0,1,0,2
60,60,0,1,0,1,0,1
1638,1324,314,10,16,5,5,0
66,66,0,1,0,1,0,2
7889,1900,5989,20,15,11,9,0
21387,1482,19905,38,18,19,19,0
70,70,0,1,5,1,0,0
60,60,0,1,0,1,0,1
62,62,0,1,0,1,0,1
66,66,0,1,0,1,0,2
3374,2106,1268,19,15,10,9,0
5057,880,4177,16,70,8,8,0
2425,529,1896,11,75,6,5,0
170,87,83,3,32,2,1,0
70,70,0,1,0,1,0,2
1487,838,649,10,323,6,4,0
70,70,0,1,0,1,0,2
578,286,292,9,15,5,4,0
2694,1614,1080,14,386,8,6,0
479,277,202,4,1200,2,2,0
70,70,0,1,0,1,0,2
316,136,180,6,9,3,3,0
183,94,89,2,30,1,1,0
878,126,752,2,30,1,1,0
70,70,0,1,0,1,0,2
184,94,90,2,30,1,1,0
183,94,89,2,29,1,1,0
62,62,0,1,0,1,0,1
66,66,0,1,0,1,0,2
78,78,0,1,0,1,0,1
66,66,0,1,0,1,0,1
66,66,0,1,0,1,0,1
62,62,0,1,0,1,0,1
4241,1161,3080,17,152,9,8,0
183,94,89,2,31,1,1,0
10868,2200,8668,32,44,14,18,0
62,62,0,1,0,1,0,1
70,70,0,1,0,1,0,2
110,110,0,1,30,1,0,0
62,62,0,1,0,1,0,1
70,70,0,1,0,1,0,2
198,102,96,2,30,1,1,0
62,62,0,1,0,1,0,1
66,66,0,1,0,1,0,1
491,150,341,2,1200,1,1,0
443,182,261,6,30,3,3,0
11554,3028,8526,34,86,19,15,0
66,66,0,1,0,1,0,1
62,62,0,1,0,1,0,1
130,70,60,2,15,1,1,0
12268,7082,5186,26,85,15,11,0
107749,6262,101487,142,138,58,84,0
70,70,0,2,8,2,0,0
70,70,0,1,0,1,0,2
70,70,0,1,0,1,0,2
70,70,0,1,0,1,0,2
180,94,86,2,35,1,1,0
62,62,0,1,0,1,0,1
492,306,186,8,15,5,3,0
199,102,97,2,30,1,1,0
4442408,142153,4300255,4731,235,1574,3157,0
146,146,0,1,0,1,0,1
2648,1797,851,19,22,11,8,0
60,60,0,1,0,1,0,1
511,191,320,9,60,4,5,0
60,60,0,1,0,1,0,1
70,70,0,1,0,1,0,2
66,66,0,1,0,1,0,1
62,62,0,1,0,1,0,1
146,146,0,1,0,1,0,1
70,70,0,1,0,1,0,2
70,70,0,1,0,1,0,2
186,95,91,2,31,1,1,0
66,66,0,1,0,1,0,1
167483,7402,160081,221,23,93,128,0
498,280,218,8,26,5,3,0
146,146,0,1,0,1,0,1
209,110,99,2,30,1,1,0
2553,1355,1198,22,77,13,9,0
209,110,99,2,30,1,1,0
364170,17670,346500,412,31,170,242,0
3354,1792,1562,46,193,23,23,0
179,94,85,2,30,1,1,0
66,66,0,1,0,1,0,2
195,102,93,2,30,1,1,0
70,70,0,1,0,1,0,2
3281,894,2387,14,1200,7,7,0
6754,2219,4535,21,75,11,10,0
184,94,90,2,30,1,1,0
5214,2561,2653,14,136,7,7,0
178,94,84,2,30,1,1,0
1501,652,849,9,15,5,4,0
19837,2061,17776,30,21,14,16,0
70,70,0,1,0,1,0,2
188,96,92,2,31,1,1,0
60,60,0,1,0,1,0,1
62,62,0,1,0,1,0,1
197,76,121,2,30,1,1,0
322,95,227,4,39,2,2,0
70,70,0,2,7,2,0,0
4922,2860,2062,25,39,14,11,0
6893,704,6189,14,15,6,8,0
66,66,0,1,4,1,0,0
148,86,62,2,30,1,1,0
66,66,0,1,0,1,0,1
66,66,0,1,0,1,0,2
765,102,663,2,30,1,1,0
7415,2363,5052,17,120,9,8,0
62,62,0,1,0,1,0,1
318,192,126,6,20,4,2,0
136,136,0,1,0,1,0,1
70,70,0,1,0,1,0,2
60,60,0,1,0,1,0,1
7740,4267,3473,39,97,21,18,0
760,97,663,2,30,1,1,0
70,70,0,1,5,1,0,0
66,66,0,1,0,1,0,1
70,70,0,1,0,1,0,2
70,70,0,1,0,1,0,2
62,62,0,1,0,1,0,1
62,62,0,1,0,1,0,1
184,94,90,2,30,1,1,0
184,94,90,2,30,1,1,0
70,70,0,1,0,1,0,2
6057,767,5290,16,126,8,8,0
66,66,0,1,0,1,0,2
186,95,91,2,30,1,1,0
8580,5765,2815,46,82,22,24,0
70,70,0,1,0,1,0,2
66,66,0,1,0,1,0,1
1400,97,1303,4,57,2,2,0
744,89,655,2,30,1,1,0
898,126,772,2,31,1,1,0
66,66,0,1,0,1,0,1
28577,1878,26699,47,31,23,24,0
177,94,83,2,30,1,1,0
146,146,0,1,0,1,0,1
70,70,0,1,0,1,0,1
274,94,180,2,30,1,1,0
62,62,0,1,0,1,0,1
301,301,0,1,0,1,0,1
70,70,0,1,0,1,0,2
177,94,83,2,30,1,1,0
2211,1181,1030,23,40,11,12,0
66,66,0,1,0,1,0,1
60,60,0,1,0,1,0,1
231,110,121,2,30,1,1,0
66,66,0,1,0,1,0,1
184,94,90,2,30,1,1,0
5955,1619,4336,23,15,13,10,0
145,145,0,1,0,1,0,1
90,90,0,1,0,1,0,1
208,60,148,4,14,2,2,0
70,70,0,1,0,1,0,2
70,70,0,1,0,1,0,2
291595,261981,29614,587,206,339,248,0
775,102,673,2,30,1,1,0
199,102,97,2,30,1,1,0
199,102,97,2,30,1,1,0
66,66,0,1,0,1,0,2
70,70,0,1,0,1,0,2
1550,1157,393,8,86,5,3,0
318,192,126,6,28,4,2,0
70,70,0,1,0,1,0,2
70,70,0,1,0,1,0,2
66,66,0,1,0,1,0,1
6515,1210,5305,15,23,8,7,0
5106,1861,3245,21,143,10,11,0
19946,10573,9373,29,25,14,15,0
60,60,0,1,0,1,0,1
66,66,0,1,0,1,0,1
3672,1259,2413,16,120,8,8,0
45304,28614,16690,82,41,45,37,0
66,66,0,1,0,1,0,1
226,94,132,2,30,1,1,0
53816,22991,30825,139,306,71,68,0
178,94,84,2,30,1,1,0
70,70,0,1,5,1,0,0
174,79,95,2,30,1,1,0
66,66,0,1,0,1,0,1
3767437,87322,3680115,3675,52,1230,2445,0
70,70,0,1,0,1,0,2
70,70,0,1,0,1,0,2
60,60,0,1,0,1,0,1
179,179,0,1,0,1,0,1
8390,1525,6865,24,26,11,13,0
11771,2624,9147,50,20,25,25,0
60,60,0,1,0,1,0,1
66,66,0,1,0,1,0,2
10930,1759,9171,27,28,13,14,0
145,145,0,1,0,1,0,1
70,70,0,1,0,1,0,2
747,93,654,2,31,1,1,0
1484,601,883,9,44,6,3,0
70,70,0,1,0,1,0,2
499,425,74,4,0,3,1,0
78,78,0,1,30,1,0,0
295,101,194,4,31,2,2,0
62,62,0,1,0,1,0,1
19357,12948,6409,47,18,26,21,0
434,96,338,4,30,2,2,0
810,670,140,6,34,4,2,0
234,234,0,4,11,4,0,0
184,94,90,2,30,1,1,0
70,70,0,2,8,2,0,0
168,86,82,2,30,1,1,0
66,66,0,1,0,1,0,2
66,66,0,1,0,1,0,2
66,66,0,1,0,1,0,1
62,62,0,1,0,1,0,1
164,86,78,2,29,1,1,0
6244,1855,4389,16,75,9,7,0
70,70,0,1,0,1,0,2
66,66,0,1,0,1,0,2
16029,6377,9652,46,37,24,22,0
60,60,0,1,0,1,0,1
70,70,0,1,0,1,0,2
3026,965,2061,14,135,7,7,0
122547,6414,116133,160,81,61,99,0
164,78,86,2,31,1,1,0
66,66,0,1,0,1,0,2
214,110,104,2,29,1,1,0
70,70,0,1,0,1,0,2
146,146,0,1,0,1,0,1
7030,1195,5835,20,76,10,10,0
9490,1158,8332,24,257,13,11,0
762,98,664,2,30,1,1,0
226,106,120,2,30,1,1,0
70,70,0,1,0,1,0,2
70,70,0,2,7,2,0,0
70,70,0,1,4,1,0,0
3524,2973,551,15,16,9,6,0
70,70,0,2,8,2,0,0
70,70,0,1,0,1,0,2
66,66,0,1,0,1,0,1
6513,1863,4650,28,255,15,13,0
196,102,94,2,30,1,1,0
62,62,0,1,0,1,0,1
62,62,0,1,0,1,0,1
694,370,324,12,34,7,5,0
775,103,672,2,30,1,1,0
70,70,0,1,0,1,0,2
66,66,0,1,0,1,0,2
66,66,0,1,5,1,0,0
7563,1536,6027,26,316,14,12,0
462587,17396,445191,527,130,198,329,0
66,66,0,1,0,1,0,1
195,102,93,2,31,1,1,0
66,66,0,1,0,1,0,1
229,102,127,2,30,1,1,0
66,66,0,1,0,1,0,2
70,70,0,1,5,1,0,0
66,66,0,1,0,1,0,2
39240,3804,35436,72,133,38,34,0
2163,676,1487,14,15,7,7,0
70,70,0,1,0,1,0,2
164,84,80,2,30,1,1,0
62,62,0,1,0,1,0,1
66,66,0,1,0,1,0,1
66,66,0,1,0,1,0,2
6663,1556,5107,21,132,10,11,0
184,94,90,2,30,1,1,0
186,95,91,2,30,1,1,0
52666,33941,18725,95,139,49,46,0
66,66,0,1,0,1,0,2
3120,1862,1258,18,15,11,7,0
701,455,246,8,15,4,4,0
209,110,99,2,30,1,1,0
11428,2250,9178,22,126,11,11,0
70,70,0,1,0,1,0,2
164,164,0,1,0,1,0,1
9741,7503,2238,24,32,14,10,0
226,90,136,2,29,1,1,0
66,66,0,1,0,1,0,2
168,78,90,2,30,1,1,0
66,66,0,1,0,1,0,1
66,66,0,1,0,1,0,1
146,146,0,1,0,1,0,1
70,70,0,1,0,1,0,2
66,66,0,1,0,1,0,2
8033,4241,3792,67,54,42,25,0
9619,2504,7115,28,46,15,13,0
5140,4161,979,17,28,10,7,0
36366,2297,34069,51,139,21,30,0
70,70,0,1,0,1,0,2
66,66,0,1,0,1,0,2
70,70,0,1,0,1,0,2
72,72,0,1,0,1,0,1
711,87,624,2,31,1,1,0
145,145,0,1,0,1,0,1
6703,3312,3391,31,145,14,17,0
318,192,126,6,43,4,2,0
19402,10414,8988,35,22,21,14,0
507,129,378,2,30,1,1,0
62,62,0,1,0,1,0,1
1115,534,581,12,15,7,5,0
66,66,0,1,0,1,0,2
66,66,0,1,0,1,0,1
364,142,222,6,10,3,3,0
66,66,0,1,0,1,0,2
70,70,0,1,0,1,0,2
20594,4629,15965,46,317,29,17,0
240,110,130,2,30,1,1,0
311,118,193,2,30,1,1,0
197,102,95,2,30,1,1,0
453,186,267,6,30,3,3,0
66,66,0,1,0,1,0,1
878,126,752,2,30,1,1,0
62,62,0,1,0,1,0,1
199,94,105,2,30,1,1,0
70,70,0,1,0,1,0,2
459,149,310,2,1200,1,1,0
10359,1566,8793,27,150,13,14,0
70,70,0,1,0,1,0,2
168,78,90,2,29,1,1,0
166,86,80,2,30,1,1,0
70,70,0,1,0,1,0,2
2163,676,1487,14,15,7,7,0
216,94,122,2,30,1,1,0
2950,601,2349,12,15,6,6,0
768,99,669,2,30,1,1,0
145,145,0,1,0,1,0,1
66,66,0,1,0,1,0,2
70,70,0,1,0,1,0,2
70,70,0,1,0,1,0,2
62,62,0,1,0,1,0,1
6699,4494,2205,27,29,14,13,0
330,330,0,6,3609,6,0,0
66,66,0,1,0,1,0,2
62,62,0,1,0,1,0,1
66,66,0,1,0,1,0,2
225,106,119,2,30,1,1,0
204,104,100,2,31,1,1,0
168,86,82,2,30,1,1,0
70,70,0,1,0,1,0,2
70,70,0,2,8,2,0,0
328,110,218,4,57,2,2,0
4738,1023,3715,18,66,10,8,0
132,132,0,3,1199,3,0,0
62,62,0,1,0,1,0,1
62,62,0,1,0,1,0,1
260,86,174,2,30,1,1,0
74,74,0,1,0,1,0,1
70,70,0,1,0,1,0,2
70,70,0,1,0,1,0,2
62,62,0,1,0,1,0,1
177,94,83,2,30,1,1,0
70,70,0,1,0,1,0,2
198,102,96,2,30,1,1,0
24440,2215,22225,46,316,20,26,0
883,126,757,2,30,1,1,0
19846,10062,9784,42,47,22,20,0
868,150,718,4,1200,2,2,0
70,70,0,1,0,1,0,2
60,60,0,1,0,1,0,1
429,94,335,4,52,2,2,0
6519,1210,5309,15,17,8,7,0
199,102,97,2,30,1,1,0
389,94,295,2,30,1,1,0
143,143,0,1,0,1,0,3
66,66,0,1,0,1,0,2
70,70,0,1,0,1,0,2
184,94,90,2,30,1,1,0
480,244,236,4,0,2,2,0
66,66,0,1,0,1,0,2
70,70,0,1,5,1,0,0
66,66,0,1,0,1,0,1
146,146,0,1,0,1,0,1
53531,5139,48392,75,47,34,41,0
4775,894,3881,18,28,10,8,0
230914,10401,220513,290,76,121,169,0
767,102,665,2,30,1,1,0
177,94,83,2,30,1,1,0
66,66,0,1,0,1,0,1
62,62,0,1,0,1,0,1
132,70,62,2,31,1,1,0
66,66,0,1,0,1,0,2
177,94,83,2,30,1,1,0
70,70,0,1,0,1,0,2
70,70,0,1,0,1,0,2
66,66,0,1,0,1,0,1
421,96,325,4,42,2,2,0
94,94,0,1,30,1,0,0
70,70,0,1,4,1,0,0
66,66,0,1,0,1,0,2
66,66,0,1,0,1,0,1
164,78,86,2,30,1,1,0
602,86,516,2,30,1,1,0
193,102,91,2,30,1,1,0
190,97,93,2,31,1,1,0
3431,2292,1139,17,142,10,7,0
148,148,0,1,0,1,0,1
66,66,0,1,0,1,0,1
70,70,0,1,0,1,0,2
60,60,0,1,0,1,0,1
74,74,0,1,0,1,0,1
193,102,91,2,30,1,1,0
62,62,0,1,0,1,0,1
62,62,0,1,0,1,0,1
14063,6328,7735,33,37,16,17,0
195,102,93,2,30,1,1,0
62,62,0,1,0,1,0,1
1532,965,567,14,20,7,7,0
5167,700,4467,16,15,7,9,0
66,66,0,1,0,1,0,2
1921,1472,449,10,20,6,4,0
223,89,134,2,30,1,1,0
6066,833,5233,19,26,10,9,0
810,340,470,13,34,6,7,0
3191,1047,2144,13,135,6,7,0
66,66,0,1,0,1,0,1
5638,4258,1380,19,34,11,8,0
70,70,0,1,0,1,0,2
371,237,134,3,33,2,1,0
66,66,0,1,0,1,0,2
2791,1800,991,26,185,15,11,0
478,196,282,6,64,3,3,0
332,332,0,1,0,1,0,1
328,150,178,2,30,1,1,0
816,102,714,2,30,1,1,0
1362,627,735,14,81,7,7,0
70,70,0,1,0,1,0,2
70,70,0,1,0,1,0,2
66,66,0,1,0,1,0,1
62,62,0,1,0,1,0,1
62,62,0,1,0,1,0,1
229,89,140,2,30,1,1,0
199,94,105,2,31,1,1,0
66,66,0,1,0,1,0,2
731,85,646,2,31,1,1,0
178,94,84,2,30,1,1,0
70,70,0,1,0,1,0,2
66,66,0,1,0,1,0,1
172,88,84,2,30,1,1,0
75931,3459,72472,97,43,38,59,0
8059,2039,6020,20,15,11,9,0
70,70,0,1,0,1,0,2
62,62,0,1,0,1,0,1
177,94,83,2,30,1,1,0
62,62,0,1,0,1,0,1
100,100,0,1,0,1,0,1
70,70,0,1,0,1,0,2
733,94,639,2,30,1,1,0
385,134,251,2,30,1,1,0
70,70,0,1,0,1,0,2
214,140,74,4,35,3,1,0
193,102,91,2,30,1,1,0
200,102,98,2,30,1,1,0
66,66,0,1,0,1,0,1
6033,770,5263,18,15,8,10,0
177,94,83,2,29,1,1,0
490,264,226,8,31,5,3,0
62,62,0,1,0,1,0,1
1784491,72960,1711531,1872,113,687,1185,0
469,150,319,2,1200,1,1,0
70,70,0,1,0,1,0,2
878,126,752,2,30,1,1,0
2495,1477,1018,17,3600,8,9,0
70,70,0,1,0,1,0,2
66,66,0,1,0,1,0,2
27729,5508,22221,60,18,31,29,0
62,62,0,1,0,1,0,1
70,70,0,2,8,2,0,0
62,62,0,1,0,1,0,1
70,70,0,1,0,1,0,2
744,95,649,2,30,1,1,0
27553,21226,6327,57,216,31,26,0
70,70,0,1,0,1,0,2
97,97,0,1,0,1,0,1
733,86,647,2,31,1,1,0
325,77,248,2,31,1,1,0
289,86,203,2,30,1,1,0
7722,2568,5154,26,63,15,11,0
174,89,85,2,31,1,1,0
130,70,60,2,5,1,1,0
551795,18805,532990,603,43,220,383,0
33220,3819,29401,77,255,39,38,0
62,62,0,1,0,1,0,1
17572,1518,16054,30,255,16,14,0
778,103,675,2,31,1,1,0
350,210,140,6,14,4,2,0
276,78,198,2,30,1,1,0
7492336,235716,7256620,8119,428,3022,5097,0
839325,38439,800886,1027,94,451,576,0
102,102,0,1,0,1,0,1
70,70,0,1,0,1,0,2
499,425,74,4,0,3,1,0
395,102,293,2,30,1,1,0
66,66,0,1,0,1,0,1
139,139,0,1,0,1,0,1
6277528,124223,6153305,5970,160,1890,4080,0
197,78,119,2,30,1,1,0
66,66,0,1,0,1,0,1
1291,887,404,8,89,5,3,0
66,66,0,1,0,1,0,2
70,70,0,1,0,1,0,2
2231,899,1332,15,92,8,7,0
183,94,89,2,30,1,1,0
196,102,94,2,31,1,1,0
177,94,83,2,30,1,1,0
70,70,0,1,0,1,0,2
7352,3452,3900,18,15,10,8,0
770,101,669,2,0,1,1,0
66,66,0,1,0,1,0,2
3354,1792,1562,46,193,23,23,0
1486172,26246,1459926,1245,40,266,979,0
66,66,0,1,0,1,0,1
70,70,0,1,0,1,0,2
66,66,0,1,0,1,0,1
146,146,0,1,0,1,0,1
62,62,0,1,0,1,0,1
216,110,106,2,30,1,1,0
1648,126,1522,4,31,2,2,0
66,66,0,1,0,1,0,1
62,62,0,1,0,1,0,1
168,86,82,2,31,1,1,0
70,70,0,1,0,1,0,2
505207,16025,489182,464,139,97,367,0
3795,2679,1116,27,45,15,12,0
66,66,0,1,0,1,0,2
186,95,91,2,31,1,1,0
23134,15926,7208,53,541,32,21,0
1420,715,705,12,16,7,5,0
66,66,0,1,0,1,0,1
508,102,406,2,30,1,1,0
145,145,0,1,0,1,0,1
198,101,97,2,31,1,1,0
62,62,0,1,0,1,0,1
172701,6397,166304,202,246,72,130,0
66,66,0,1,0,1,0,1
60,60,0,1,5,1,0,0
66,66,0,1,5,1,0,0
70,70,0,1,5,1,0,0
255,102,153,2,30,1,1,0
70,70,0,1,0,1,0,2
6260,696,5564,17,15,9,8,0
234,234,0,4,12,4,0,0
199,102,97,2,30,1,1,0
656609,25419,631190,752,62,322,430,0
70,70,0,1,0,1,0,2
1515,481,1034,11,16,6,5,0
322,102,220,2,30,1,1,0
738,86,652,2,31,1,1,0
13337,10008,3329,47,185,23,24,0
70,70,0,1,0,1,0,2
97,97,0,1,0,1,0,1
5090,1692,3398,19,82,11,8,0
152,66,86,2,10,1,1,0
1467,361,1106,10,15,5,5,0
308,101,207,4,53,2,2,0
244,244,0,2,0,2,0,0
50898,2733,48165,73,218,33,40,0
70,70,0,1,4,1,0,0
210304,4398,205906,225,21,65,160,0
70,70,0,1,0,1,0,2
316,136,180,6,6,3,3,0
7454,2377,5077,33,130,15,18,0
50000,36438,13562,98,336,61,37,0
422,164,258,6,30,3,3,0
215,94,121,2,29,1,1,0
60,60,0,1,0,1,0,1
70,70,0,1,0,1,0,2
62,62,0,1,0,1,0,1
70,70,0,1,0,1,0,2
168,94,74,2,30,1,1,0
66,66,0,1,0,1,0,1
734,462,272,2,30,1,1,0
9042,4612,4430,31,175,17,14,0
148,148,0,1,0,1,0,1
66,66,0,1,0,1,0,1
70,70,0,1,0,1,0,2
102,102,0,1,30,1,0,0
70,70,0,1,0,1,0,2
66,66,0,1,0,1,0,2
66,66,0,1,0,1,0,1
196,102,94,2,32,1,1,0
8714,1456,7258,25,32,13,12,0
145,145,0,1,0,1,0,1
298527,11814,286713,310,37,107,203,0
1346,918,428,10,35,6,4,0
4859,964,3895,17,26,10,7,0
130,70,60,2,5,1,1,0
70,70,0,1,0,1,0,2
79,79,0,2,33,2,0,0
70,70,0,1,0,1,0,2
210,110,100,2,30,1,1,0
62,62,0,1,0,1,0,1
66,66,0,1,0,1,0,2
62,62,0,1,0,1,0,1
66,66,0,1,0,1,0,2
62,62,0,1,0,1,0,1
70,70,0,1,0,1,0,2
1463,865,598,11,144,6,5,0
66,66,0,1,0,1,0,2
183,94,89,2,30,1,1,0
62,62,0,1,0,1,0,1
60,60,0,1,0,1,0,1
145,145,0,1,0,1,0,1
149148,7515,141633,197,20,95,102,0
168,86,82,2,31,1,1,0
134,60,74,3,5,2,1,0
184,102,82,2,30,1,1,0
827,91,736,4,29,2,2,0
198,110,88,2,29,1,1,0
8678,3253,5425,22,25,11,11,0
572,280,292,9,16,5,4,0
232,102,130,2,29,1,1,0
20986,10828,10158,35,95,20,15,0
9831,4069,5762,88,192,40,48,0
235,90,145,2,33,1,1,0
184,80,104,2,30,1,1,0
66,66,0,1,0,1,0,1
232,94,138,2,30,1,1,0
62,62,0,1,0,1,0,1
66,66,0,1,0,1,0,2
66,66,0,1,0,1,0,2
3615,435,3180,11,16,6,5,0
2277,1521,756,16,16,10,6,0
199,94,105,2,30,1,1,0
9658,2602,7056,32,66,14,18,0
66,66,0,1,0,1,0,2
70,70,0,1,0,1,0,2
1945,1002,943,11,19,7,4,0
711,87,624,2,30,1,1,0
62,62,0,1,0,1,0,1
74,74,0,1,0,1,0,1
79505,3799,75706,105,53,43,62,0
70,70,0,1,0,1,0,2
70,70,0,1,5,1,0,0
262,88,174,4,59,2,2,0
70,70,0,1,0,1,0,2
994089,30018,964071,1058,350,373,685,0
66,66,0,1,0,1,0,1
10234,2550,7684,47,139,23,24,0
62,62,0,1,0,1,0,1
197,76,121,2,30,1,1,0
424,104,320,4,30,2,2,0
85,85,0,1,0,1,0,1
62,62,0,1,0,1,0,1
170,87,83,2,30,1,1,0
2960,432,2528,11,15,6,5,0
66,66,0,1,0,1,0,1
70,70,0,1,0,1,0,2
167,78,89,2,30,1,1,0
216,102,114,2,29,1,1,0
136,136,0,3,14,3,0,0
213,94,119,2,29,1,1,0
210,102,108,2,30,1,1,0
1786,172,1614,7,121,3,4,0
15807,12220,3587,44,242,18,26,0
316,136,180,6,6,3,3,0
66,66,0,1,0,1,0,1
156,156,0,3,8,3,0,0
198,101,97,2,31,1,1,0
70,70,0,1,0,1,0,2
458,188,270,6,30,3,3,0
87,87,0,1,30,1,0,0
242,71,171,2,30,1,1,0
70,70,0,2,8,2,0,0
6205,986,5219,16,32,10,6,0
224,102,122,2,30,1,1,0
628801,19603,609198,708,114,227,481,0
353,94,259,2,30,1,1,0
168930,11361,157569,252,31,101,151,0
66,66,0,1,0,1,0,2
227,86,141,2,30,1,1,0
25707,7559,18148,53,121,24,29,0
66,66,0,1,0,1,0,2
211,94,117,2,30,1,1,0
60,60,0,1,0,1,0,1
199,199,0,1,0,1,0,1
28281,9813,18468,196,608,100,96,0
82,82,0,1,30,1,0,0
70,70,0,1,0,1,0,2
62,62,0,1,0,1,0,1
806,163,643,2,1201,1,1,0
70,70,0,1,0,1,0,2
122,62,60,2,29,1,1,0
60,60,0,1,0,1,0,1
62,62,0,1,0,1,0,1
1643,485,1158,10,15,5,5,0
72,72,0,1,0,1,0,1
62,62,0,1,0,1,0,1
70,70,0,1,5,1,0,0
70,70,0,1,0,1,0,2
70,70,0,1,0,1,0,2
66,66,0,1,0,1,0,2
70,70,0,1,0,1,0,2
194,102,92,2,31,1,1,0
142,142,0,1,5,1,0,0
318,192,126,6,18,4,2,0
4364,2141,2223,15,137,7,8,0
66,66,0,1,0,1,0,1
60,60,0,1,0,1,0,1
14898,12644,2254,32,316,18,14,0
60,60,0,1,0,1,0,1
8209,1695,6514,21,23,13,8,0
100,100,0,1,0,1,0,1
70,70,0,1,0,1,0,2
66,66,0,1,0,1,0,2
1633,943,690,15,72,8,7,0
66,66,0,2,8,2,0,0
70,70,0,2,8,2,0,0
62,62,0,1,0,1,0,1
186,95,91,2,31,1,1,0
166,86,80,2,30,1,1,0
177,94,83,2,30,1,1,0
1493,737,756,11,150,6,5,0
346,102,244,2,31,1,1,0
62,62,0,1,0,1,0,1
70,70,0,1,0,1,0,2
9506,1461,8045,20,158,9,11,0
195,102,93,2,29,1,1,0
60,60,0,1,0,1,0,1
178,94,84,2,29,1,1,0
183,94,89,2,30,1,1,0
7842,1155,6687,19,105,10,9,0
4430,1523,2907,19,27,11,8,0
62,62,0,1,0,1,0,1
66,66,0,1,0,1,0,1
70,70,0,2,8,2,0,0
30767,854,29913,38,15,13,25,0
70,70,0,1,0,1,0,2
178,94,84,2,29,1,1,0
170,87,83,2,30,1,1,0
70,70,0,1,0,1,0,2
62,62,0,1,0,1,0,1
70,70,0,1,0,1,0,2
66,66,0,1,0,1,0,1
210,110,100,2,29,1,1,0
70,70,0,1,0,1,0,2
66,66,0,1,0,1,0,1
70,70,0,1,0,1,0,2
60,60,0,1,0,1,0,1
62,62,0,1,0,1,0,1
70,70,0,1,0,1,0,2
62,62,0,1,0,1,0,1
2622412,144918,2477494,3052,316,1078,1974,0
70,70,0,1,0,1,0,2
328,152,176,2,1200,1,1,0
62,62,0,1,0,1,0,1
66,66,0,1,0,1,0,1
256,93,163,2,30,1,1,0
232,86,146,2,30,1,1,0
5582,1388,4194,19,15,9,10,0
70,70,0,1,0,1,0,2
3886,2516,1370,22,95,12,10,0
70,70,0,1,0,1,0,2
887,126,761,2,30,1,1,0
190,97,93,2,31,1,1,0
197,102,95,2,29,1,1,0
199,102,97,2,31,1,1,0
118,118,0,1,30,1,0,0
66,66,0,1,0,1,0,1
70,70,0,1,0,1,0,2
66,66,0,2,8,2,0,0
62,62,0,1,0,1,0,1
3854,1233,2621,19,120,9,10,0
7981,1961,6020,20,16,11,9,0
184,94,90,2,30,1,1,0
255,78,177,2,30,1,1,0
70,70,0,1,0,1,0,2
432,192,240,8,30,4,4,0
167,86,81,2,30,1,1,0
66,66,0,1,0,1,0,1
193,102,91,2,30,1,1,0
177,94,83,2,30,1,1,0
3180,2317,863,12,11,7,5,0
172,88,84,2,30,1,1,0
62,62,0,1,0,1,0,1
754,94,660,2,31,1,1,0
70,70,0,1,0,1,0,2
66,66,0,1,0,1,0,1
126266,7980,118286,126,25,37,89,0
145,145,0,1,0,1,0,1
66,66,0,1,0,1,0,2
230,90,140,2,30,1,1,0
70,70,0,1,0,1,0,2
747,92,655,2,30,1,1,0
66,66,0,2,8,2,0,0
70,70,0,1,0,1,0,2
66,66,0,1,0,1,0,1
146,146,0,1,0,1,0,1
130090,7064,123026,184,200,92,92,0
1706,169,1537,6,121,3,3,0
755,202,553,6,61,3,3,0
66,66,0,1,0,1,0,1
66,66,0,1,0,1,0,1
1043,556,487,10,15,6,4,0
3448,1619,1829,18,18,8,10,0
62,62,0,1,0,1,0,1
66,66,0,1,0,1,0,1
62,62,0,1,0,1,0,1
1263,536,727,13,82,6,7,0
740,93,647,2,30,1,1,0
197,102,95,2,31,1,1,0
7679,2605,5074,26,45,15,11,0
62,62,0,1,0,1,0,1
70,70,0,1,0,1,0,2
66,66,0,1,0,1,0,1
66,66,0,1,0,1,0,1
3171,1369,1802,9,120,5,4,0
5718,1527,4191,24,22,13,11,0
70,70,0,1,0,1,0,2
1052,612,440,10,15,5,5,0
177,94,83,2,30,1,1,0
1536,982,554,10,76,6,4,0
62,62,0,1,0,1,0,1
66,66,0,1,0,1,0,2
66,66,0,1,0,1,0,1
756,94,662,2,30,1,1,0
62,62,0,1,0,1,0,1
261,106,155,2,29,1,1,0
177,94,83,2,30,1,1,0
1056,682,374,10,15,6,4,0
12096,3734,8362,53,102,25,28,0
62,62,0,1,0,1,0,1
70,70,0,1,0,1,0,2
60,60,0,1,0,1,0,1
100,100,0,1,0,1,0,1
60,60,0,1,0,1,0,1
4561,2110,2451,15,26,9,6,0
209,110,99,2,30,1,1,0
1053,566,487,10,43,6,4,0
229,98,131,2,30,1,1,0
1287,800,487,13,16,9,4,0
78,78,0,1,5,1,0,0
168,86,82,2,30,1,1,0
90,90,0,1,30,1,0,0
3257,782,2475,17,140,8,9,0
209,110,99,2,30,1,1,0
66,66,0,1,0,1,0,1
7956,1967,5989,20,15,11,9,0
7941,1952,5989,20,15,11,9,0
4162,3001,1161,20,25,12,8,0
66,66,0,1,0,1,0,1
168,86,82,2,30,1,1,0
194,102,92,2,30,1,1,0
9675,2671,7004,36,262,18,18,0
320,140,180,6,7,3,3,0
66,66,0,1,0,1,0,2
66,66,0,2,7,2,0,0
62,62,0,1,0,1,0,1
62,62,0,1,0,1,0,1
66,66,0,1,0,1,0,2
70,70,0,1,0,1,0,2
66,66,0,1,0,1,0,1
200,102,98,2,31,1,1,0
60,60,0,1,0,1,0,1
1820,1101,719,18,16,10,8,0
1368,920,448,12,20,7,5,0
12806,2828,9978,55,2983,24,31,0
1864,250,1614,8,120,4,4,0
422,164,258,6,30,3,3,0
70,70,0,1,0,1,0,2
6435,2535,3900,22,30,11,11,0
196,94,102,2,30,1,1,0
132,132,0,3,1199,3,0,0
109,109,0,1,0,1,0,1
289,102,187,2,30,1,1,0
70,70,0,1,0,1,0,2
718,94,624,2,30,1,1,0
890,126,764,2,31,1,1,0
492,90,402,4,45,2,2,0
66,66,0,1,0,1,0,1
134,60,74,3,10,2,1,0
62,62,0,1,0,1,0,1
19384,2720,16664,36,174,18,18,0
98,98,0,1,0,1,0,1
66,66,0,1,0,1,0,1
392,86,306,2,30,1,1,0
62,62,0,1,0,1,0,1
70,70,0,1,0,1,0,2
458,188,270,6,31,3,3,0
760,97,663,2,30,1,1,0
216,110,106,2,30,1,1,0
92040,4799,87241,107,16,43,64,0
66,66,0,1,0,1,0,1
166,86,80,2,31,1,1,0
46271,6834,39437,63,47,19,44,0
200,102,98,2,30,1,1,0
6886,1291,5595,27,285,15,12,0
320,140,180,6,7,3,3,0
785,110,675,2,30,1,1,0
194,102,92,2,31,1,1,0
4555,1648,2907,19,30,11,8,0
62,62,0,1,0,1,0,1
4987881,144889,4842992,5257,85,1888,3369,0
211,102,109,2,29,1,1,0
355,118,237,2,30,1,1,0
197,90,107,2,30,1,1,0
62,62,0,1,0,1,0,1
6391,3788,2603,14,121,7,7,0
183,94,89,2,29,1,1,0
304,118,186,2,30,1,1,0
184,94,90,2,30,1,1,0
143,143,0,1,0,1,0,1
200,102,98,2,29,1,1,0
70,70,0,1,0,1,0,2
492,306,186,8,16,5,3,0
146,146,0,1,0,1,0,1
304,110,194,4,34,2,2,0
66,66,0,1,0,1,0,1
62,62,0,1,0,1,0,1
139,139,0,1,0,1,0,1
70,70,0,2,5,2,0,0
70,70,0,1,0,1,0,2
3044854,64416,2980438,2968,19,997,1971,0
70,70,0,1,0,1,0,2
4651,1744,2907,19,27,11,8,0
148,148,0,1,0,1,0,1
70,70,0,1,0,1,0,2
182,102,80,2,30,1,1,0
4612,947,3665,18,85,10,8,0
198,102,96,2,30,1,1,0
62,62,0,1,0,1,0,1
70,70,0,1,0,1,0,2
70,70,0,1,0,1,0,2
62,62,0,1,0,1,0,1
1162,1162,0,1,0,1,0,1
70,70,0,1,0,1,0,2
62,62,0,1,0,1,0,1
216,110,106,2,30,1,1,0
452,386,66,4,1,3,1,0
62,62,0,1,0,1,0,1
202,103,99,2,31,1,1,0
196,102,94,2,30,1,1,0
70,70,0,1,0,1,0,2
5696,2392,3304,23,135,10,13,0
10422,1313,9109,23,75,12,11,0
70,70,0,1,0,1,0,2
62,62,0,1,0,1,0,1
1517,481,1036,11,15,6,5,0
197,94,103,2,30,1,1,0
172,88,84,2,31,1,1,0
66,66,0,1,0,1,0,2
378,192,186,7,21,4,3,0
266,110,156,2,30,1,1,0
66,66,0,1,0,1,0,2
66,66,0,1,0,1,0,2
453,251,202,4,1200,2,2,0
62,62,0,1,0,1,0,1
62,62,0,1,0,1,0,1
1931,752,1179,15,16,8,7,0
113115,8327,104788,184,177,77,107,0
70,70,0,1,0,1,0,2
62,62,0,1,0,1,0,1
70,70,0,1,0,1,0,2
167,78,89,2,29,1,1,0
1878,1050,828,9,16,5,4,0
70,70,0,1,0,1,0,2
1035,564,471,10,15,5,5,0
303,85,218,2,31,1,1,0
47078,2874,44204,66,51,32,34,0
166,85,81,2,31,1,1,0
481,150,331,2,1200,1,1,0
31780,3232,28548,44,29,16,28,0
60,60,0,1,0,1,0,1
70,70,0,1,0,1,0,2
70,70,0,1,0,1,0,2
146,146,0,1,0,1,0,1
62,62,0,1,0,1,0,1
62,62,0,1,0,1,0,1
177,94,83,2,29,1,1,0
197,94,103,2,30,1,1,0
5599,2459,3140,23,29,14,9,0
193,102,91,2,30,1,1,0
238,118,120,2,1199,1,1,0
324,103,221,4,46,2,2,0
200,102,98,2,30,1,1,0
3605,1700,1905,16,186,9,7,0
15813,5998,9815,30,120,14,16,0
62,62,0,1,0,1,0,1
282,93,189,4,45,2,2,0
66,66,0,1,0,1,0,2
88,88,0,1,30,1,0,0
66,66,0,1,0,1,0,1
8533,2023,6510,23,15,12,11,0
66,66,0,1,0,1,0,1
6194,1289,4905,23,66,12,11,0
66,66,0,1,0,1,0,1
4989,1014,3975,16,27,9,7,0
66,66,0,1,0,1,0,2
66,66,0,1,0,1,0,1
60,60,0,1,0,1,0,1
1130,613,517,11,15,6,5,0
507,163,344,2,1200,1,1,0
182,93,89,2,30,1,1,0
62,62,0,1,0,1,0,1
62,62,0,1,0,1,0,1
70,70,0,1,0,1,0,1
70,70,0,1,0,1,0,2
70,70,0,1,0,1,0,2
70,70,0,1,0,1,0,2
396,396,0,7,3617,7,0,0
167,78,89,2,30,1,1,0
10504,1787,8717,27,364,12,15,0
5741,2532,3209,24,80,14,10,0
215,102,113,2,30,1,1,0
70,70,0,1,0,1,0,2
60,60,0,1,0,1,0,1
199,102,97,2,30,1,1,0
62,62,0,1,0,1,0,1
7525,1098,6427,22,16,12,10,0
3626,1778,1848,36,143,19,17,0
736,670,66,6,15,5,1,0
7257,1619,5638,22,275,11,11,0
184,102,82,2,29,1,1,0
66,66,0,1,0,1,0,1
62,62,0,1,0,1,0,1
168,86,82,2,30,1,1,0
249660,21361,228299,416,141,191,225,0
66,66,0,1,0,1,0,2
70,70,0,1,0,1,0,2
77115,5003,72112,110,35,56,54,0
66,66,0,1,0,1,0,2
70,70,0,1,0,1,0,2
194,102,92,2,31,1,1,0
762,101,661,2,30,1,1,0
70,70,0,1,0,1,0,2
66,66,0,1,0,1,0,1
2940,787,2153,11,119,5,6,0
692,300,392,9,25,6,3,0
70,70,0,2,6,2,0,0
66,66,0,1,0,1,0,1
1006,252,754,4,32,3,1,0
66,66,0,1,0,1,0,1
9047,2015,7032,25,39,13,12,0
4536,2883,1653,27,94,15,12,0
177,94,83,2,30,1,1,0
344632,9074,335558,354,121,122,232,0
785,110,675,2,30,1,1,0
182,93,89,2,31,1,1,0
62,62,0,1,0,1,0,1
196,100,96,2,30,1,1,0
70,70,0,1,0,1,0,2
177,94,83,2,31,1,1,0
146,146,0,1,0,1,0,1
481,150,331,2,1199,1,1,0
70,70,0,1,0,1,0,2
244,94,150,2,30,1,1,0
146,146,0,1,0,1,0,1
70,70,0,1,0,1,0,2
4725,1727,2998,11,121,6,5,0
3741,3008,733,16,15,10,6,0
70,70,0,1,0,1,0,2
855,126,729,2,29,1,1,0
5719,1339,4380,19,361,9,10,0
62,62,0,1,0,1,0,1
183,94,89,2,31,1,1,0
70,70,0,1,0,1,0,2
231,90,141,2,30,1,1,0
942,527,415,11,342,6,5,0
70,70,0,1,0,1,0,2
320,140,180,6,7,3,3,0
759586,14873,744713,719,16,209,510,0
62,62,0,1,0,1,0,1
66,66,0,1,0,1,0,1
70,70,0,1,0,1,0,2
70,70,0,1,0,1,0,2
66,66,0,1,0,1,0,1
177,94,83,2,30,1,1,0
887,126,761,2,31,1,1,0
66,66,0,1,0,1,0,2
70,70,0,1,0,1,0,2
70,70,0,1,5,1,0,0
812,672,140,6,28,4,2,0
146,146,0,1,0,1,0,1
230,87,143,2,30,1,1,0
66,66,0,1,0,1,0,1
66,66,0,1,0,1,0,1
514,246,268,9,76,5,4,0
190,97,93,2,31,1,1,0
301,108,193,4,54,2,2,0
5911,4727,1184,20,16,11,9,0
72,72,0,1,0,1,0,1
62,62,0,1,0,1,0,1
131171,10346,120825,183,150,93,90,0
146,146,0,1,0,1,0,1
66,66,0,1,0,1,0,1
62,62,0,1,0,1,0,1
66,66,0,1,0,1,0,1
1090,1090,0,1,0,1,0,1
467664,17895,449769,610,355,265,345,0
276,94,182,2,30,1,1,0
66,66,0,1,0,1,0,2
8706,1430,7276,23,316,9,14,0
62,62,0,1,0,1,0,1
66,66,0,1,0,1,0,1
199,102,97,2,30,1,1,0
502,310,192,9,31,6,3,0
182,93,89,2,31,1,1,0
294,88,206,4,57,2,2,0
1373,712,661,14,18,8,6,0
62,62,0,1,0,1,0,1
146,146,0,1,0,1,0,1
62,62,0,1,0,1,0,1
5410,2343,3067,42,53,24,18,0
198,110,88,2,30,1,1,0
70,70,0,1,0,1,0,2
70,70,0,1,0,1,0,2
197,102,95,2,30,1,1,0
233,90,143,2,32,1,1,0
192,98,94,2,31,1,1,0
2723,1564,1159,15,17,9,6,0
66,66,0,1,0,1,0,2
66,66,0,1,0,1,0,1
168,86,82,2,30,1,1,0
60,60,0,1,0,1,0,1
13517,1521,11996,32,87,11,21,0
62,62,0,1,0,1,0,1
10782,7193,3589,30,16,17,13,0
60,60,0,1,0,1,0,1
70,70,0,2,8,2,0,0
70,70,0,1,4,1,0,0
66,66,0,2,8,2,0,0
254,82,172,4,30,2,2,0
66,66,0,1,0,1,0,2
11893,6064,5829,29,92,15,14,0
3562,1936,1626,48,194,24,24,0
10705,5303,5402,36,650,16,20,0
295,126,169,4,0,2,2,1
258,102,156,2,30,1,1,0
66,66,0,1,0,1,0,1
3957,2324,1633,51,1720,29,22,0
66,66,0,1,0,1,0,1
60,60,0,1,0,1,0,1
196,102,94,2,31,1,1,0
509,150,359,2,1200,1,1,0
62,62,0,1,0,1,0,1
62,62,0,1,0,1,0,1
47040,13931,33109,428,129,207,221,0
66,66,0,1,0,1,0,1
100,100,0,1,0,1,0,1
62,62,0,1,0,1,0,1
227,110,117,2,30,1,1,0
70,70,0,1,0,1,0,2
323,90,233,4,48,2,2,0
62,62,0,1,0,1,0,1
149,149,0,2,1200,2,0,0
194174,11657,182517,258,31,124,134,0
184,102,82,2,30,1,1,0
62,62,0,1,0,1,0,1
66,66,0,1,0,1,0,1
200,94,106,2,29,1,1,0
70,70,0,1,0,1,0,2
250,94,156,2,30,1,1,0
62,62,0,1,0,1,0,1
1246,533,713,10,20,5,5,0
312,140,172,4,30,2,2,0
900,126,774,2,31,1,1,0
1540037,36876,1503161,1511,62,511,1000,0
66,66,0,1,0,1,0,1
66,66,0,1,0,1,0,1
60,60,0,1,0,1,0,1
146,146,0,1,0,1,0,1
70,70,0,1,0,1,0,2
62,62,0,1,0,1,0,1
35788,2073,33715,54,21,20,34,0
70,70,0,1,0,1,0,2
66,66,0,1,0,1,0,2
70,70,0,1,0,1,0,2
62,62,0,1,0,1,0,1
167,86,81,2,30,1,1,0
62,62,0,1,0,1,0,1
183,94,89,2,29,1,1,0
8036,3293,4743,32,48,18,14,0
146,146,0,1,0,1,0,1
62,62,0,1,0,1,0,1
70,70,0,1,0,1,0,2
193,102,91,2,30,1,1,0
7588,1850,5738,19,25,10,9,0
2366,764,1602,10,137,5,5,0
66,66,0,1,0,1,0,2
70,70,0,1,0,1,0,2
66,66,0,1,0,1,0,2
7375,2087,5288,24,255,12,12,0
568,192,376,6,71,3,3,0
4897,850,4047,15,15,9,6,0
320,140,180,6,6,3,3,0
62,62,0,1,0,1,0,1
146,146,0,1,0,1,0,1
66,66,0,1,0,1,0,1
66,66,0,2,8,2,0,0
66,66,0,1,0,1,0,1
66,66,0,1,0,1,0,2
66,66,0,1,0,1,0,2
183,94,89,2,30,1,1,0
62,62,0,1,0,1,0,1
62,62,0,1,0,1,0,1
204,70,134,4,26,2,2,0
3664,1440,2224,12,23,6,6,0
1625,1038,587,14,28,8,6,0
194,102,92,2,31,1,1,0
66,66,0,1,0,1,0,1
18880,7831,11049,37,18,19,18,0
60,60,0,1,0,1,0,1
174,79,95,2,30,1,1,0
1107678,21465,1086213,1058,16,312,746,0
66,66,0,1,0,1,0,2
320,140,180,6,7,3,3,0
216,110,106,2,31,1,1,0
62,62,0,1,0,1,0,1
210,102,108,2,30,1,1,0
70,70,0,1,0,1,0,2
627,224,403,6,56,3,3,0
66,66,0,1,0,1,0,2
7476,2315,5161,18,135,8,10,0
195,102,93,2,30,1,1,0
177,94,83,2,30,1,1,0
70,70,0,1,0,1,0,2
6112,1553,4559,18,16,10,8,0
216,110,106,2,30,1,1,0
62,62,0,1,0,1,0,1
740,210,530,12,110,4,8,0
220,81,139,2,30,1,1,0
66,66,0,1,0,1,0,2
211,110,101,2,30,1,1,0
5161,3826,1335,16,137,9,7,0
62,62,0,1,0,1,0,1
42954,12409,30545,154,319,67,87,0
66,66,0,1,0,1,0,2
130,70,60,2,5,1,1,0
70,70,0,1,0,1,0,2
70,70,0,1,0,1,0,2
316,136,180,6,7,3,3,0
183,94,89,2,29,1,1,0
6620,3193,3427,23,26,13,10,0
70,70,0,2,8,2,0,0
70,70,0,2,8,2,0,0
66,66,0,1,0,1,0,2
6164,3172,2992,28,141,12,16,0
70,70,0,1,0,1,0,2
70,70,0,1,0,1,0,2
51571,48786,2785,74,19,38,36,0
148418,107579,40839,315,6090,107,208,0
209,102,107,2,30,1,1,0
944,205,739,6,45,3,3,0
199,102,97,2,30,1,1,0
70,70,0,1,0,1,0,2
70,70,0,1,0,1,0,2
62,62,0,1,0,1,0,1
1724,916,808,17,128,7,10,0
481,150,331,2,1200,1,1,0
264,87,177,4,37,2,2,0
66,66,0,1,0,1,0,1
168,78,90,2,29,1,1,0
70,70,0,1,0,1,0,2
1430,754,676,11,146,6,5,0
1155,781,374,10,15,6,4,0
816,102,714,2,30,1,1,0
9371,1936,7435,26,29,14,12,0
70,70,0,1,0,1,0,2
196,100,96,2,31,1,1,0
66,66,0,1,0,1,0,2
60,60,0,1,0,1,0,1
318,192,126,6,25,4,2,0
66,66,0,1,0,1,0,1
195,102,93,2,30,1,1,0
9407,2233,7174,38,96,16,22,0
6641,4617,2024,34,80,18,16,0
70,70,0,1,0,1,0,2
10497,3476,7021,34,17,18,16,0
366,240,126,7,31,5,2,0
194,102,92,2,30,1,1,0
62,62,0,1,0,1,0,1
168,78,90,2,30,1,1,0
36324,2308,34016,55,81,22,33,0
70,70,0,1,0,1,0,2
7998,1347,6651,49,1647,10,39,0
499,425,74,4,0,3,1,0
40443,5300,35143,88,134,38,50,0
70,70,0,1,0,1,0,2
66,66,0,1,0,1,0,1
774,101,673,2,30,1,1,0
62,62,0,1,0,1,0,1
66,66,0,1,0,1,0,2
161,161,0,2,1200,2,0,0
18360,1734,16626,32,28,13,19,0
718,94,624,2,30,1,1,0
3910,1805,2105,20,19,12,8,0
70,70,0,1,0,1,0,2
216,90,126,2,30,1,1,0
874843,22526,852317,878,44,304,574,0
35746,4732,31014,68,67,33,35,0
9759,3896,5863,28,230,15,13,0
802,104,698,2,30,1,1,0
3562,1936,1626,48,195,24,24,0
170,87,83,2,31,1,1,0
70,70,0,1,0,1,0,2
60,60,0,1,0,1,0,1
62,62,0,1,0,1,0,1
70,70,0,2,7,2,0,0
66,66,0,1,0,1,0,2
392,100,292,4,33,2,2,0
62,62,0,1,0,1,0,1
366,240,126,7,27,5,2,0
170,87,83,2,31,1,1,0
12710,4688,8022,44,2961,19,25,0
1251,722,529,11,147,6,5,0
458,188,270,6,29,3,3,0
3255,430,2825,11,15,6,5,0
70,70,0,1,0,1,0,2
66,66,0,1,0,1,0,2
735,88,647,2,30,1,1,0
62,62,0,1,0,1,0,1
3864,2812,1052,17,112,8,9,0
240,76,164,2,30,1,1,0
66,66,0,1,0,1,0,2
66,66,0,1,5,1,0,0
66,66,0,1,0,1,0,1
70,70,0,1,0,1,0,2
295,101,194,4,31,2,2,0
180,94,86,2,30,1,1,0
183,94,89,2,29,1,1,0
66,66,0,1,5,1,0,0
7727,2796,4931,36,104,18,18,0
62,62,0,1,0,1,0,1
66,66,0,1,0,1,0,2
97751,9140,88611,115,82,39,76,0
177,94,83,2,29,1,1,0
62,62,0,1,0,1,0,1
6714,929,5785,17,33,8,9,0
62,62,0,1,0,1,0,1
8850,2551,6299,32,369,16,16,0
4310,1640,2670,22,159,10,12,0
22489,15918,6571,39,26,21,18,0
66,66,0,1,0,1,0,2
6084,1842,4242,26,329,14,12,0
232,110,122,2,30,1,1,0
2913,633,2280,15,16,8,7,0
186,95,91,2,30,1,1,0
70,70,0,1,0,1,0,2
2531,1288,1243,17,140,9,8,0
146,146,0,1,0,1,0,1
210,111,99,2,1201,1,1,0
66,66,0,1,0,1,0,2
62,62,0,1,0,1,0,1
177,94,83,2,30,1,1,0
6544,939,5605,17,17,10,7,0
66,66,0,1,0,1,0,2
4213,2429,1784,18,32,9,9,0
62,62,0,1,0,1,0,1
446,164,282,2,30,1,1,0
70,70,0,1,0,1,0,2
70,70,0,1,0,1,0,2
168,86,82,2,30,1,1,0
258,70,188,4,9,2,2,0
146,146,0,1,0,1,0,1
6020,792,5228,18,25,9,9,0
66,66,0,1,0,1,0,2
392,92,300,4,55,2,2,0
6234,4369,1865,25,316,12,13,0
62,62,0,1,0,1,0,1
178,94,84,2,29,1,1,0
62,62,0,1,0,1,0,1
66,66,0,1,0,1,0,2
749,94,655,2,31,1,1,0
70,70,0,1,0,1,0,2
3683,606,3077,12,15,6,6,0
66,66,0,1,0,1,0,1
889,161,728,3,1200,2,1,0
70,70,0,1,0,1,0,2
66,66,0,1,0,1,0,2
62,62,0,1,0,1,0,1
70,70,0,1,0,1,0,2
247,98,149,2,32,1,1,0
70,70,0,1,0,1,0,2
70,70,0,1,0,1,0,2
198,102,96,2,30,1,1,0
62,62,0,1,0,1,0,1
190,97,93,2,31,1,1,0
66,66,0,1,0,1,0,2
60,60,0,1,0,1,0,1
70,70,0,1,5,1,0,0
60,60,0,1,0,1,0,1
32774,3629,29145,52,26,27,25,0
214,94,120,2,30,1,1,0
66,66,0,1,0,1,0,1
499,425,74,4,0,3,1,0
5242,902,4340,16,29,8,8,0
14085,1879,12206,27,141,12,15,0
70,70,0,1,0,1,0,2
718,94,624,2,30,1,1,0
70,70,0,1,0,1,0,2
70,70,0,1,0,1,0,2
70,70,0,1,0,1,0,2
66,66,0,1,0,1,0,2
264,110,154,2,30,1,1,0
70,70,0,2,7,2,0,0
70,70,0,1,5,1,0,0
66,66,0,1,0,1,0,2
60,60,0,1,0,1,0,1
166,86,80,2,30,1,1,0
182,93,89,2,30,1,1,0
145249,142210,3039,143,185,106,37,0
43771,18333,25438,105,126,49,56,0
70,70,0,1,0,1,0,2
195,102,93,2,30,1,1,0
66,66,0,1,0,1,0,2
70,70,0,1,0,1,0,2
62,62,0,1,0,1,0,1
70,70,0,1,0,1,0,2
70,70,0,1,0,1,0,2
767,102,665,2,31,1,1,0
376,78,298,2,30,1,1,0
4747,3601,1146,18,15,10,8,0
200,102,98,2,30,1,1,0
70,70,0,1,0,1,0,2
216,110,106,2,31,1,1,0
66,66,0,1,0,1,0,2
66,66,0,1,0,1,0,1
66,66,0,1,0,1,0,1
59486,3261,56225,74,360,29,45,0
498,280,218,8,26,5,3,0
198,101,97,2,30,1,1,0
70,70,0,1,4,1,0,0
14939,1037,13902,35,579,11,24,0
62,62,0,1,0,1,0,1
218570,13559,205011,291,22,146,145,0
70,70,0,1,0,1,0,2
62,62,0,1,0,1,0,1
12579,1722,10857,29,171,12,17,0
18045,3544,14501,28,156,12,16,0
70,70,0,2,8,2,0,0
1640,460,1180,8,30,4,4,0
66,66,0,1,5,1,0,0
1327,918,409,10,26,6,4,0
21288,10113,11175,107,31,51,56,0
775,102,673,2,30,1,1,0
194,99,95,2,30,1,1,0
60,60,0,1,0,1,0,1
148,148,0,1,0,1,0,1
422,164,258,6,30,3,3,0
9058,1542,7516,25,50,13,12,0
198,102,96,2,30,1,1,0
200,102,98,2,30,1,1,0
11239,7307,3932,19,25,10,9,0
7189,1694,5495,31,131,14,17,0
220,90,130,2,29,1,1,0
4813,970,3843,12,135,6,6,0
70,70,0,2,8,2,0,0
320,140,180,6,6,3,3,0
1718,1247,471,9,14,5,4,0
66,66,0,1,0,1,0,1
168,86,82,2,30,1,1,0
225,102,123,2,30,1,1,0
6765,1108,5657,17,18,10,7,0
60,60,0,1,0,1,0,1
168,86,82,2,31,1,1,0
66,66,0,1,0,1,0,2
66,66,0,1,0,1,0,1
62,62,0,1,0,1,0,1
66,66,0,1,0,1,0,2
62,62,0,1,0,1,0,1
1444,723,721,15,198,8,7,0
66,66,0,1,0,1,0,2
1698,126,1572,4,31,2,2,0
9094,5469,3625,22,166,12,10,0
267,87,180,4,38,2,2,0
195,102,93,2,31,1,1,0
143,143,0,1,0,1,0,1
62,62,0,1,0,1,0,1
350,88,262,4,31,2,2,0
66,66,0,1,0,1,0,1
177,94,83,2,30,1,1,0
181,86,95,2,30,1,1,0
70,70,0,1,0,1,0,2
51393,3538,47855,70,30,29,41,0
60,60,0,1,0,1,0,1
1867,250,1617,8,120,4,4,0
252,252,0,1,0,1,0,1
70,70,0,1,5,1,0,0
62,62,0,1,0,1,0,1
66,66,0,1,0,1,0,1
4145,1976,2169,22,19,13,9,0
426,240,186,8,24,5,3,0
73021,1232,71789,66,80,14,52,0
66,66,0,1,0,1,0,1
66,66,0,1,0,1,0,2
62,62,0,1,0,1,0,1
139,139,0,1,0,1,0,1
89,89,0,1,0,1,0,1
186,95,91,2,31,1,1,0
7329,3011,4318,30,127,14,16,0
70,70,0,2,8,2,0,0
60,60,0,1,0,1,0,1
14776,5238,9538,41,175,21,20,0
5780,1646,4134,22,15,11,11,0
66,66,0,1,0,1,0,1
337,94,243,2,30,1,1,0
62,62,0,1,0,1,0,1
624,318,306,10,15,5,5,0
66,66,0,1,0,1,0,1
66,66,0,1,0,1,0,1
318,192,126,6,25,4,2,0
70,70,0,1,0,1,0,2
183,94,89,2,30,1,1,0
6350,1072,5278,18,40,10,8,0
27889,1445,26444,37,121,14,23,0
1082,86,996,2,31,1,1,0
66,66,0,1,0,1,0,2
66,66,0,1,0,1,0,2
130,66,64,2,5,1,1,0
66,66,0,1,0,1,0,2
66,66,0,1,0,1,0,1
168,78,90,2,30,1,1,0
70,70,0,1,0,1,0,2
194,102,92,2,29,1,1,0
202,103,99,2,31,1,1,0
146,146,0,1,0,1,0,1
1114,534,580,12,15,7,5,0
177,94,83,2,31,1,1,0
62,62,0,1,0,1,0,1
5583,1390,4193,19,15,9,10,0
3174,346,2828,12,121,5,7,0
62,62,0,1,0,1,0,1
146,146,0,1,0,1,0,1
8447,2129,6318,26,250,15,11,0
5610,1599,4011,24,17,14,10,0
62,62,0,1,0,1,0,1
13275,3587,9688,38,27,20,18,0
786,110,676,2,29,1,1,0
70,70,0,1,0,1,0,2
757,102,655,2,30,1,1,0
66,66,0,1,0,1,0,2
66,66,0,1,0,1,0,2
4502,1072,3430,15,98,7,8,0
178,94,84,2,30,1,1,0
209,110,99,2,30,1,1,0
66,66,0,1,0,1,0,2
13480,8545,4935,35,94,19,16,0
70,70,0,1,0,1,0,2
857,126,731,2,30,1,1,0
70,70,0,1,0,1,0,2
70,70,0,1,0,1,0,2
66,66,0,1,0,1,0,2
70,70,0,1,0,1,0,2
2501,1085,1416,15,108,8,7,0
4378,1471,2907,19,28,11,8,0
86,86,0,1,30,1,0,0
70,70,0,1,0,1,0,2
760,97,663,2,30,1,1,0
60,60,0,1,0,1,0,1
66,66,0,1,3600,1,0,0
62,62,0,1,0,1,0,1
70,70,0,1,5,1,0,0
168,86,82,2,30,1,1,0
164,70,94,2,4,1,1,0
177,94,83,2,30,1,1,0
142,142,0,2,30,2,0,0
190675,79205,111470,237,41,104,133,0
70,70,0,1,0,1,0,2
1862,616,1246,11,15,6,5,0
124,64,60,2,0,1,1,0
41435,6615,34820,85,193,46,39,0
66,66,0,1,5,1,0,0
422,164,258,6,30,3,3,0
3680,1777,1903,18,34,8,10,0
70,70,0,1,0,1,0,2
325925,18062,307863,377,146,161,216,0
70,70,0,1,4,1,0,0
66,66,0,1,0,1,0,2
199,102,97,2,30,1,1,0
172,88,84,2,30,1,1,0
188,96,92,2,30,1,1,0
177,94,83,2,30,1,1,0
70,70,0,1,5,1,0,0
17375,11554,5821,52,27,32,20,0
70,70,0,1,0,1,0,2
62,62,0,1,0,1,0,1
168,86,82,2,30,1,1,0
62,62,0,1,0,1,0,1
62,62,0,1,0,1,0,1
9878,1936,7942,36,121,18,18,0
398,255,143,3,32,2,1,0
4130,2105,2025,18,16,9,9,0
146,146,0,1,0,1,0,1
66,66,0,1,0,1,0,2
742,298,444,11,16,5,6,0
1594,1280,314,10,15,5,5,0
234,234,0,4,11,4,0,0
70,70,0,1,0,1,0,2
416,210,206,7,28,4,3,0
62,62,0,1,0,1,0,1
62,62,0,1,0,1,0,1
313,110,203,4,35,2,2,0
60,60,0,1,0,1,0,1
177,94,83,2,30,1,1,0
890,469,421,10,360,5,5,0
211,102,109,2,29,1,1,0
1099,578,521,10,15,6,4,0
1780845,46018,1734827,1751,141,546,1205,0
164,84,80,2,31,1,1,0
66,66,0,1,0,1,0,1
178,94,84,2,30,1,1,0
66,66,0,1,0,1,0,2
199,102,97,2,30,1,1,0
214,140,74,4,35,3,1,0
66,66,0,1,0,1,0,1
66,66,0,1,0,1,0,1
304,86,218,2,29,1,1,0
66,66,0,1,0,1,0,2
70,70,0,1,0,1,0,2
172,88,84,2,30,1,1,0
66,66,0,1,0,1,0,1
62,62,0,1,0,1,0,1
4085,1916,2169,21,19,12,9,0
70,70,0,1,0,1,0,2
197,102,95,2,30,1,1,0
1289,303,986,12,16,5,7,0
70,70,0,1,0,1,0,2
66,66,0,1,0,1,0,1
19566,12185,7381,89,176,42,47,0
81114,4708,76406,108,66,39,69,0
70,70,0,1,0,1,0,2
2930,1614,1316,16,249,9,7,0
66,66,0,1,0,1,0,2
3538,2015,1523,28,323,14,14,0
70,70,0,1,0,1,0,2
854,150,704,4,1200,2,2,0
8005,1985,6020,20,15,11,9,0
152171,9332,142839,189,156,78,111,0
192,90,102,2,31,1,1,0
4144,2479,1665,19,361,10,9,0
4614,853,3761,16,127,9,7,0
3919,1099,2820,35,627,9,26,0
752,93,659,2,31,1,1,0
157,157,0,1,0,1,0,1
66,66,0,1,0,1,0,2
66,66,0,1,0,1,0,2
216,110,106,2,30,1,1,0
62,62,0,1,0,1,0,1
70,70,0,1,0,1,0,2
7234,4345,2889,27,235,15,12,0
70,70,0,2,8,2,0,0
195,102,93,2,30,1,1,0
60,60,0,1,0,1,0,1
66,66,0,1,0,1,0,2
5524,1857,3667,27,3652,9,18,0
501,150,351,2,1200,1,1,0
145,145,0,1,0,1,0,1
2931,1940,991,19,25,10,9,0
821,102,719,2,30,1,1,0
62,62,0,1,0,1,0,1
70,70,0,1,0,1,0,2
62,62,0,1,0,1,0,1
282,60,222,5,12,2,3,0
337,106,231,4,43,2,2,0
70,70,0,1,5,1,0,0
220,220,0,1,0,1,0,1
66,66,0,1,0,1,0,1
70,70,0,1,0,1,0,2
66,66,0,1,0,1,0,1
199,102,97,2,30,1,1,0
8918,730,8188,20,72,7,13,0
70,70,0,2,7,2,0,0
262,70,192,5,21,2,3,0
62,62,0,1,0,1,0,1
184,94,90,2,30,1,1,0
184,94,90,2,30,1,1,0
204,64,140,4,10,2,2,0
504,382,122,8,15,6,2,0
210,102,108,2,30,1,1,0
448741,15805,432936,491,109,181,310,0
203,86,117,2,29,1,1,0
66,66,0,1,0,1,0,1
192,98,94,2,31,1,1,0
60,60,0,1,0,1,0,1
2100,1146,954,13,46,6,7,0
228,97,131,2,31,1,1,0
62,62,0,1,0,1,0,1
761,100,661,2,31,1,1,0
228,94,134,2,30,1,1,0
481,150,331,2,1200,1,1,0
70,70,0,2,8,2,0,0
62,62,0,1,0,1,0,1
66,66,0,1,0,1,0,2
783009,84254,698755,776,706,250,526,0
184,80,104,2,30,1,1,0
66,66,0,1,0,1,0,1
70,70,0,1,0,1,0,2
1097,1097,0,1,0,1,0,1
66,66,0,1,0,1,0,2
8865,1819,7046,24,30,14,10,0
326,92,234,4,31,2,2,0
1699,1038,661,16,276,9,7,0
70,70,0,1,0,1,0,2
212,102,110,2,30,1,1,0
66,66,0,1,0,1,0,1
2807,587,2220,13,16,7,6,0
66,66,0,1,0,1,0,1
270,270,0,4,32,4,0,0
62,62,0,1,0,1,0,1
70,70,0,2,7,2,0,0
66,66,0,1,0,1,0,2
793,101,692,2,30,1,1,0
182,93,89,2,30,1,1,0
879,126,753,2,30,1,1,0
66,66,0,1,0,1,0,2
66,66,0,1,0,1,0,1
196,102,94,2,30,1,1,0
7653,1188,6465,21,16,12,9,0
146,146,0,1,0,1,0,1
183,94,89,2,30,1,1,0
66,66,0,1,0,1,0,2
25542,17843,7699,58,59,34,24,0
1506,984,522,14,27,8,6,0
378,192,186,7,30,4,3,0
210,78,132,2,30,1,1,0
66,66,0,1,0,1,0,1
168,86,82,2,31,1,1,0
70,70,0,1,0,1,0,2
490,150,340,2,1200,1,1,0
62,62,0,1,0,1,0,1
86,86,0,1,60,1,0,0
66,66,0,1,0,1,0,2
1402,917,485,12,27,7,5,0
70,70,0,1,4,1,0,0
70,70,0,1,0,1,0,2
66,66,0,1,0,1,0,2
68083,5515,62568,90,38,40,50,0
66,66,0,1,0,1,0,2
66,66,0,1,0,1,0,1
70,70,0,1,0,1,0,2
192,98,94,2,31,1,1,0
622,210,412,10,21,4,6,0
8454,978,7476,20,15,10,10,0
70,70,0,2,8,2,0,0
70,70,0,1,0,1,0,2
177,94,83,2,29,1,1,0
94,94,0,1,29,1,0,0
66,66,0,1,90,1,0,0
60,60,0,1,0,1,0,1
197,102,95,2,30,1,1,0
13942,8293,5649,59,172,31,28,0
70,70,0,1,0,1,0,2
66,66,0,1,0,1,0,1
194,99,95,2,30,1,1,0
886,541,345,11,15,6,5,0
66,66,0,1,0,1,0,2
772,103,669,2,31,1,1,0
368,95,273,4,61,2,2,0
148,86,62,2,30,1,1,0
3549,899,2650,13,120,6,7,0
5968,985,4983,17,26,8,9,0
70,70,0,1,0,1,0,2
5582,1388,4194,19,15,9,10,0
17231,6415,10816,26,149,12,14,0
62,62,0,1,0,1,0,1
66,66,0,1,0,1,0,2
66,66,0,1,0,1,0,1
14176,1843,12333,30,201,16,14,0
197,102,95,2,33,1,1,0
1054,293,761,8,94,4,4,0
146,146,0,1,0,1,0,1
594,594,0,10,1200,10,0,0
9723,1780,7943,35,120,17,18,0
204,104,100,2,31,1,1,0
146,146,0,1,0,1,0,1
62,62,0,1,0,1,0,1
184,94,90,2,30,1,1,0
1678,1364,314,10,15,5,5,0
584947,21842,563105,678,36,286,392,0
228,110,118,2,30,1,1,0
168,78,90,2,29,1,1,0
205,86,119,2,30,1,1,0
816,102,714,2,30,1,1,0
7535,1003,6532,24,304,7,17,0
62,62,0,1,0,1,0,1
62,62,0,1,0,1,0,1
249,94,155,2,29,1,1,0
180,94,86,2,30,1,1,0
145,145,0,1,0,1,0,1
3220,2010,1210,20,19,10,10,0
6357,4318,2039,22,16,11,11,0
225,102,123,2,30,1,1,0
757,98,659,2,31,1,1,0
177,94,83,2,30,1,1,0
70,70,0,1,0,1,0,2
197,102,95,2,31,1,1,0
66,66,0,1,0,1,0,1
70,70,0,1,0,1,0,2
62,62,0,1,0,1,0,1
958,543,415,11,315,6,5,0
60,60,0,1,0,1,0,1
1373,669,704,10,16,5,5,0
62,62,0,1,0,1,0,1
66,66,0,1,0,1,0,1
168,78,90,2,30,1,1,0
66,66,0,1,0,1,0,2
25316,10344,14972,84,170,48,36,0
228,118,110,2,1200,1,1,0
4591,3237,1354,18,271,10,8,0
316,136,180,6,6,3,3,0
132,132,0,3,1199,3,0,0
177,94,83,2,30,1,1,0
66,66,0,1,0,1,0,2
66,66,0,1,0,1,0,2
60,60,0,1,0,1,0,1
70,70,0,1,5,1,0,0
154,94,60,2,5,1,1,0
70,70,0,1,0,1,0,2
62,62,0,1,0,1,0,1
220,90,130,2,30,1,1,0
11018,5022,5996,84,588,43,41,0
66,66,0,1,0,1,0,1
199,102,97,2,30,1,1,0
66,66,0,1,0,1,0,1
216,110,106,2,29,1,1,0
152,152,0,1,1200,1,0,0
70,70,0,1,0,1,0,2
74,74,0,1,0,1,0,1
18482489,568378,17914111,19386,214,6466,12920,0
37154,2381,34773,50,135,23,27,0
70,70,0,1,0,1,0,2
470,131,339,4,32,2,2,0
66,66,0,1,0,1,0,1
146,146,0,1,0,1,0,1
70,70,0,1,0,1,0,2
62,62,0,1,0,1,0,1
235,90,145,2,32,1,1,0
70,70,0,1,0,1,0,2
159,159,0,1,0,1,0,1
60,60,0,2,5,2,0,0
6804,1473,5331,33,258,15,18,0
62,62,0,1,0,1,0,1
101747,13436,88311,135,319,53,82,0
66,66,0,1,0,1,0,1
66,66,0,1,0,1,0,1
195,94,101,2,30,1,1,0
7280,2277,5003,19,136,9,10,0
74,74,0,1,0,1,0,1
62,62,0,1,0,1,0,1
62,62,0,1,0,1,0,1
448,166,282,2,31,1,1,0
66,66,0,1,0,1,0,1
5458,1390,4068,17,15,9,8,0
239435,36478,202957,319,111,133,186,0
193,102,91,2,30,1,1,0
146,146,0,1,0,1,0,1
70,70,0,1,0,1,0,2
3191,2313,878,17,42,10,7,0
209,110,99,2,29,1,1,0
190,70,120,4,15,2,2,0
70,70,0,2,8,2,0,0
804,804,0,1,0,1,0,1
11355,3474,7881,45,93,22,23,0
197,102,95,2,30,1,1,0
6616,3644,2972,18,122,9,9,0
70,70,0,2,8,2,0,0
8311,3156,5155,29,17,16,13,0
70,70,0,1,0,1,0,2
62,62,0,1,0,1,0,1
156,66,90,2,5,1,1,0
7210,2382,4828,33,100,19,14,0
70,70,0,1,0,1,0,2
4591,1684,2907,19,28,11,8,0
216,110,106,2,30,1,1,0
282487,10736,271751,315,52,124,191,0
70,70,0,1,0,1,0,2
209,77,132,2,32,1,1,0
70,70,0,1,0,1,0,2
789,110,679,2,31,1,1,0
194,102,92,2,31,1,1,0
62,62,0,1,0,1,0,1
66,66,0,1,0,1,0,2
12403,2139,10264,38,22,19,19,0
70,70,0,1,4,1,0,0
493316,12157,481159,470,94,122,348,0
183,94,89,2,30,1,1,0
66,66,0,1,0,1,0,1
422,164,258,6,29,3,3,0
618,111,507,4,30,2,2,0
31194,5024,26170,44,121,18,26,0
70,70,0,1,0,1,0,2
14462,3625,10837,31,63,16,15,0
70,70,0,1,0,1,0,2
6671,3244,3427,26,30,16,10,0
62,62,0,1,0,1,0,1
5458,2211,3247,22,39,13,9,0
324,86,238,4,47,2,2,0
568,568,0,5,10,5,0,0
157,157,0,1,0,1,0,1
70,70,0,1,0,1,0,2
66,66,0,1,0,1,0,1
66,66,0,1,0,1,0,2
19937,2162,17775,36,24,19,17,0
70,70,0,1,0,1,0,2
70,70,0,1,0,1,0,2
7979,802,7177,17,57,8,9,0
3521,516,3005,12,15,6,6,0
177,94,83,2,30,1,1,0
70,70,0,1,5,1,0,0
66,66,0,1,0,1,0,2
168,86,82,2,31,1,1,0
492,306,186,8,15,5,3,0
200,94,106,2,31,1,1,0
252,94,158,2,31,1,1,0
66,66,0,1,0,1,0,1
66,66,0,1,0,1,0,1
226,86,140,2,31,1,1,0
62,62,0,1,0,1,0,1
70,70,0,1,0,1,0,2
66,66,0,1,0,1,0,2
66,66,0,1,0,1,0,2
66,66,0,1,0,1,0,1
66,66,0,1,0,1,0,1
4350,2261,2089,21,17,11,10,0
484,150,334,2,1200,1,1,0
606,182,424,6,71,3,3,0
195,102,93,2,30,1,1,0
62,62,0,1,0,1,0,1
336,231,105,3,30,2,1,0
62,62,0,1,0,1,0,1
12660,7492,5168,27,274,14,13,0
70,70,0,1,0,1,0,2
66,66,0,1,0,1,0,1
499,425,74,4,0,3,1,0
70,70,0,1,5,1,0,0
780,104,676,2,30,1,1,0
71226,18632,52594,137,318,63,74,0
372,126,246,2,29,1,1,0
200,102,98,2,30,1,1,0
195,102,93,2,32,1,1,0
684908,25994,658914,762,141,263,499,0
728,102,626,2,30,1,1,0
70,70,0,1,5,1,0,0
62,62,0,1,0,1,0,1
62,62,0,1,0,1,0,1
814,814,0,1,0,1,0,1
197,102,95,2,30,1,1,0
199,102,97,2,30,1,1,0
1658,1247,411,8,15,5,3,0
62,62,0,1,0,1,0,1
66,66,0,1,0,1,0,1
330,126,204,2,31,1,1,0
66,66,0,1,0,1,0,1
66,66,0,1,0,1,0,1
146,146,0,1,0,1,0,1
66,66,0,1,5,1,0,0
216,82,134,2,32,1,1,0
238,118,120,2,1199,1,1,0
146,146,0,1,0,1,0,1
70,70,0,1,0,1,0,2
7772,4119,3653,31,17,16,15,0
184,94,90,2,31,1,1,0
62,62,0,1,0,1,0,1
177,94,83,2,30,1,1,0
62,62,0,1,0,1,0,1
60,60,0,1,0,1,0,1
141,79,62,2,31,1,1,0
876,126,750,2,30,1,1,0
579769,15036,564733,578,61,199,379,0
427,88,339,4,55,2,2,0
1053,566,487,10,31,6,4,0
778,103,675,2,30,1,1,0
70,70,0,2,8,2,0,0
66,66,0,1,0,1,0,1
177,94,83,2,30,1,1,0
62,62,0,1,0,1,0,1
62,62,0,1,0,1,0,1
70,70,0,1,5,1,0,0
5089,1037,4052,20,61,11,9,0
270,168,102,3,30,2,1,0
66,66,0,1,0,1,0,2
66,66,0,1,0,1,0,1
70,70,0,1,0,1,0,2
66,66,0,1,5,1,0,0
4419,271,4148,13,28,3,10,0
193,102,91,2,30,1,1,0
66,66,0,1,0,1,0,2
66,66,0,1,0,1,0,1
199,94,105,2,30,1,1,0
480,244,236,4,0,2,2,0
891,126,765,2,31,1,1,0
17376,1687,15689,28,40,12,16,0
62,62,0,1,0,1,0,1
66,66,0,1,0,1,0,2
235,90,145,2,34,1,1,0
70,70,0,1,0,1,0,2
5443,2529,2914,14,515,8,6,0
70,70,0,1,4,1,0,0
233,102,131,2,30,1,1,0
70,70,0,1,0,1,0,2
66,66,0,1,0,1,0,1
2719275,48822,2670453,2459,127,689,1770,0
199,102,97,2,30,1,1,0
9616,6956,2660,39,47,21,18,0
70,70,0,1,0,1,0,2
214,110,104,2,30,1,1,0
60,60,0,1,0,1,0,1
62,62,0,1,0,1,0,1
893,893,0,1,0,1,0,1
234,234,0,4,12,4,0,0
62,62,0,1,0,1,0,1
83253,4938,78315,99,26,39,60,0
1788,628,1160,11,15,6,5,0
66,66,0,1,0,1,0,2
5168,700,4468,16,15,7,9,0
66,66,0,1,0,1,0,2
70,70,0,1,0,1,0,2
70,70,0,1,0,1,0,2
70,70,0,1,0,1,0,2
70,70,0,1,0,1,0,2
70,70,0,1,0,1,0,2
1658,1247,411,8,15,5,3,0
5771,3201,2570,22,161,10,12,0
70,70,0,1,0,1,0,2
70,70,0,1,0,1,0,2
62,62,0,1,0,1,0,1
2163,676,1487,14,15,7,7,0
212,108,104,2,31,1,1,0
66,66,0,1,0,1,0,1
8912,1537,7375,27,638,10,17,0
303,85,218,2,30,1,1,0
5846879,177697,5669182,6043,41,2261,3782,0
66,66,0,1,0,1,0,1
5397,3496,1901,20,16,10,10,0
66,66,0,1,0,1,0,1
196,102,94,2,30,1,1,0
318,192,126,6,27,4,2,0
66,66,0,1,0,1,0,1
78,78,0,1,0,1,0,1
66,66,0,1,0,1,0,1
7969,4870,3099,36,360,20,16,0
62,62,0,1,0,1,0,1
70,70,0,1,0,1,0,2
3137,1986,1151,15,15,8,7,0
62,62,0,1,0,1,0,1
314,98,216,2,30,1,1,0
196,102,94,2,30,1,1,0
173,94,79,2,30,1,1,0
70,70,0,1,0,1,0,2
52791,4087,48704,66,24,26,40,0
2976,1572,1404,17,17,9,8,0
199,102,97,2,30,1,1,0
70,70,0,1,0,1,0,2
212,110,102,2,29,1,1,0
9484,4222,5262,86,45,40,46,0
62,62,0,1,0,1,0,1
77050,5353,71697,113,95,46,67,0
66,66,0,1,4,1,0,0
70,70,0,1,0,1,0,2
194,102,92,2,29,1,1,0
13090,9437,3653,43,188,14,29,0
296,94,202,2,30,1,1,0
7648,1671,5977,25,31,13,12,0
257,110,147,2,30,1,1,0
197,102,95,2,30,1,1,0
66,66,0,1,0,1,0,1
7123,1020,6103,19,151,11,8,0
225,110,115,2,30,1,1,0
749,94,655,2,31,1,1,0
70,70,0,1,0,1,0,2
70,70,0,1,5,1,0,0
66,66,0,1,0,1,0,1
195,102,93,2,30,1,1,0
182,94,88,2,30,1,1,0
134,60,74,3,5,2,1,0
1135,736,399,7,95,4,3,0
70,70,0,1,0,1,0,2
245,94,151,2,29,1,1,0
170,87,83,2,30,1,1,0
13683,6075,7608,58,5113,23,35,0
177,94,83,2,30,1,1,0
66,66,0,1,0,1,0,2
70,70,0,1,0,1,0,2
274,94,180,4,33,2,2,0
70,70,0,1,0,1,0,2
209,102,107,2,30,1,1,0
2091,1642,449,10,20,6,4,0
6389,690,5699,16,15,8,8,0
70,70,0,1,0,1,0,2
216,110,106,2,30,1,1,0
195,102,93,2,30,1,1,0
62,62,0,1,0,1,0,1
66,66,0,1,0,1,0,1
402,132,270,6,1209,3,3,0
66,66,0,2,7,2,0,0
66,66,0,1,0,1,0,1
35199,15909,19290,70,152,34,36,0
66,66,0,1,0,1,0,1
177,94,83,2,31,1,1,0
1373,734,639,17,125,10,7,0
66,66,0,1,0,1,0,1
327575,8400,319175,334,316,113,221,0
8056,3762,4294,55,517,28,27,0
66,66,0,1,0,1,0,2
70,70,0,1,0,1,0,2
70,70,0,1,0,1,0,2
9487,2103,7384,32,24,16,16,0
70,70,0,1,0,1,0,2
70,70,0,1,0,1,0,2
4657,1750,2907,19,28,11,8,0
294,94,200,4,51,2,2,0
152,66,86,2,9,1,1,0
70,70,0,1,0,1,0,2
62,62,0,1,0,1,0,1
70,70,0,1,0,1,0,2
70,70,0,1,0,1,0,2
70,70,0,1,0,1,0,2
70,70,0,2,7,2,0,0
130,66,64,2,4,1,1,0
822,102,720,2,29,1,1,0
66,66,0,1,0,1,0,2
166456,128,166328,270,35,3,267,0
413,102,311,2,30,1,1,0
31315,6036,25279,65,49,32,33,0
66,66,0,2,7,2,0,0
355,97,258,4,60,2,2,0
66,66,0,1,0,1,0,2
66,66,0,1,0,1,0,1
178,94,84,2,30,1,1,0
422,164,258,6,30,3,3,0
763,102,661,2,29,1,1,0
70,70,0,1,0,1,0,2
173,94,79,2,30,1,1,0
66,66,0,1,0,1,0,2
348,132,216,6,15,3,3,0
9398,4241,5157,22,135,11,11,0
70,70,0,1,5,1,0,0
173,94,79,2,30,1,1,0
174,89,85,2,31,1,1,0
490,149,341,2,1200,1,1,0
1598,731,867,17,362,8,9,0
70,70,0,1,0,1,0,2
66,66,0,1,0,1,0,1
66,66,0,1,0,1,0,2
66,66,0,1,0,1,0,1
146,146,0,1,0,1,0,1
62,62,0,1,0,1,0,1
214312,69934,144378,612,671,303,309,0
193,102,91,2,30,1,1,0
62,62,0,1,0,1,0,1
70,70,0,1,0,1,0,2
66,66,0,1,0,1,0,1
70,70,0,1,0,1,0,2
193,102,91,2,29,1,1,0
66,66,0,1,0,1,0,1
3504,1790,1714,17,33,9,8,0
66,66,0,1,0,1,0,1
2052,711,1341,10,130,6,4,0
3289,1265,2024,13,32,7,6,0
148,148,0,1,0,1,0,1
32598,22046,10552,83,60,49,34,0
66,66,0,1,0,1,0,1
66,66,0,1,0,1,0,1
70,70,0,1,0,1,0,2
168,78,90,2,29,1,1,0
139,139,0,1,0,1,0,3
879,126,753,2,30,1,1,0
70,70,0,1,5,1,0,0
183,94,89,2,30,1,1,0
66,66,0,1,0,1,0,2
230,90,140,2,29,1,1,0
9035,1873,7162,28,124,14,14,0
70,70,0,1,0,1,0,2
70,70,0,1,0,1,0,2
70,70,0,1,0,1,0,2
152755,7304,145451,171,21,65,106,0
168,86,82,2,31,1,1,0
374,192,182,7,25,4,3,0
70,70,0,1,0,1,0,2
1401,864,537,12,29,6,6,0
216,110,106,2,31,1,1,0
1653,1010,643,16,94,9,7,0
162355,8745,153610,178,22,66,112,0
480,93,387,4,50,2,2,0
62,62,0,1,0,1,0,1
214,110,104,2,30,1,1,0
168,78,90,2,30,1,1,0
70,70,0,1,0,1,0,2
70,70,0,1,0,1,0,2
711,87,624,2,31,1,1,0
66,66,0,1,0,1,0,2
209,110,99,2,30,1,1,0
1670,1044,626,15,84,8,7,0
70,70,0,1,0,1,0,2
2114,1182,932,10,127,6,4,0
164,86,78,2,31,1,1,0
744,95,649,2,30,1,1,0
62,62,0,1,0,1,0,1
70,70,0,1,0,1,0,2
151,89,62,2,30,1,1,0
167,86,81,2,30,1,1,0
18875,13913,4962,116,788,60,56,0
3133,814,2319,13,136,6,7,0
378,192,186,7,41,4,3,0
66,66,0,1,0,1,0,1
86,86,0,1,30,1,0,0
179,94,85,2,30,1,1,0
374,192,182,7,26,4,3,0
232,172,60,3,5,2,1,0
66,66,0,1,0,1,0,1
757,102,655,2,30,1,1,0
195,94,101,2,30,1,1,0
6886,1380,5506,19,132,9,10,0
145,145,0,1,0,1,0,1
214,140,74,4,30,3,1,0
1563663,41030,1522633,1538,40,479,1059,0
66,66,0,1,0,1,0,1
70,70,0,1,0,1,0,2
21804,16558,5246,43,21,24,19,0
854,150,704,4,1201,2,2,0
66,66,0,1,0,1,0,2
66,66,0,1,0,1,0,1
70,70,0,1,5,1,0,0
62,62,0,1,5,1,0,0
62,62,0,1,0,1,0,1
70,70,0,1,0,1,0,2
216,90,126,2,30,1,1,0
159,159,0,1,0,1,0,1
9083,1822,7261,20,257,5,15,0
66,66,0,1,0,1,0,1
62,62,0,1,0,1,0,1
11773,7687,4086,31,17,16,15,0
198,102,96,2,30,1,1,0
248,106,142,2,29,1,1,0
66,66,0,1,0,1,0,1
193,102,91,2,29,1,1,0
70,70,0,1,0,1,0,2
711,87,624,2,31,1,1,0
70,70,0,1,0,1,0,2
199,102,97,2,30,1,1,0
62,62,0,1,0,1,0,1
2016,1076,940,14,17,8,6,0
221,89,132,2,31,1,1,0
146,146,0,1,0,1,0,1
214,140,74,4,30,3,1,0
70,70,0,1,0,1,0,2
70,70,0,1,0,1,0,2
1193,703,490,8,18,5,3,0
21487,16430,5057,39,21,22,17,0
499,425,74,4,0,3,1,0
82533,15815,66718,124,131,50,74,0
185,102,83,2,31,1,1,0
70,70,0,1,0,1,0,2
66,66,0,1,0,1,0,2
66,66,0,1,0,1,0,2
316,136,180,6,6,3,3,0
66,66,0,1,0,1,0,1
486,280,206,8,26,5,3,0
149,149,0,1,1200,1,0,0
6098,1916,4182,31,357,16,15,0
70,70,0,1,0,1,0,2
70,70,0,1,0,1,0,2
3208,2015,1193,19,34,11,8,0
70,70,0,1,0,1,0,1
70,70,0,1,0,1,0,2
70,70,0,1,0,1,0,2
138,78,60,2,6,1,1,0
181413,11493,169920,167,85,41,126,0
334,226,108,3,30,2,1,0
193,102,91,2,29,1,1,0
62,62,0,1,0,1,0,1
159,159,0,1,0,1,0,1
70,70,0,1,0,1,0,2
62,62,0,1,0,1,0,1
254,102,152,2,30,1,1,0
138,78,60,2,5,1,1,0
148,148,0,1,0,1,0,1
70,70,0,1,0,1,0,2
66,66,0,1,0,1,0,2
6094,1073,5021,19,15,10,9,0
66,66,0,1,0,1,0,2
9652,2914,6738,22,124,11,11,0
62,62,0,1,0,1,0,1
66,66,0,1,0,1,0,2
168,78,90,2,30,1,1,0
232,94,138,2,30,1,1,0
60,60,0,1,0,1,0,1
66,66,0,1,0,1,0,1
66,66,0,1,0,1,0,1
858,858,0,14,1199,14,0,0
66,66,0,1,0,1,0,1
168,86,82,2,30,1,1,0
130,70,60,2,15,1,1,0
9660,4678,4982,30,144,15,15,0
183,94,89,2,29,1,1,0
60,60,0,1,0,1,0,1
66,66,0,1,0,1,0,2
70,70,0,1,5,1,0,0
5730351,74236,5656115,4865,78,1088,3777,0
70,70,0,1,29,1,0,0
66,66,0,1,0,1,0,2
198,102,96,2,30,1,1,0
60,60,0,1,0,1,0,1
1218,774,444,17,26,10,7,0
66,66,0,1,0,1,0,2
284,164,120,4,15,2,2,0
70,70,0,1,0,1,0,2
212,102,110,2,29,1,1,0
209,110,99,2,31,1,1,0
66,66,0,1,0,1,0,2
66,66,0,1,0,1,0,2
70,70,0,1,0,1,0,2
185,102,83,2,30,1,1,0
70,70,0,1,0,1,0,2
628,82,546,2,30,1,1,0
7636,3367,4269,24,319,13,11,0
4118,2905,1213,27,87,16,11,0
3734,1750,1984,24,203,12,12,0
70,70,0,1,5,1,0,0
4296,3281,1015,12,33,7,5,0
66,66,0,1,0,1,0,1
62,62,0,1,0,1,0,1
164,84,80,2,30,1,1,0
6795,2090,4705,27,21,15,12,0
66,66,0,1,0,1,0,2
196,94,102,2,30,1,1,0
1964,1171,793,20,25,11,9,0
752,93,659,2,30,1,1,0
194,102,92,2,31,1,1,0
66,66,0,1,0,1,0,1
3452,1535,1917,18,82,10,8,0
70,70,0,1,0,1,0,2
1820,1101,719,18,18,10,8,0
24155,3115,21040,55,98,27,28,0
2175,1532,643,10,22,7,3,0
70,70,0,1,0,1,0,2
156,156,0,3,8,3,0,0
30427,2131,28296,66,32,25,41,0
177,94,83,2,30,1,1,0
181,94,87,2,29,1,1,0
70,70,0,2,8,2,0,0
198,94,104,2,31,1,1,0
66,66,0,1,0,1,0,1
280,214,66,2,30,1,1,0
70,70,0,1,0,1,0,2
62,62,0,1,0,1,0,1
5993,974,5019,19,54,10,9,0
66,66,0,1,0,1,0,1
70,70,0,1,0,1,0,2
66,66,0,1,0,1,0,2
66,66,0,1,0,1,0,1
490,264,226,8,32,5,3,0
7653,1188,6465,21,16,12,9,0
9942,1211,8731,26,77,14,12,0
295,101,194,4,31,2,2,0
199,102,97,2,30,1,1,0
324,110,214,2,29,1,1,0
795,795,0,2,154,2,0,0
70,70,0,1,0,1,0,2
9578079,276384,9301695,9817,153,2984,6833,0
66,66,0,1,5,1,0,0
15190,7454,7736,78,30,39,39,0
66,66,0,1,0,1,0,1
32098,2435,29663,47,75,24,23,0
66,66,0,1,0,1,0,2
2875,449,2426,12,16,7,5,0
652760,608740,44020,734,432,496,238,0
66,66,0,1,0,1,0,2
66,66,0,1,0,1,0,1
130,70,60,2,30,1,1,0
726,726,0,12,1200,12,0,0
14498,6454,8044,24,120,12,12,0
66,66,0,1,5,1,0,0
70,70,0,1,0,1,0,2
70,70,0,1,0,1,0,2
102,102,0,1,30,1,0,0
136656,9764,126892,162,140,70,92,0
17161,1619,15542,18,151,4,14,0
66,66,0,1,0,1,0,2
66,66,0,1,0,1,0,1
70,70,0,1,0,1,0,2
66,66,0,1,0,1,0,2
70,70,0,1,4,1,0,0
8714,1606,7108,24,34,12,12,0
66,66,0,1,0,1,0,1
8416,2142,6274,25,330,12,13,0
70,70,0,1,0,1,0,2
70,70,0,1,0,1,0,2
228,110,118,2,31,1,1,0
390,266,124,6,1200,4,2,0
60,60,0,1,0,1,0,1
821,102,719,2,29,1,1,0
168,78,90,2,30,1,1,0
146,146,0,1,0,1,0,1
66,66,0,1,0,1,0,1
209,110,99,2,30,1,1,0
3820081,140348,3679733,4457,136,1736,2721,0
458,188,270,6,29,3,3,0
70,70,0,1,0,1,0,2
258,70,188,4,8,2,2,0
70,70,0,2,8,2,0,0
207859,77557,130302,849,753,312,537,0
66,66,0,1,0,1,0,1
70,70,0,1,0,1,0,2
179,94,85,2,30,1,1,0
712,214,498,6,44,3,3,0
146,146,0,1,0,1,0,1
172,88,84,2,31,1,1,0
66,66,0,1,0,1,0,1
814,110,704,2,30,1,1,0
188,96,92,2,30,1,1,0
70,70,0,1,0,1,0,2
184,94,90,2,31,1,1,0
146,146,0,1,0,1,0,1
774,101,673,2,31,1,1,0
19175423,168230,19007193,15129,313,2298,12831,0
146,146,0,1,0,1,0,1
267,94,173,2,31,1,1,0
254,128,126,5,16,3,2,0
168,86,82,2,30,1,1,0
62,62,0,1,0,1,0,1
62,62,0,1,0,1,0,1
5612,733,4879,16,14,9,7,0
60,60,0,1,0,1,0,1
62,62,0,1,0,1,0,1
177,94,83,2,30,1,1,0
2880,815,2065,12,25,7,5,0
177,94,83,2,29,1,1,0
1948,912,1036,13,56,7,6,0
5567,1589,3978,20,80,11,9,0
70,70,0,1,0,1,0,2
2288,1131,1157,25,119,12,13,0
60,60,0,1,0,1,0,1
770,102,668,2,30,1,1,0
481,150,331,2,1200,1,1,0
70,70,0,1,0,1,0,2
269,110,159,2,30,1,1,0
4296,2076,2220,31,128,15,16,0
66,66,0,1,0,1,0,1
70,70,0,1,5,1,0,0
5514,3156,2358,21,66,15,6,0
186,95,91,2,30,1,1,0
174,89,85,2,30,1,1,0
66,66,0,1,0,1,0,1
66,66,0,1,0,1,0,2
194,87,107,2,30,1,1,0
8468,2867,5601,23,144,10,13,0
145,145,0,1,0,1,0,1
62,62,0,1,0,1,0,1
211,102,109,2,30,1,1,0
199,94,105,2,30,1,1,0
180,94,86,2,30,1,1,0
5017,1969,3048,14,136,7,7,0
214,110,104,2,29,1,1,0
5166,700,4466,16,15,7,9,0
7769,2586,5183,18,121,9,9,0
199,102,97,2,29,1,1,0
1352,364,988,13,15,6,7,0
466,392,74,4,0,3,1,0
143,143,0,1,0,1,0,1
70,70,0,1,0,1,0,2
2093,825,1268,12,45,7,5,0
199,102,97,2,30,1,1,0
70,70,0,1,0,1,0,2
1684,126,1558,4,31,2,2,0
177,94,83,2,30,1,1,0
4317,1134,3183,16,26,9,7,0
1820,1303,517,13,26,7,6,0
62,62,0,1,0,1,0,1
814,110,704,2,30,1,1,0
193,102,91,2,29,1,1,0
70,70,0,1,0,1,0,2
62,62,0,1,0,1,0,1
236,94,142,2,30,1,1,0
146,146,0,1,0,1,0,1
62,62,0,1,0,1,0,1
184,102,82,2,29,1,1,0
740,93,647,2,30,1,1,0
193,102,91,2,30,1,1,0
13136,3596,9540,40,26,21,19,0
66,66,0,1,0,1,0,1
66,66,0,1,0,1,0,2
194,102,92,2,30,1,1,0
12542,2527,10015,31,48,18,13,0
178,94,84,2,29,1,1,0
70,70,0,1,5,1,0,0
226,102,124,2,30,1,1,0
66,66,0,1,0,1,0,1
141059,7791,133268,168,140,72,96,0
70,70,0,1,0,1,0,2
66,66,0,1,0,1,0,1
70,70,0,2,7,2,0,0
66,66,0,1,0,1,0,2
277,110,167,2,30,1,1,0
66,66,0,1,0,1,0,2
62,62,0,1,0,1,0,1
441,90,351,4,48,2,2,0
404,259,145,3,32,2,1,0
184,94,90,2,30,1,1,0
66,66,0,1,0,1,0,2
66,66,0,1,0,1,0,2
66,66,0,1,5,1,0,0
70,70,0,1,0,1,0,2
70,70,0,1,5,1,0,0
4680,2873,1807,26,53,15,11,0
66,66,0,1,0,1,0,1
62,62,0,1,0,1,0,1
66,66,0,1,0,1,0,1
70,70,0,2,8,2,0,0
177,94,83,2,30,1,1,0
70,70,0,1,0,1,0,2
145,145,0,1,0,1,0,1
186,95,91,2,31,1,1,0
146,146,0,1,0,1,0,1
257,106,151,2,30,1,1,0
70,70,0,1,0,1,0,2
146,146,0,1,0,1,0,1
199,102,97,2,30,1,1,0
66,66,0,1,0,1,0,1
70,70,0,1,0,1,0,2
361,86,275,2,30,1,1,0
70,70,0,2,8,2,0,0
74,74,0,1,0,1,0,1
166,166,0,1,1200,1,0,0
3396,1964,1432,16,361,8,8,0
78,78,0,2,8,2,0,0
1494,898,596,12,142,6,6,0
325,126,199,2,30,1,1,0
350,210,140,6,30,4,2,0
214,110,104,2,30,1,1,0
66,66,0,1,0,1,0,2
1582,1003,579,12,360,6,6,0
70,70,0,1,0,1,0,2
145440,11034,134406,292,158,135,157,0
10165,2433,7732,19,49,10,9,0
70,70,0,1,0,1,0,2
499,425,74,4,0,3,1,0
62,62,0,1,0,1,0,1
6517,1003,5514,22,360,11,11,0
1052,612,440,10,15,5,5,0
66,66,0,1,0,1,0,1
60,60,0,1,0,1,0,1
13623,2693,10930,22,123,10,12,0
66,66,0,1,0,1,0,2
211,110,101,2,30,1,1,0
214,140,74,4,15,3,1,0
66,66,0,1,0,1,0,1
1346,918,428,10,23,6,4,0
66,66,0,1,0,1,0,1
3154,2012,1142,16,18,10,6,0
200,90,110,2,30,1,1,0
5661,1526,4135,22,85,12,10,0
847,152,695,4,1201,2,2,0
62,62,0,1,0,1,0,1
146,146,0,1,0,1,0,1
5360,4048,1312,22,265,11,11,0
66,66,0,1,0,1,0,1
66,66,0,1,0,1,0,2
62,62,0,1,0,1,0,1
70,70,0,1,0,1,0,2
66,66,0,1,0,1,0,2
70,70,0,1,5,1,0,0
753,96,657,2,31,1,1,0
66,66,0,1,0,1,0,2
1061,574,487,13,256,7,6,0
5943,850,5093,16,50,7,9,0
69973,4662,65311,108,135,43,65,0
66,66,0,1,0,1,0,2
146,60,86,2,9,1,1,0
197,102,95,2,30,1,1,0
60,60,0,1,0,1,0,1
56411,2447,53964,58,130,19,39,0
193,102,91,2,30,1,1,0
70,70,0,1,0,1,0,2
62,62,0,1,0,1,0,3
177,94,83,2,30,1,1,0
11574,901,10673,20,46,11,9,0
807,94,713,2,31,1,1,0
60,60,0,1,0,1,0,1
15017,6951,8066,49,20,25,24,0
130,70,60,2,15,1,1,0
177,94,83,2,30,1,1,0
70,70,0,2,8,2,0,0
166,86,80,2,29,1,1,0
70,70,0,1,0,1,0,2
66,66,0,1,0,1,0,1
183,94,89,2,30,1,1,0
184,94,90,2,31,1,1,0
146,146,0,1,0,1,0,1
5626,2487,3139,23,29,14,9,0
854,150,704,4,1200,2,2,0
178,94,84,2,29,1,1,0
27459,19126,8333,67,402,30,37,0
8555,1821,6734,24,123,13,11,0
1352,848,504,13,169,8,5,0
6738,909,5829,14,20,7,7,0
66,66,0,1,0,1,0,1
62,62,0,1,0,1,0,1
70,70,0,1,5,1,0,0
312,89,223,4,36,2,2,0
3573,2238,1335,16,34,8,8,0
98,98,0,1,0,1,0,1
70,70,0,1,0,1,0,2
10759,3158,7601,29,75,16,13,0
70,70,0,1,0,1,0,2
7698,2373,5325,21,159,12,9,0
274,110,164,2,30,1,1,0
78,78,0,1,5,1,0,0
9225,2759,6466,27,100,16,11,0
209,110,99,2,30,1,1,0
194,102,92,2,30,1,1,0
3734,1750,1984,24,203,12,12,0
3083,1817,1266,18,15,8,10,0
70,70,0,1,0,1,0,2
183,94,89,2,30,1,1,0
62,62,0,1,0,1,0,1
409,107,302,4,31,2,2,0
70,70,0,1,5,1,0,0
70,70,0,1,0,1,0,2
177,94,83,2,29,1,1,0
184,94,90,2,30,1,1,0
70,70,0,1,0,1,0,2
145,145,0,1,0,1,0,1
8673,1722,6951,30,125,18,12,0
62,62,0,1,0,1,0,1
62,62,0,1,0,1,0,1
428935914,213443641,215492273,635946,2242,308738,327208,0
1556,588,968,11,16,6,5,0
198,101,97,2,31,1,1,0
62,62,0,1,0,1,0,1
70,70,0,1,0,1,0,2
380,105,275,4,35,2,2,0
66,66,0,1,0,1,0,1
78,78,0,1,0,1,0,1
66,66,0,1,0,1,0,2
60,60,0,1,0,1,0,1
1614,1300,314,10,15,5,5,0
203,82,121,2,30,1,1,0
146,146,0,1,0,1,0,1
6006,763,5243,17,52,8,9,0
1320,685,635,14,181,7,7,0
70,70,0,1,0,1,0,2
378,192,186,7,38,4,3,0
66,66,0,1,0,1,0,2
62,62,0,1,0,1,0,1
70,70,0,1,0,1,0,2
145,145,0,1,0,1,0,1
164,86,78,2,31,1,1,0
62,62,0,1,0,1,0,1
70,70,0,1,0,1,0,2
898,126,772,2,30,1,1,0
66,66,0,1,0,1,0,1
70,70,0,1,0,1,0,2
5515,1388,4127,18,15,9,9,0
66,66,0,1,0,1,0,1
66,66,0,1,0,1,0,1
62,62,0,1,0,1,0,1
775,103,672,2,31,1,1,0
62,62,0,1,0,1,0,1
8020,2000,6020,20,16,11,9,0
234,234,0,4,11,4,0,0
70,70,0,1,0,1,0,2
12081,2070,10011,33,620,12,21,0
70,70,0,1,0,1,0,2
193,102,91,2,31,1,1,0
62,62,0,1,0,1,0,1
10596,3874,6722,30,62,17,13,0
216,102,114,2,29,1,1,0
491,150,341,2,1200,1,1,0
751,95,656,2,30,1,1,0
66,66,0,1,0,1,0,1
70,70,0,1,5,1,0,0
888,126,762,2,31,1,1,0
66,66,0,1,0,1,0,2
12876,2739,10137,44,118,21,23,0
744,89,655,2,31,1,1,0
1097,1097,0,1,0,1,0,1
66,66,0,1,0,1,0,1
66,66,0,1,0,1,0,2
66,66,0,1,0,1,0,2
78,78,0,1,0,1,0,1
15867,8841,7026,29,26,16,13,0
66,66,0,1,0,1,0,2
70,70,0,1,0,1,0,2
145,145,0,1,0,1,0,1
66,66,0,1,0,1,0,2
260,106,154,2,32,1,1,0
62,62,0,1,0,1,0,1
177,94,83,2,30,1,1,0
70,70,0,1,0,1,0,2
66,66,0,1,0,1,0,2
8493,2314,6179,33,15,18,15,0
62,62,0,1,0,1,0,1
167,78,89,2,30,1,1,0
70,70,0,1,0,1,0,2
899,126,773,2,30,1,1,0
34750,2997,31753,61,95,29,32,0
62,62,0,1,0,1,0,1
70,70,0,1,0,1,0,2
139,139,0,1,0,1,0,1
148,148,0,1,0,1,0,1
5564,2206,3358,50,310,20,30,0
172,88,84,2,31,1,1,0
756,94,662,2,30,1,1,0
70,70,0,1,0,1,0,2
66,66,0,1,0,1,0,1
66,66,0,1,0,1,0,1
66,66,0,1,0,1,0,2
70,70,0,1,0,1,0,2
70,70,0,1,0,1,0,2
216,94,122,2,30,1,1,0
66,66,0,1,0,1,0,1
66,66,0,1,0,1,0,2
176,90,86,2,30,1,1,0
678,280,398,11,26,5,6,0
1852,1103,749,16,31,9,7,0
66,66,0,1,0,1,0,2
184,94,90,2,30,1,1,0
70,70,0,1,0,1,0,2
6253,2132,4121,19,16,10,9,0
36008,2548,33460,55,69,26,29,0
166,86,80,2,30,1,1,0
25430,15577,9853,37,41,19,18,0
66,66,0,1,0,1,0,2
1537,934,603,14,33,7,7,0
62,62,0,1,0,1,0,1
190,70,120,4,15,2,2,0
66,66,0,1,0,1,0,1
66,66,0,1,91,1,0,0
168,78,90,2,30,1,1,0
156,62,94,2,10,1,1,0
762,101,661,2,31,1,1,0
66,66,0,1,0,1,0,1
10848,4083,6765,37,16,21,16,0
146,146,0,1,0,1,0,1
168,86,82,2,30,1,1,0
177,94,83,2,30,1,1,0
70,70,0,1,5,1,0,0
66,66,0,1,0,1,0,1
3772,2099,1673,22,18,11,11,0
70,70,0,1,0,1,0,2
1030,310,720,11,56,6,5,0
374,240,134,3,32,2,1,0
74,74,0,1,0,1,0,1
45108,2309,42799,60,134,28,32,0
199,102,97,2,30,1,1,0
70,70,0,2,8,2,0,0
62,62,0,1,0,1,0,1
70,70,0,1,5,1,0,0
62,62,0,1,0,1,0,1
110,110,0,1,31,1,0,0
62,62,0,1,0,1,0,1
180,94,86,2,29,1,1,0
1618,126,1492,4,30,2,2,0
177,94,83,2,30,1,1,0
70,70,0,2,8,2,0,0
159,159,0,1,0,1,0,1
62,62,0,1,0,1,0,1
492,306,186,8,15,5,3,0
106,106,0,1,61,1,0,0
62,62,0,1,0,1,0,1
62,62,0,1,0,1,0,1
70,70,0,1,0,1,0,2
70,70,0,2,8,2,0,0
991,525,466,10,136,6,4,0
150,150,0,1,5,1,0,0
5307,2694,2613,17,25,9,8,0
183,94,89,2,30,1,1,0
177,94,83,2,30,1,1,0
190,97,93,2,30,1,1,0
66,66,0,1,0,1,0,2
177,94,83,2,30,1,1,0
74,74,0,1,0,1,0,1
1864,250,1614,8,120,4,4,0
70,70,0,1,4,1,0,0
418,94,324,2,30,1,1,0
66,66,0,1,0,1,0,2
3614,434,3180,11,15,6,5,0
180,94,86,2,30,1,1,0
168,86,82,2,31,1,1,0
70,70,0,1,0,1,0,2
190,97,93,2,30,1,1,0
70,70,0,1,0,1,0,2
62,62,0,1,0,1,0,1
1718,1247,471,9,15,5,4,0
34885,6636,28249,74,51,38,36,0
62,62,0,1,0,1,0,1
216,102,114,2,30,1,1,0
481,150,331,2,1200,1,1,0
66,66,0,1,0,1,0,1
1786,172,1614,7,120,3,4,0
4049,1992,2057,23,96,13,10,0
17169,6566,10603,52,37,24,28,0
4497,2208,2289,15,137,7,8,0
5014,1722,3292,17,18,10,7,0
70,70,0,1,0,1,0,2
5026,973,4053,19,59,10,9,0
1786,172,1614,7,122,3,4,0
66,66,0,1,0,1,0,2
353,118,235,2,30,1,1,0
322265,12756,309509,409,270,173,236,0
223,86,137,2,30,1,1,0
353,94,259,2,31,1,1,0
148,148,0,1,0,1,0,1
66,66,0,1,0,1,0,2
168,78,90,2,29,1,1,0
1113,534,579,12,15,7,5,0
70,70,0,1,0,1,0,2
70,70,0,1,0,1,0,2
167,86,81,2,30,1,1,0
21361086,218978,21142108,16512,170,2203,14309,0
7069,2512,4557,25,46,14,11,0
66,66,0,1,0,1,0,1
66,66,0,1,0,1,0,2
9526,1375,8151,24,125,12,12,0
83411,4586,78825,94,47,30,64,0
70,70,0,1,5,1,0,0
159,159,0,1,0,1,0,1
514,246,268,9,42,5,4,0
193,102,91,2,30,1,1,0
62,62,0,1,0,1,0,1
234,234,0,4,12,4,0,0
70,70,0,1,5,1,0,0
177,94,83,2,30,1,1,0
731,85,646,2,30,1,1,0
755,94,661,2,31,1,1,0
256,93,163,2,31,1,1,0
775,103,672,2,31,1,1,0
202,103,99,2,31,1,1,0
70,70,0,1,0,1,0,2
7608,1340,6268,27,53,13,14,0
146,146,0,1,0,1,0,1
68467,4750,63717,100,276,48,52,0
184,102,82,2,29,1,1,0
60,60,0,1,0,1,0,1
70,70,0,1,4,1,0,0
70,70,0,1,0,1,0,2
82,82,0,1,30,1,0,0
9948,2463,7485,41,27,22,19,0
258,110,148,2,30,1,1,0
70,70,0,1,0,1,0,2
771,102,669,2,30,1,1,0
70,70,0,1,0,1,0,2
62,62,0,1,0,1,0,1
164,78,86,2,30,1,1,0
62,62,0,1,0,1,0,1
70,70,0,1,0,1,0,2
392,86,306,2,30,1,1,0
22098,1602,20496,24,57,6,18,0
41305,2456,38849,63,30,29,34,0
132,132,0,3,1200,3,0,0
228,102,126,2,29,1,1,0
66,66,0,1,0,1,0,1
168,78,90,2,30,1,1,0
189,102,87,2,30,1,1,0
323,150,173,2,1203,1,1,0
186,95,91,2,30,1,1,0
177,94,83,2,30,1,1,0
70,70,0,1,0,1,0,2
62,62,0,1,0,1,0,1
179,94,85,2,30,1,1,0
9380,3315,6065,26,93,14,12,0
1672,1149,523,13,37,8,5,0
70,70,0,1,0,1,0,2
70,70,0,1,0,1,0,2
1130,624,506,11,15,5,6,0
11414,6355,5059,30,40,15,15,0
179,94,85,2,30,1,1,0
212,102,110,2,30,1,1,0
2118,900,1218,14,4232,7,7,0
412,122,290,4,45,2,2,0
5782,1008,4774,17,15,8,9,0
241,118,123,2,30,1,1,0
70,70,0,1,0,1,0,2
11020,3760,7260,56,92,25,31,0
216,110,106,2,30,1,1,0
178,94,84,2,29,1,1,0
62,62,0,1,0,1,0,1
66,66,0,1,0,1,0,1
413,170,243,6,30,3,3,0
3937,1191,2746,20,163,9,11,0
66,66,0,1,0,1,0,1
70,70,0,1,0,1,0,2
70,70,0,2,7,2,0,0
62,62,0,1,0,1,0,1
70,70,0,1,0,1,0,2
70,70,0,2,8,2,0,0
70,70,0,1,0,1,0,2
66,66,0,1,0,1,0,1
66,66,0,1,0,1,0,1
1346,662,684,8,32,4,4,0
178,94,84,2,30,1,1,0
66,66,0,1,0,1,0,1
66,66,0,1,0,1,0,2
60,60,0,1,0,1,0,1
78,78,0,1,0,1,0,1
60,60,0,1,0,1,0,1
540,540,0,10,186,10,0,0
66,66,0,1,0,1,0,2
66,66,0,1,0,1,0,1
74,74,0,1,0,1,0,1
66,66,0,1,0,1,0,2
1782,1782,0,28,1559,28,0,0
66,66,0,1,0,1,0,1
217,87,130,2,30,1,1,0
41094,14929,26165,126,116,69,57,0
193,102,91,2,30,1,1,0
4596,1029,3567,15,26,9,6,0
66,66,0,1,0,1,0,1
14702,1976,12726,28,18,10,18,0
9052,2120,6932,28,23,14,14,0
98,98,0,1,0,1,0,1
70,70,0,1,0,1,0,2
70,70,0,1,0,1,0,2
70,70,0,1,0,1,0,2
62,62,0,1,0,1,0,1
733,86,647,2,30,1,1,0
66,66,0,1,5,1,0,0
70,70,0,1,0,1,0,2
70,70,0,1,0,1,0,2
66,66,0,1,0,1,0,2
240,96,144,2,30,1,1,0
66,66,0,1,0,1,0,2
224,86,138,2,30,1,1,0
177,94,83,2,29,1,1,0
70,70,0,1,0,1,0,2
70,70,0,1,0,1,0,2
66,66,0,1,0,1,0,2
811,94,717,2,29,1,1,0
60,60,0,1,0,1,0,1
215,102,113,2,30,1,1,0
166,86,80,2,30,1,1,0
66,66,0,1,0,1,0,1
66,66,0,1,0,1,0,1
199,102,97,2,30,1,1,0
211,94,117,2,30,1,1,0
70,70,0,1,0,1,0,2
9297,2727,6570,27,80,15,12,0
5022,973,4049,17,60,9,8,0
7148,1924,5224,35,364,19,16,0
146,146,0,1,0,1,0,1
60,60,0,1,0,1,0,1
177,94,83,2,29,1,1,0
7972,840,7132,16,50,6,10,0
199,102,97,2,31,1,1,0
70,70,0,1,5,1,0,0
3045,1340,1705,16,141,8,8,0
60,60,0,1,0,1,0,1
13719,5017,8702,40,283,20,20,0
19849,6817,13032,45,37,23,22,0
4981,943,4038,20,360,10,10,0
184,94,90,2,29,1,1,0
200,94,106,2,30,1,1,0
145,145,0,1,0,1,0,1
1151,711,440,10,15,5,5,0
194,102,92,2,31,1,1,0
24370,5713,18657,37,26,17,20,0
70,70,0,1,5,1,0,0
60,60,0,1,0,1,0,1
62,62,0,1,0,1,0,1
70,70,0,1,0,1,0,2
7292,950,6342,19,75,9,10,0
3149,1969,1180,19,150,11,8,0
16713,1698,15015,31,32,17,14,0
214,110,104,2,30,1,1,0
324,150,174,2,1200,1,1,0
66,66,0,1,0,1,0,1
62,62,0,1,0,1,0,1
60,60,0,1,0,1,0,1
70,70,0,1,0,1,0,2
184,94,90,2,30,1,1,0
325,86,239,2,30,1,1,0
70,70,0,1,5,1,0,0
199,94,105,2,30,1,1,0
148,86,62,2,30,1,1,0
216,110,106,2,30,1,1,0
70,70,0,1,0,1,0,2
352,218,134,6,28,4,2,0
332,332,0,1,0,1,0,1
220,100,120,2,31,1,1,0
66,66,0,1,0,1,0,2
6454,1447,5007,22,17,11,11,0
66,66,0,1,0,1,0,1
197,90,107,2,30,1,1,0
188,96,92,2,31,1,1,0
228,102,126,2,30,1,1,0
2335,1247,1088,15,28,8,7,0
66,66,0,1,0,1,0,2
178,94,84,2,30,1,1,0
3247,1730,1517,12,36,7,5,0
5491,2608,2883,17,122,8,9,0
145,145,0,1,0,1,0,1
177,94,83,2,30,1,1,0
5678,1692,3986,13,17,8,5,0
78,78,0,1,0,1,0,1
193,102,91,2,30,1,1,0
1453540,37280,1416260,1552,96,507,1045,0
66,66,0,1,0,1,0,1
32852,17447,15405,61,64,32,29,0
72376,2899,69477,79,16,29,50,0
890,126,764,2,30,1,1,0
60,60,0,1,0,1,0,1
7573,1528,6045,22,33,11,11,0
70,70,0,1,0,1,0,2
66,66,0,1,0,1,0,1
10458,5272,5186,24,76,13,11,0
250,86,164,4,33,2,2,0
70,70,0,1,0,1,0,2
320,97,223,4,50,2,2,0
70,70,0,1,0,1,0,2
66,66,0,1,0,1,0,1
159,159,0,1,0,1,0,1
7471,2800,4671,21,76,13,8,0
6662,522,6140,15,16,5,10,0
7418,2721,4697,23,17,12,11,0
347,103,244,4,46,2,2,0
229,110,119,2,30,1,1,0
66,66,0,1,0,1,0,2
70,70,0,2,8,2,0,0
304,86,218,2,30,1,1,0
66,66,0,1,0,1,0,2
66,66,0,1,0,1,0,1
7765,2215,5550,20,20,12,8,0
482030,16677,465353,539,28,207,332,0
70,70,0,1,0,1,0,2
146,146,0,1,0,1,0,1
366,240,126,7,25,5,2,0
199,102,97,2,29,1,1,0
473,105,368,4,30,2,2,0
66,66,0,1,0,1,0,2
5997,1327,4670,18,157,10,8,0
900,519,381,7,141,4,3,0
70,70,0,1,0,1,0,2
66,66,0,1,0,1,0,1
6294,1494,4800,22,17,11,11,0
66,66,0,1,0,1,0,2
60,60,0,1,0,1,0,1
70,70,0,1,0,1,0,2
14908,4027,10881,28,136,11,17,0
70,70,0,1,0,1,0,2
62,62,0,1,0,1,0,1
1502,817,685,10,20,6,4,0
195,94,101,2,30,1,1,0
66,66,0,1,0,1,0,2
60,60,0,1,0,1,0,1
159,159,0,1,0,1,0,1
54441,4387,50054,75,140,37,38,0
66,66,0,1,0,1,0,2
70,70,0,1,0,1,0,2
66,66,0,1,0,1,0,2
70,70,0,1,0,1,0,2
66,66,0,1,0,1,0,2
268230,8528,259702,292,231,106,186,0
70,70,0,1,0,1,0,2
62,62,0,1,0,1,0,1
66,66,0,1,0,1,0,1
199,102,97,2,30,1,1,0
3162,1159,2003,14,16,8,6,0
66,66,0,1,0,1,0,2
62,62,0,1,0,1,0,1
62,62,0,1,0,1,0,1
146,146,0,1,0,1,0,1
66,66,0,1,0,1,0,2
15453,911,14542,25,16,11,14,0
184,94,90,2,29,1,1,0
3278,1962,1316,20,20,9,11,0
62,62,0,1,0,1,0,1
66,66,0,1,0,1,0,1
70,70,0,2,8,2,0,0
320,140,180,6,6,3,3,0
66,66,0,1,0,1,0,1
70,70,0,1,5,1,0,0
79,79,0,2,35,2,0,0
60,60,0,1,0,1,0,1
5146,960,4186,17,25,9,8,0
152,152,0,1,1200,1,0,0
145,145,0,1,0,1,0,1
246,94,152,2,30,1,1,0
62,62,0,1,0,1,0,1
120290,2988,117302,123,132,32,91,0
273,73,200,4,29,2,2,0
66,66,0,1,0,1,0,1
62,62,0,1,0,1,0,1
740,93,647,2,31,1,1,0
62,62,0,1,0,1,0,1
70,70,0,1,0,1,0,2
70,70,0,1,0,1,0,2
10194,2176,8018,25,186,14,11,0
70,70,0,1,0,1,0,2
276,70,206,5,26,2,3,0
245,98,147,2,30,1,1,0
70,70,0,1,0,1,0,2
38888447,473172,38415275,31568,128,5708,25860,0
60,60,0,1,0,1,0,1
271,88,183,4,59,2,2,0
3424,1710,1714,16,33,8,8,0
70,70,0,1,0,1,0,2
70,70,0,1,0,1,0,2
178,94,84,2,30,1,1,0
62,62,0,1,0,1,0,1
62,62,0,1,0,1,0,1
62,62,0,1,0,1,0,1
512,166,346,2,30,1,1,0
7211,823,6388,16,15,10,6,0
499,425,74,4,0,3,1,0
62,62,0,1,0,1,0,1
146,146,0,1,0,1,0,1
2791,1800,991,26,185,15,11,0
10401,3375,7026,33,22,17,16,0
177,94,83,2,30,1,1,0
62,62,0,1,0,1,0,1
4427,2362,2065,11,119,6,5,0
70,70,0,1,0,1,0,2
296,78,218,4,19,1,3,0
70,70,0,1,0,1,0,2
66,66,0,1,0,1,0,1
70,70,0,1,0,1,0,2
62,62,0,1,0,1,0,1
62,62,0,1,0,1,0,1
140,78,62,2,30,1,1,0
634,388,246,10,18,6,4,0
1377,881,496,12,48,7,5,0
889,404,485,10,30,5,5,0
70,70,0,1,0,1,0,2
267,93,174,4,46,2,2,0
209,110,99,2,30,1,1,0
3467,2269,1198,21,82,11,10,0
217,86,131,2,30,1,1,0
222,102,120,2,30,1,1,0
29021,6752,22269,48,30,29,19,0
306,180,126,6,25,4,2,0
873,126,747,2,30,1,1,0
320,140,180,6,15,3,3,0
70,70,0,1,0,1,0,2
188544,9826,178718,241,32,113,128,0
70,70,0,1,0,1,0,2
12572,8562,4010,48,442,26,22,0
66,66,0,1,0,1,0,1
66,66,0,1,0,1,0,2
66,66,0,1,0,1,0,2
66,66,0,1,0,1,0,1
11748,7422,4326,59,113,31,28,0
7061,1730,5331,21,3600,11,10,0
66,66,0,1,0,1,0,2
258,110,148,2,30,1,1,0
70,70,0,1,0,1,0,2
2411,1328,1083,19,1200,11,8,0
199,102,97,2,30,1,1,0
190,70,120,4,15,2,2,0
161,161,0,1,1201,1,0,0
70,70,0,1,0,1,0,2
66,66,0,2,8,2,0,0
70,70,0,1,0,1,0,2
66,66,0,1,0,1,0,2
36920,24591,12329,80,24,47,33,0
821,102,719,2,30,1,1,0
78,78,0,1,4,1,0,0
7071,1908,5163,29,944,14,15,0
60,60,0,1,0,1,0,1
62,62,0,1,0,1,0,1
611644,29314,582330,793,132,333,460,0
5661,2414,3247,22,37,13,9,0
70,70,0,1,0,1,0,2
198,90,108,2,30,1,1,0
270,94,176,2,30,1,1,0
186,95,91,2,31,1,1,0
3298,2132,1166,16,15,8,8,0
618072,8505,609567,523,87,90,433,0
3299,665,2634,18,16,10,8,0
199,102,97,2,29,1,1,0
62,62,0,1,0,1,0,1
70,70,0,1,0,1,0,2
70,70,0,1,0,1,0,2
3527,1638,1889,18,18,11,7,0
66,66,0,1,0,1,0,2
62,62,0,1,0,1,0,1
66,66,0,1,5,1,0,0
145,145,0,1,0,1,0,1
146,146,0,1,0,1,0,1
258,110,148,2,30,1,1,0
134,64,70,2,0,1,1,0
3226,2225,1001,18,47,11,7,0
60,60,0,1,0,1,0,1
66,66,0,1,0,1,0,1
4221,666,3555,13,15,7,6,0
969,86,883,2,30,1,1,0
70,70,0,1,0,1,0,2
594,196,398,6,82,3,3,0
1248874,30382,1218492,1261,111,425,836,0
70,70,0,1,0,1,0,2
3171,1490,1681,22,21,12,10,0
62,62,0,1,0,1,0,1
7976,3333,4643,23,25,12,11,0
318,192,126,6,41,4,2,0
70,70,0,1,0,1,0,2
17524,2569,14955,38,124,17,21,0
70,70,0,1,0,1,0,2
18168,2973,15195,46,88,21,25,0
148,86,62,2,30,1,1,0
74,74,0,1,0,1,0,1
1373,712,661,14,18,8,6,0
1701,1048,653,15,38,8,7,0
4158,2117,2041,11,120,6,5,0
390,105,285,4,42,2,2,0
70,70,0,1,0,1,0,2
66,66,0,1,0,1,0,2
31648,6288,25360,62,247,25,37,0
193,102,91,2,30,1,1,0
66,66,0,1,0,1,0,1
60,60,0,1,0,1,0,1
70,70,0,1,0,1,0,2
148,148,0,1,0,1,0,1
70,70,0,1,0,1,0,2
70,70,0,1,0,1,0,2
66,66,0,1,0,1,0,1
194,99,95,2,30,1,1,0
183,94,89,2,30,1,1,0
70,70,0,1,0,1,0,2
229,102,127,2,30,1,1,0
62,62,0,1,0,1,0,1
816,102,714,2,29,1,1,0
66,66,0,1,0,1,0,1
1579,988,591,13,45,7,6,0
550484,8433,542051,541,246,99,442,0
378,180,198,7,53,4,3,0
66,66,0,1,0,1,0,1
66,66,0,1,0,1,0,1
66,66,0,1,0,1,0,1
2484,330,2154,12,135,5,7,0
157,157,0,1,0,1,0,1
66,66,0,1,0,1,0,1
196,102,94,2,30,1,1,0
183,94,89,2,30,1,1,0
62,62,0,1,0,1,0,1
8127,1796,6331,21,79,12,9,0
66,66,0,1,30,1,0,0
66,66,0,1,0,1,0,2
9051,3480,5571,31,23,17,14,0
70,70,0,1,0,1,0,2
15769,1619,14150,17,137,4,13,0
330,330,0,6,3610,6,0,0
177,94,83,2,30,1,1,0
70,70,0,1,0,1,0,2
62,62,0,1,0,1,0,1
184,94,90,2,29,1,1,0
199,102,97,2,30,1,1,0
11095,3227,7868,30,47,17,13,0
418,88,330,4,41,2,2,0
66,66,0,1,0,1,0,2
270,78,192,2,30,1,1,0
2654,796,1858,12,18,7,5,0
60,60,0,1,0,1,0,1
516,86,430,4,32,2,2,0
212,110,102,2,30,1,1,0
66,66,0,1,0,1,0,1
148,148,0,1,0,1,0,1
94,94,0,1,30,1,0,0
66,66,0,1,0,1,0,1
514,274,240,8,143,4,4,0
62,62,0,1,0,1,0,1
186,95,91,2,31,1,1,0
62,62,0,1,0,1,0,1
62,62,0,1,0,1,0,1
355761,14847,340914,423,33,183,240,0
199,102,97,2,30,1,1,0
66,66,0,1,0,1,0,1
70,70,0,1,0,1,0,2
70,70,0,1,0,1,0,2
66,66,0,1,0,1,0,1
209,110,99,2,30,1,1,0
70,70,0,1,0,1,0,2
66,66,0,1,0,1,0,2
2762,2628,134,8,17,6,2,0
1530,817,713,17,68,9,8,0
66,66,0,1,0,1,0,1
199,102,97,2,29,1,1,0
374,240,134,7,15,5,2,0
186,95,91,2,31,1,1,0
223,86,137,2,30,1,1,0
70,70,0,1,0,1,0,2
17105,750,16355,21,15,7,14,0
82,82,0,1,0,1,0,1
66,66,0,1,0,1,0,2
70,70,0,1,0,1,0,2
2954,720,2234,13,143,6,7,0
177,94,83,2,30,1,1,0
184,94,90,2,30,1,1,0
307,110,197,2,30,1,1,0
66,66,0,1,0,1,0,1
6816,1197,5619,24,269,12,12,0
168,86,82,2,29,1,1,0
145,145,0,1,0,1,0,1
817,102,715,2,30,1,1,0
70,70,0,1,0,1,0,2
177,94,83,2,29,1,1,0
299,90,209,4,49,2,2,0
66,66,0,1,0,1,0,1
193,102,91,2,30,1,1,0
197,102,95,2,30,1,1,0
408090,25873,382217,748,137,354,394,0
70,70,0,1,0,1,0,2
66,66,0,1,0,1,0,2
94,94,0,1,29,1,0,0
3306,1714,1592,17,16,9,8,0
62,62,0,1,0,1,0,1
194,102,92,2,30,1,1,0
66,66,0,1,0,1,0,1
262,86,176,4,46,2,2,0
1537,934,603,14,32,7,7,0
17660,7465,10195,44,201,23,21,0
62,62,0,1,0,1,0,1
66,66,0,1,0,1,0,2
70,70,0,1,0,1,0,2
196,102,94,2,30,1,1,0
6645,1668,4977,21,31,12,9,0
66,66,0,1,0,1,0,1
66,66,0,1,0,1,0,1
198,101,97,2,31,1,1,0
66,66,0,1,0,1,0,2
289,86,203,2,30,1,1,0
350,210,140,6,15,4,2,0
62,62,0,1,0,1,0,1
8243,4867,3376,33,137,16,17,0
66,66,0,1,0,1,0,1
70,70,0,1,5,1,0,0
130,70,60,3,5,2,1,0
258,110,148,2,30,1,1,0
146,146,0,1,0,1,0,1
4493,1586,2907,19,26,11,8,0
7862,1873,5989,20,15,11,9,0
342665,10261,332404,369,90,117,252,0
70,70,0,1,5,1,0,0
62,62,0,1,0,1,0,1
60,60,0,1,0,1,0,1
70,70,0,1,0,1,0,2
62,62,0,1,0,1,0,1
146,146,0,1,0,1,0,3
253,102,151,2,30,1,1,0
184,94,90,2,31,1,1,0
183,94,89,2,29,1,1,0
209,110,99,2,30,1,1,0
60,60,0,1,0,1,0,1
6128,1344,4784,19,87,12,7,0
70,70,0,1,0,1,0,2
211,102,109,2,30,1,1,0
66,66,0,1,0,1,0,2
216,110,106,2,29,1,1,0
66,66,0,1,0,1,0,2
6100,777,5323,17,26,9,8,0
66,66,0,1,0,1,0,2
210,110,100,2,30,1,1,0
266282,13744,252538,313,374,128,185,0
70,70,0,2,8,2,0,0
62,62,0,1,0,1,0,1
5212,1037,4175,20,115,10,10,0
146,146,0,1,0,1,0,1
86,86,0,1,30,1,0,0
5378,984,4394,18,17,10,8,0
100,100,0,1,0,1,0,0
216,110,106,2,30,1,1,0
145,145,0,1,0,1,0,1
70,70,0,1,0,1,0,2
10196,2175,8021,25,186,14,11,0
231,110,121,2,30,1,1,0
199,102,97,2,30,1,1,0
177,94,83,2,30,1,1,0
70,70,0,1,0,1,0,2
62,62,0,1,0,1,0,1
70,70,0,1,0,1,0,2
70,70,0,1,0,1,0,2
132,132,0,3,1200,3,0,0
1411,852,559,13,24,7,6,0
2434,516,1918,12,76,6,6,0
7889,1900,5989,20,15,11,9,0
62,62,0,1,0,1,0,1
146,146,0,1,0,1,0,1
70,70,0,1,0,1,0,2
70,70,0,1,0,1,0,2
62,62,0,1,0,1,0,1
887,126,761,2,30,1,1,0
6059,1040,5019,20,58,11,9,0
70,70,0,1,0,1,0,2
177,94,83,2,30,1,1,0
62,62,0,1,0,1,0,1
11148,3099,8049,26,24,15,11,0
177,94,83,2,30,1,1,0
66,66,0,1,0,1,0,1
70,70,0,1,0,1,0,2
194,99,95,2,30,1,1,0
334,140,194,6,25,3,3,0
70,70,0,1,0,1,0,2
70,70,0,1,0,1,0,2
216,102,114,2,30,1,1,0
70,70,0,1,0,1,0,2
318,192,126,6,27,4,2,0
130,70,60,2,6,1,1,0
3473,1518,1955,17,18,9,8,0
130,70,60,2,5,1,1,0
1056,569,487,10,38,6,4,0
146,146,0,1,0,1,0,1
145,145,0,1,0,1,0,1
146,146,0,1,0,1,0,1
2312,1382,930,19,26,11,8,0
1674,1360,314,11,15,6,5,0
79714,5592,74122,102,23,45,57,0
66,66,0,1,0,1,0,1
62,62,0,1,0,1,0,1
204,118,86,2,30,1,1,0
4348,1441,2907,19,29,11,8,0
146,146,0,1,0,1,0,1
6869,3059,3810,30,123,15,15,0
454,262,192,8,27,5,3,0
168,78,90,2,29,1,1,0
60,60,0,1,0,1,0,1
1558,452,1106,11,15,6,5,0
60,60,0,1,0,1,0,1
193,102,91,2,30,1,1,0
66,66,0,1,0,1,0,2
66,66,0,1,0,1,0,2
70,70,0,1,0,1,0,2
145,145,0,1,0,1,0,1
66,66,0,1,4,1,0,0
17981,13577,4404,41,151,26,15,0
13889,4084,9805,27,16,13,14,0
1786,172,1614,7,121,3,4,0
66,66,0,1,0,1,0,1
3728,1504,2224,13,21,7,6,0
170,87,83,2,30,1,1,0
138,78,60,2,5,1,1,0
70,70,0,1,0,1,0,2
6558,2131,4427,26,262,10,16,0
1634,126,1508,4,31,2,2,0
60,60,0,1,0,1,0,1
184,94,90,2,29,1,1,0
70,70,0,2,9,2,0,0
159,159,0,1,0,1,0,1
499,425,74,4,0,3,1,0
786,110,676,2,30,1,1,0
1130,613,517,11,15,6,5,0
66,66,0,1,0,1,0,1
183,94,89,2,30,1,1,0
823,577,246,9,15,5,4,0
259,86,173,2,30,1,1,0
259,87,172,4,56,2,2,0
248,94,154,2,30,1,1,0
66,66,0,1,0,1,0,1
2594,1280,1314,17,17,9,8,0
767,102,665,2,30,1,1,0
62,62,0,1,0,1,0,1
70,70,0,1,5,1,0,0
7367,1149,6218,18,27,9,9,0
62,62,0,1,0,1,0,1
415,98,317,4,51,2,2,0
146,146,0,1,0,1,0,1
290,86,204,2,29,1,1,0
6419,2962,3457,25,148,12,13,0
492,306,186,8,14,5,3,0
66,66,0,1,0,1,0,2
66,66,0,1,0,1,0,1
1868,1229,639,18,151,11,7,0
66,66,0,1,0,1,0,2
70,70,0,1,0,1,0,2
11550,3336,8214,52,130,25,27,0
7970957,82522,7888435,6370,179,1027,5343,0
70,70,0,1,0,1,0,2
74,74,0,1,0,1,0,1
66,66,0,1,0,1,0,2
66,66,0,1,0,1,0,1
297783,19995,277788,543,158,229,314,0
66,66,0,2,8,2,0,0
1462,703,759,8,16,5,3,0
181,94,87,2,30,1,1,0
127653507,122661116,4992391,161030,2162,82907,78123,0
381,102,279,4,44,2,2,0
70,70,0,1,0,1,0,2
136,136,0,3,13,3,0,0
70,70,0,1,0,1,0,2
70,70,0,1,0,1,0,2
70,70,0,1,0,1,0,2
168,78,90,2,30,1,1,0
70,70,0,2,8,2,0,0
1775,169,1606,7,121,3,4,0
209,98,111,2,30,1,1,0
183,94,89,2,30,1,1,0
62,62,0,1,0,1,0,1
7389,2124,5265,26,316,12,14,0
763,102,661,2,31,1,1,0
177,94,83,2,30,1,1,0
2670,799,1871,13,46,8,5,0
70,70,0,1,0,1,0,2
3467,2186,1281,16,15,9,7,0
183,94,89,2,30,1,1,0
204,118,86,2,31,1,1,0
19700,12992,6708,44,18,23,21,0
62,62,0,1,0,1,0,1
249,94,155,2,30,1,1,0
240,98,142,2,30,1,1,0
66,66,0,1,0,1,0,2
62,62,0,1,0,1,0,1
366,240,126,7,33,5,2,0
74,74,0,1,0,1,0,1
60,60,0,1,0,1,0,1
70,70,0,2,7,2,0,0
177,94,83,2,30,1,1,0
3007,604,2403,11,15,6,5,0
74,74,0,1,0,1,0,1
166,166,0,1,1200,1,0,0
424934,9929,415005,411,95,129,282,0
66,66,0,1,0,1,0,1
314,192,122,6,15,4,2,0
70,70,0,1,0,1,0,2
168,78,90,2,30,1,1,0
70,70,0,1,0,1,0,2
2161,1231,930,17,180,9,8,0
70,70,0,1,0,1,0,2
148,148,0,1,0,1,0,1
17761,7207,10554,44,46,25,19,0
2300864,53111,2247753,2242,18,755,1487,0
271,78,193,2,31,1,1,0
8072,2052,6020,20,16,11,9,0
5858,791,5067,19,22,10,9,0
136,136,0,3,11,3,0,0
66,66,0,1,0,1,0,1
66,66,0,1,0,1,0,2
70,70,0,2,8,2,0,0
7409,1702,5707,23,20,13,10,0
66,66,0,1,0,1,0,2
749,94,655,2,30,1,1,0
66,66,0,1,0,1,0,1
70,70,0,1,0,1,0,2
66,66,0,1,0,1,0,1
66,66,0,1,0,1,0,1
2251,1098,1153,25,120,12,13,0
70,70,0,1,0,1,0,2
70,70,0,1,0,1,0,2
82,82,0,1,31,1,0,0
62,62,0,1,0,1,0,1
216,110,106,2,31,1,1,0
66,66,0,1,0,1,0,2
212,108,104,2,30,1,1,0
66,66,0,2,7,2,0,0
130,70,60,3,5,2,1,0
60,60,0,1,0,1,0,1
323,102,221,2,29,1,1,0
62,62,0,1,0,1,0,1
70,70,0,2,8,2,0,0
70,70,0,1,0,1,0,2
728,102,626,2,29,1,1,0
3059,1869,1190,17,105,13,4,0
66,66,0,1,0,1,0,2
70,70,0,1,0,1,0,2
7407,3501,3906,18,15,10,8,0
196,94,102,2,29,1,1,0
60,60,0,1,0,1,0,1
60,60,0,1,0,1,0,1
747,93,654,2,31,1,1,0
177,94,83,2,30,1,1,0
193,102,91,2,30,1,1,0
70,70,0,1,0,1,0,2
1013,504,509,10,17,6,4,0
3304,1468,1836,18,139,10,8,0
145,145,0,1,0,1,0,1
177,94,83,2,29,1,1,0
237,91,146,2,32,1,1,0
199,102,97,2,30,1,1,0
7563,2253,5310,20,157,11,9,0
70,70,0,1,0,1,0,2
70,70,0,1,0,1,0,2
316,136,180,6,6,3,3,0
12395,2182,10213,21,122,10,11,0
314164,13077,301087,356,25,144,212,0
62,62,0,1,0,1,0,1
104,104,0,1,0,1,0,1
66,66,0,1,0,1,0,2
62,62,0,1,0,1,0,1
502,150,352,2,1200,1,1,0
66,66,0,1,0,1,0,2
70839,5466,65373,98,19,47,51,0
66,66,0,1,0,1,0,2
70,70,0,2,7,2,0,0
323,150,173,2,1203,1,1,0
132,132,0,3,1199,3,0,0
168,78,90,2,30,1,1,0
66,66,0,1,0,1,0,2
422,240,182,8,25,5,3,0
194,102,92,2,30,1,1,0
199,102,97,2,29,1,1,0
9893,2231,7662,42,113,21,21,0
62,62,0,1,0,1,0,1
70,70,0,1,0,1,0,2
810,108,702,2,30,1,1,0
70,70,0,1,0,1,0,2
3562,1936,1626,48,193,24,24,0
3789,2373,1416,24,26,14,10,0
352,107,245,4,37,2,2,0
499,425,74,4,0,3,1,0
193,102,91,2,30,1,1,0
70,70,0,1,0,1,0,2
584,370,214,9,26,6,3,0
145,145,0,1,0,1,0,1
165,78,87,2,31,1,1,0
880,126,754,3,31,2,1,0
7889,1900,5989,20,15,11,9,0
177,94,83,2,30,1,1,0
491,150,341,2,1200,1,1,0
66,66,0,1,0,1,0,2
62,62,0,1,0,1,0,1
258,110,148,2,30,1,1,0
66,66,0,1,0,1,0,1
3140,1782,1358,18,17,10,8,0
70,70,0,2,7,2,0,0
913,126,787,2,30,1,1,0
3262,256,3006,9,121,4,5,0
473744,13158,460586,495,20,183,312,0
145,145,0,1,0,1,0,1
70,70,0,1,0,1,0,2
214,94,120,2,30,1,1,0
66,66,0,1,0,1,0,2
94,94,0,1,29,1,0,0
758,93,665,2,31,1,1,0
211,110,101,2,29,1,1,0
199,94,105,2,30,1,1,0
5658,501,5157,14,15,7,7,0
549,188,361,6,57,3,3,0
4819,829,3990,15,40,8,7,0
908,126,782,2,30,1,1,0
60,60,0,1,0,1,0,1
9125,3736,5389,19,120,10,9,0
482,300,182,9,25,6,3,0
70,70,0,1,0,1,0,2
179,94,85,2,30,1,1,0
214,102,112,2,29,1,1,0
242,78,164,2,29,1,1,0
66,66,0,1,0,1,0,1
7352,1023,6329,19,16,11,8,0
6053,2582,3471,30,80,15,15,0
66,66,0,1,0,1,0,2
30688,2660,28028,51,31,23,28,0
280,71,209,2,31,1,1,0
70,70,0,1,0,1,0,2
70,70,0,1,0,1,0,2
62,62,0,1,0,1,0,1
1306,1306,0,1,0,1,0,1
711,87,624,2,30,1,1,0
753,93,660,2,31,1,1,0
70,70,0,1,0,1,0,2
30845,9943,20902,172,133,73,99,0
815,95,720,2,30,1,1,0
98,98,0,1,0,1,0,1
70,70,0,1,0,1,0,2
182,102,80,2,30,1,1,0
70,70,0,1,0,1,0,2
199,102,97,2,29,1,1,0
618,432,186,9,17,6,3,0
7362,1770,5592,31,87,16,15,0
5907,2630,3277,21,147,10,11,0
368,94,274,2,30,1,1,0
1056,569,487,10,78,6,4,0
183,94,89,2,31,1,1,0
194,102,92,2,31,1,1,0
70,70,0,1,0,1,0,2
872,126,746,2,29,1,1,0
13074,2439,10635,46,279,22,24,0
70,70,0,1,0,1,0,2
66,66,0,1,0,1,0,1
9224,2381,6843,29,19,14,15,0
66,66,0,1,0,1,0,1
70,70,0,1,0,1,0,2
289596,9131,280465,283,48,85,198,0
60,60,0,1,0,1,0,1
62,62,0,1,0,1,0,1
87590,6597,80993,129,125,48,81,0
66,66,0,1,0,1,0,1
320,140,180,6,6,3,3,0
66,66,0,1,0,1,0,2
10038,5272,4766,36,196,20,16,0
62,62,0,1,0,1,0,1
711,87,624,2,30,1,1,0
312,140,172,4,30,2,2,0
70,70,0,2,9,2,0,0
66,66,0,1,30,1,0,0
66,66,0,1,0,1,0,2
4688,3009,1679,33,80,17,16,0
8074,2054,6020,20,15,11,9,0
6147,911,5236,18,16,10,8,0
199,102,97,2,30,1,1,0
209,102,107,2,30,1,1,0
686,686,0,1,0,1,0,1
8007,1987,6020,20,15,11,9,0
177,94,83,2,30,1,1,0
86,86,0,1,29,1,0,0
198,101,97,2,30,1,1,0
60,60,0,1,0,1,0,1
1276,703,573,15,33,8,7,0
743,743,0,1,0,1,0,1
181,94,87,2,30,1,1,0
13212,9431,3781,41,238,21,20,0
66,66,0,1,0,1,0,1
6685,4843,1842,29,17,18,11,0
214,110,104,2,30,1,1,0
66,66,0,1,0,1,0,2
66,66,0,2,8,2,0,0
13310,4422,8888,47,136,27,20,0
162,102,60,2,5,1,1,0
70,70,0,1,0,1,0,2
66,66,0,1,0,1,0,1
66,66,0,1,0,1,0,2
70,70,0,2,8,2,0,0
70,70,0,1,0,1,0,2
5158,2609,2549,11,121,6,5,0
198,101,97,2,31,1,1,0
1114,534,580,12,16,7,5,0
413,170,243,6,30,3,3,0
60,60,0,1,0,1,0,1
8006,1986,6020,20,15,11,9,0
7454,2436,5018,26,23,16,10,0
184,94,90,2,31,1,1,0
634,199,435,6,79,3,3,0
18032,904,17128,22,15,7,15,0
1960,1366,594,12,34,7,5,0
519325,13798,505527,535,18,193,342,0
210,78,132,2,30,1,1,0
66,66,0,1,0,1,0,2
884,126,758,2,30,1,1,0
184,94,90,2,30,1,1,0
499,425,74,4,0,3,1,0
66,66,0,1,0,1,0,2
198,102,96,2,30,1,1,0
60,60,0,1,0,1,0,1
62,62,0,1,0,1,0,1
193,102,91,2,30,1,1,0
764,99,665,2,31,1,1,0
5467,2738,2729,23,137,11,12,0
139,139,0,1,0,1,0,1
70,70,0,1,0,1,0,2
428,96,332,4,52,2,2,0
7014,1958,5056,31,18,19,12,0
66,66,0,1,0,1,0,2
760,97,663,2,30,1,1,0
70,70,0,1,0,1,0,2
177,94,83,2,29,1,1,0
70,70,0,1,0,1,0,2
66,66,0,1,0,1,0,1
478,196,282,6,63,3,3,0
62,62,0,1,0,1,0,1
334252,14917,319335,405,73,179,226,0
70,70,0,1,0,1,0,2
889,126,763,2,31,1,1,0
62,62,0,1,0,1,0,1
70,70,0,1,0,1,0,2
1052,612,440,10,15,5,5,0
594,594,0,10,1200,10,0,0
66,66,0,1,5,1,0,0
193,102,91,2,29,1,1,0
328,94,234,4,43,2,2,0
66,66,0,1,0,1,0,1
284,190,94,2,29,1,1,0
283,98,185,4,51,2,2,0
66,66,0,1,0,1,0,2
156,156,0,3,8,3,0,0
66,66,0,1,0,1,0,2
145,145,0,1,0,1,0,1
278,78,200,2,30,1,1,0
9920,3980,5940,24,40,12,12,0
5998,978,5020,19,50,10,9,0
70,70,0,1,4,1,0,0
70,70,0,1,0,1,0,2
8057,1135,6922,19,139,9,10,0
148,148,0,1,0,1,0,1
188,84,104,2,30,1,1,0
1982,692,1290,8,15,5,3,0
66,66,0,1,0,1,0,2
9060,3523,5537,27,319,15,12,0
4544,3602,942,15,15,8,7,0
62,62,0,1,0,1,0,1
216,110,106,2,30,1,1,0
182,93,89,2,31,1,1,0
247,98,149,2,32,1,1,0
422,240,182,8,26,5,3,0
454059,23387,430672,602,76,275,327,0
66,66,0,1,0,1,0,2
36435,28844,7591,65,396,35,30,0
62,62,0,1,0,1,0,1
4418,1116,3302,17,30,10,7,0
4624,1717,2907,19,30,11,8,0
66,66,0,1,0,1,0,2
199,102,97,2,29,1,1,0
66,66,0,1,0,1,0,1
60,60,0,1,0,1,0,1
8527,2218,6309,30,26,17,13,0
199,102,97,2,30,1,1,0
60,60,0,1,0,1,0,1
10135,7433,2702,28,164,19,9,0
70,70,0,1,0,1,0,2
198,86,112,2,30,1,1,0
66,66,0,1,0,1,0,2
70,70,0,1,4,1,0,0
768,99,669,2,31,1,1,0
70,70,0,1,0,1,0,2
66,66,0,1,0,1,0,1
66,66,0,1,0,1,0,2
5024,2538,2486,23,15,13,10,0
70,70,0,1,0,1,0,2
312,132,180,6,7,3,3,0
62,62,0,1,0,1,0,1
1638,1324,314,10,15,5,5,0
170,87,83,2,30,1,1,0
70,70,0,1,0,1,0,2
216,82,134,2,31,1,1,0
70,70,0,1,5,1,0,0
8058,2038,6020,20,15,11,9,0
146,146,0,1,0,1,0,1
220,220,0,1,0,1,0,1
318,192,126,6,26,4,2,0
70,70,0,1,0,1,0,2
70,70,0,1,0,1,0,2
60,60,0,1,0,1,0,1
146,146,0,1,0,1,0,1
6791,1415,5376,19,51,12,7,0
192,98,94,2,30,1,1,0
70,70,0,2,7,2,0,0
245,102,143,2,30,1,1,0
62,62,0,1,0,1,0,1
70,70,0,2,8,2,0,0
38149,4388,33761,68,113,26,42,0
70,70,0,1,0,1,0,2
74,74,0,1,0,1,0,1
774,101,673,2,31,1,1,0
66,66,0,1,0,1,0,1
6231,1151,5080,23,109,13,10,0
882,126,756,3,31,2,1,0
70,70,0,1,4,1,0,0
62,62,0,1,0,1,0,1
4167,1669,2498,23,15,12,11,0
259,78,181,2,30,1,1,0
194,102,92,2,30,1,1,0
196,94,102,2,30,1,1,0
66,66,0,1,0,1,0,1
62,62,0,1,0,1,0,1
230,110,120,2,30,1,1,0
66,66,0,1,0,1,0,2
156,62,94,2,10,1,1,0
60,60,0,1,0,1,0,1
8721,2518,6203,29,159,13,16,0
70,70,0,1,0,1,0,2
830,150,680,4,1200,2,2,0
7374,2085,5289,33,270,18,15,0
70,70,0,1,0,1,0,2
35970,11674,24296,108,265,55,53,0
7028,2639,4389,23,16,12,11,0
4609,2177,2432,11,120,6,5,0
2493,1541,952,16,3601,8,8,0
6723,1014,5709,19,29,10,9,0
66,66,0,2,7,2,0,0
66,66,0,1,0,1,0,2
148,148,0,1,0,1,0,1
70,70,0,1,0,1,0,2
70,70,0,1,0,1,0,2
209,110,99,2,30,1,1,0
2734,1498,1236,21,262,11,10,0
66,66,0,1,0,1,0,1
200,102,98,2,33,1,1,0
70,70,0,2,7,2,0,0
195,102,93,2,31,1,1,0
26357358,863775,25493583,27347,208,8650,18697,0
70,70,0,1,5,1,0,0
398,255,143,3,31,2,1,0
261,103,158,2,30,1,1,0
70,70,0,1,0,1,0,2
353,92,261,4,38,2,2,0
6331,837,5494,19,28,10,9,0
70,70,0,1,0,1,0,2
177,94,83,2,30,1,1,0
458,188,270,6,31,3,3,0
70,70,0,1,0,1,0,2
70,70,0,1,0,1,0,2
70,70,0,1,0,1,0,2
70,70,0,2,8,2,0,0
70,70,0,1,0,1,0,2
52038,3333,48705,74,157,30,44,0
822,822,0,1,0,1,0,1
177,94,83,2,30,1,1,0
350722,14506,336216,459,26,231,228,0
66,66,0,1,0,1,0,1
66,66,0,1,0,1,0,2
70,70,0,1,0,1,0,2
4512,1810,2702,16,135,7,9,0
146,146,0,1,0,1,0,1
308,92,216,2,30,1,1,0
238,94,144,2,30,1,1,0
62,62,0,1,0,1,0,1
370,222,148,6,32,4,2,0
199,102,97,2,30,1,1,0
70,70,0,1,0,1,0,2
5510,901,4609,15,25,8,7,0
227,90,137,2,29,1,1,0
5827,773,5054,16,73,9,7,0
70,70,0,1,0,1,0,2
21933,11660,10273,206,188,114,92,0
39249,938,38311,40,104,11,29,0
177,94,83,2,30,1,1,0
70,70,0,1,0,1,0,2
199,102,97,2,31,1,1,0
226,110,116,2,30,1,1,0
66,66,0,1,0,1,0,1
70,70,0,1,0,1,0,2
70,70,0,1,5,1,0,0
70,70,0,2,8,2,0,0
298067,6719,291348,307,17,98,209,0
3330,1694,1636,15,30,8,7,0
198,110,88,2,30,1,1,0
70,70,0,1,0,1,0,2
6829,1261,5568,21,197,11,10,0
146,146,0,1,0,1,0,1
630,508,122,9,15,7,2,0
66,66,0,1,0,1,0,2
199,90,109,2,30,1,1,0
145,145,0,1,0,1,0,1
62,62,0,1,0,1,0,1
66,66,0,1,0,1,0,1
70,70,0,1,0,1,0,2
198,102,96,2,30,1,1,0
62,62,0,1,0,1,0,1
754,94,660,2,30,1,1,0
216,90,126,2,30,1,1,0
62,62,0,1,0,1,0,1
821,102,719,2,30,1,1,0
70,70,0,1,0,1,0,2
60,60,0,1,0,1,0,1
216,102,114,2,30,1,1,0
66,66,0,1,0,1,0,2
60,60,0,1,0,1,0,1
70,70,0,1,0,1,0,2
216,102,114,2,30,1,1,0
4780,1925,2855,16,22,8,8,0
130,70,60,2,15,1,1,0
62,62,0,1,0,1,0,1
70,70,0,1,0,1,0,2
66,66,0,1,0,1,0,2
528,528,0,9,1200,9,0,0
66,66,0,1,0,1,0,2
70,70,0,1,0,1,0,2
167,86,81,2,29,1,1,0
66,66,0,1,0,1,0,2
900,110,790,2,29,1,1,0
751,95,656,2,30,1,1,0
66,66,0,1,0,1,0,2
145,145,0,1,0,1,0,1
161,161,0,1,0,1,0,1
3117,1867,1250,19,15,9,10,0
62,62,0,1,0,1,0,1
70,70,0,1,0,1,0,2
7817,1780,6037,26,172,13,13,0
237,91,146,2,33,1,1,0
8504354,221135,8283219,8447,196,2721,5726,0
26399,2076,24323,37,319,15,22,0
70,70,0,1,0,1,0,2
70,70,0,1,5,1,0,0
184,94,90,2,31,1,1,0
4565,1658,2907,19,28,11,8,0
70,70,0,1,0,1,0,2
198,102,96,2,30,1,1,0
156,156,0,1,0,1,0,1
70,70,0,1,0,1,0,2
66,66,0,1,0,1,0,2
62,62,0,1,0,1,0,1
27510,4470,23040,67,122,34,33,0
9797,1934,7863,21,15,12,9,0
62,62,0,1,0,1,0,1
86,86,0,1,30,1,0,0
209,102,107,2,30,1,1,0
200,102,98,2,30,1,1,0
1925,1120,805,16,25,9,7,0
183,94,89,2,30,1,1,0
70,70,0,1,0,1,0,2
66,66,0,1,0,1,0,2
307,307,0,4,60,4,0,0
70,70,0,1,0,1,0,2
6627,1780,4847,23,149,13,10,0
62,62,0,1,0,1,0,1
313399,38167,275232,411,23,205,206,0
362,240,122,7,25,5,2,0
62,62,0,1,0,1,0,1
62,62,0,1,0,1,0,1
16316,7445,8871,49,237,23,26,0
66,66,0,1,0,1,0,1
66,66,0,1,0,1,0,1
66,66,0,1,0,1,0,1
11290,5394,5896,37,80,21,16,0
177,94,83,2,29,1,1,0
9303,2569,6734,39,106,20,19,0
8700,2196,6504,21,16,12,9,0
62,62,0,1,0,1,0,1
72523,5814,66709,125,255,61,64,0
70,70,0,1,0,1,0,2
3874260,98179,3776081,4003,1072,1479,2524,0
70,70,0,1,0,1,0,2
66,66,0,1,0,1,0,1
253,87,166,4,31,2,2,0
217,157,60,2,5,1,1,0
66,66,0,1,0,1,0,1
314,192,122,6,15,4,2,0
66,66,0,1,0,1,0,1
66,66,0,1,0,1,0,2
210,110,100,2,30,1,1,0
62,62,0,1,0,1,0,1
132,132,0,3,1200,3,0,0
779,86,693,2,30,1,1,0
70,70,0,1,0,1,0,2
2359,1436,923,18,38,10,8,0
66,66,0,1,0,1,0,2
218,78,140,2,30,1,1,0
146,146,0,1,0,1,0,1
1973617,48070,1925547,1945,84,606,1339,0
51651,48866,2785,74,19,38,36,0
183,102,81,2,29,1,1,0
7029,2223,4806,23,361,12,11,0
62,62,0,1,0,1,0,1
4881,1817,3064,30,135,16,14,0
66,66,0,1,0,1,0,1
1357,963,394,10,26,7,3,0
215,102,113,2,30,1,1,0
4434,1527,2907,19,29,11,8,0
66,66,0,1,0,1,0,2
66,66,0,1,0,1,0,1
62,62,0,1,0,1,0,1
70,70,0,1,0,1,0,2
8248,876,7372,25,186,9,16,0
184,94,90,2,29,1,1,0
70,70,0,1,0,1,0,2
917,126,791,2,30,1,1,0
70,70,0,1,0,1,0,2
66,66,0,1,0,1,0,1
66,66,0,1,0,1,0,2
753,93,660,2,30,1,1,0
827,687,140,6,32,4,2,0
229,102,127,2,30,1,1,0
8962,1625,7337,28,16,15,13,0
62,62,0,1,0,1,0,1
19810,7047,12763,54,438,28,26,0
216,110,106,2,31,1,1,0
60,60,0,1,0,1,0,1
101959,5508,96451,111,95,41,70,0
481,150,331,2,1200,1,1,0
66,66,0,1,0,1,0,1
8993,5205,3788,48,167,25,23,0
70,70,0,1,4,1,0,0
78,78,0,1,0,1,0,1
194,102,92,2,30,1,1,0
210,102,108,2,30,1,1,0
273,94,179,2,30,1,1,0
70,70,0,1,0,1,0,2
40645,6133,34512,66,274,33,33,0
247,98,149,2,34,1,1,0
62,62,0,1,0,1,0,1
1049,1049,0,1,0,1,0,1
177,94,83,2,31,1,1,0
1265,684,581,13,30,6,7,0
70,70,0,1,0,1,0,2
199,102,97,2,30,1,1,0
66,66,0,1,0,1,0,2
5569,3270,2299,21,74,13,8,0
70,70,0,1,0,1,0,2
70,70,0,1,0,1,0,2
4017,978,3039,14,53,8,6,0
70,70,0,1,0,1,0,1
9381,1457,7924,21,31,11,10,0
5414,1010,4404,17,33,9,8,0
66,66,0,1,0,1,0,1
749,94,655,2,30,1,1,0
391,134,257,2,30,1,1,0
179,94,85,2,29,1,1,0
70,70,0,1,0,1,0,2
62,62,0,1,0,1,0,1
66,66,0,1,0,1,0,2
70,70,0,1,0,1,0,2
178,91,87,2,31,1,1,0
195,102,93,2,33,1,1,0
168,86,82,2,31,1,1,0
66,66,0,1,0,1,0,2
6981,948,6033,17,27,10,7,0
123782,10685,113097,157,180,65,92,0
2974,1378,1596,28,34,15,13,0
7058,2421,4637,21,17,11,10,0
641,87,554,2,30,1,1,0
10198,3881,6317,46,146,26,20,0
5283,2688,2595,14,135,7,7,0
198,94,104,2,30,1,1,0
7653,1188,6465,21,16,12,9,0
60,60,0,1,0,1,0,1
443,182,261,6,31,3,3,0
6962,979,5983,19,15,10,9,0
70,70,0,1,0,1,0,2
4402,2878,1524,29,105,15,14,0
70,70,0,1,4,1,0,0
118,118,0,1,120,1,0,0
268,93,175,4,57,2,2,0
1067,650,417,10,73,6,4,0
924,924,0,3,30,3,0,0
62,62,0,1,0,1,0,1
62,62,0,1,0,1,0,1
237,118,119,2,1200,1,1,0
66,66,0,1,0,1,0,1
70,70,0,1,0,1,0,2
66,66,0,1,0,1,0,2
146,146,0,1,0,1,0,1
66,66,0,1,0,1,0,1
66,66,0,1,0,1,0,1
148,86,62,2,30,1,1,0
175097,9838,165259,244,106,120,124,0
66,66,0,1,0,1,0,2
70,70,0,1,0,1,0,2
4085,2870,1215,23,358,14,9,0
60,60,0,1,0,1,0,1
66,66,0,1,0,1,0,1
66,66,0,1,0,1,0,1
166,86,80,2,30,1,1,0
129,129,0,1,0,1,0,1
60,60,0,1,0,1,0,1
4462,2023,2439,33,125,17,16,0
83,83,0,1,0,1,0,1
6574,2176,4398,28,124,14,14,0
70,70,0,1,0,1,0,2
378,180,198,7,53,4,3,0
70,70,0,2,8,2,0,0
66,66,0,1,0,1,0,1
4183,1283,2900,23,163,13,10,0
66,66,0,1,0,1,0,1
70,70,0,1,0,1,0,2
70,70,0,1,0,1,0,2
66,66,0,1,0,1,0,2
70,70,0,1,0,1,0,2
296863,14073,282790,351,127,130,221,0
70,70,0,1,0,1,0,2
481,150,331,2,1200,1,1,0
4137,1236,2901,27,418,14,13,0
294,106,188,4,56,2,2,0
146,146,0,1,0,1,0,1
6146,709,5437,18,29,8,10,0
200,102,98,2,31,1,1,0
232,172,60,3,5,2,1,0
802,288,514,8,75,4,4,0
8737,1821,6916,23,23,14,9,0
353,94,259,2,30,1,1,0
66,66,0,1,0,1,0,1
66,66,0,1,0,1,0,2
3374,1914,1460,33,131,18,15,0
333,94,239,2,30,1,1,0
7409,2302,5107,19,135,9,10,0
330,330,0,6,1200,6,0,0
168,86,82,2,30,1,1,0
298,101,197,4,31,2,2,0
9159,1627,7532,19,150,11,8,0
62,62,0,1,0,1,0,1
85011,4398,80613,113,26,52,61,0
214,140,74,4,15,3,1,0
4228,1083,3145,15,31,8,7,0
199,94,105,2,30,1,1,0
458,188,270,6,31,3,3,0
70,70,0,1,0,1,0,2
62,62,0,1,0,1,0,1
70,70,0,1,0,1,0,2
62,62,0,1,0,1,0,1
66,66,0,1,0,1,0,1
66,66,0,1,0,1,0,2
70,70,0,2,7,2,0,0
235,90,145,2,32,1,1,0
509,150,359,2,1200,1,1,0
148,86,62,2,30,1,1,0
7498,2799,4699,24,17,13,11,0
66,66,0,1,0,1,0,2
70,70,0,1,0,1,0,2
74,74,0,1,0,1,0,1
245,94,151,2,30,1,1,0
701,88,613,2,30,1,1,0
66,66,0,1,0,1,0,2
202,103,99,2,31,1,1,0
70,70,0,1,0,1,0,2
66,66,0,1,0,1,0,2
62,62,0,1,0,1,0,1
146,146,0,1,0,1,0,1
70,70,0,1,5,1,0,0
170,87,83,2,31,1,1,0
6397,1590,4807,23,315,12,11,0
168,78,90,2,30,1,1,0
66,66,0,1,0,1,0,1
66,66,0,1,0,1,0,2
1210,637,573,14,51,7,7,0
102,102,0,1,30,1,0,0
178,94,84,2,30,1,1,0
168,78,90,2,30,1,1,0
62,62,0,1,0,1,0,1
13736,1702,12034,26,15,12,14,0
66,66,0,1,0,1,0,1
66,66,0,1,0,1,0,2
66,66,0,1,0,1,0,2
66,66,0,1,0,1,0,1
484912,17317,467595,550,16,229,321,0
302,102,200,2,30,1,1,0
6754,2219,4535,21,76,11,10,0
1786,172,1614,7,120,3,4,0
66,66,0,1,0,1,0,1
66,66,0,1,0,1,0,2
268,87,181,4,35,2,2,0
177,94,83,2,30,1,1,0
110,110,0,1,5,1,0,0
70,70,0,1,0,1,0,2
62,62,0,1,0,1,0,1
66,66,0,1,0,1,0,1
8004,2236,5768,41,18,23,18,0
183,94,89,2,30,1,1,0
66,66,0,1,0,1,0,1
366,240,126,7,28,5,2,0
776,102,674,2,30,1,1,0
70,70,0,1,0,1,0,2
62,62,0,1,0,1,0,1
7236,2290,4946,18,16,11,7,0
1622,1137,485,11,26,7,4,0
70,70,0,1,0,1,0,2
62,62,0,1,0,1,0,1
62,62,0,1,0,1,0,1
204,70,134,4,26,2,2,0
145,145,0,1,0,1,0,1
199,102,97,2,29,1,1,0
62,62,0,1,0,1,0,1
70,70,0,1,0,1,0,2
16232,3319,12913,23,125,9,14,0
5167,700,4467,16,15,7,9,0
184,94,90,2,30,1,1,0
62,62,0,1,0,1,0,1
167,86,81,2,30,1,1,0
62,62,0,1,0,1,0,1
9039,2175,6864,32,20,17,15,0
816,102,714,2,30,1,1,0
6218,1239,4979,14,133,7,7,0
168,78,90,2,30,1,1,0
9811,1112,8699,21,125,10,11,0
193,102,91,2,31,1,1,0
178,94,84,2,30,1,1,0
62,62,0,1,0,1,0,1
749,89,660,2,30,1,1,0
70,70,0,2,8,2,0,0
66,66,0,1,0,1,0,2
60,60,0,1,0,1,0,1
130,70,60,2,15,1,1,0
498,150,348,4,2396,2,2,0
62,62,0,1,0,1,0,1
70,70,0,1,0,1,0,2
62,62,0,1,0,1,0,1
66,66,0,1,0,1,0,1
66,66,0,1,0,1,0,2
70,70,0,1,0,1,0,2
70,70,0,1,0,1,0,2
1798,1223,575,13,26,8,5,0
60,60,0,1,0,1,0,1
66,66,0,1,0,1,0,1
3096,1882,1214,19,16,10,9,0
70,70,0,1,0,1,0,2
62,62,0,1,0,1,0,1
66,66,0,1,0,1,0,1
70,70,0,1,0,1,0,2
196732,11940,184792,257,139,103,154,0
66,66,0,1,0,1,0,1
3272,800,2472,10,120,5,5,0
509,150,359,2,1199,1,1,0
66,66,0,1,0,1,0,1
10021,3035,6986,30,46,17,13,0
755,93,662,2,31,1,1,0
145,145,0,1,0,1,0,1
2825,716,2109,12,22,7,5,0
8745,2603,6142,19,15,11,8,0
186,95,91,2,31,1,1,0
274,78,196,2,31,1,1,0
70,70,0,1,0,1,0,2
182,94,88,2,29,1,1,0
747,93,654,2,31,1,1,0
66,66,0,1,0,1,0,1
70,70,0,1,0,1,0,2
66,66,0,1,0,1,0,2
760,97,663,2,31,1,1,0
13300,1695,11605,27,321,12,15,0
177,94,83,2,30,1,1,0
215,102,113,2,30,1,1,0
62,62,0,1,0,1,0,1
70,70,0,1,0,1,0,2
239,78,161,2,30,1,1,0
62,62,0,1,0,1,0,1
468,390,78,5,29,4,1,0
70,70,0,1,0,1,0,2
66,66,0,1,0,1,0,2
66,66,0,1,0,1,0,2
74,74,0,1,0,1,0,1
70,70,0,1,0,1,0,2
5611,3720,1891,28,54,16,12,0
272,97,175,4,57,2,2,0
146,146,0,1,0,1,0,1
66,66,0,1,0,1,0,1
158230,9208,149022,214,21,105,109,0
446664,48034,398630,698,223,326,372,0
194,128,66,4,25,3,1,0
170,87,83,2,31,1,1,0
926,410,516,12,31,6,6,0
436,222,214,7,19,4,3,0
4546,1639,2907,19,27,11,8,0
62,62,0,1,0,1,0,1
70,70,0,1,0,1,0,2
62,62,0,1,0,1,0,1
139,139,0,1,0,1,0,1
3137,1855,1282,19,16,9,10,0
62,62,0,1,0,1,0,1
186,95,91,2,30,1,1,0
514,246,268,9,76,5,4,0
62,62,0,1,0,1,0,1
504,382,122,8,16,6,2,0
70,70,0,1,0,1,0,2
639937,14873,625064,627,230,188,439,0
6120,1305,4815,20,983,10,10,0
228,118,110,2,1199,1,1,0
221,111,110,2,1200,1,1,0
66,66,0,1,0,1,0,1
70,70,0,1,0,1,0,2
172,88,84,2,30,1,1,0
248,78,170,2,30,1,1,0
698,320,378,10,18,6,4,0
1970,1231,739,14,30,8,6,0
70,70,0,1,0,1,0,2
60,60,0,1,0,1,0,1
60,60,0,1,0,1,0,1
168,94,74,2,30,1,1,0
70,70,0,1,0,1,0,2
66,66,0,1,0,1,0,2
23382,3770,19612,48,45,24,24,0
170,87,83,2,30,1,1,0
5691,503,5188,14,15,7,7,0
70,70,0,1,0,1,0,2
479,152,327,2,1200,1,1,0
231,88,143,2,34,1,1,0
62,62,0,1,0,1,0,1
430,172,258,6,61,3,3,0
177,94,83,2,30,1,1,0
70,70,0,1,0,1,0,2
216,110,106,2,30,1,1,0
4704,2423,2281,16,135,8,8,0
7415,1550,5865,28,37,15,13,0
5946,1254,4692,20,33,10,10,0
145,145,0,1,0,1,0,1
217,90,127,2,30,1,1,0
62,62,0,1,0,1,0,1
164,86,78,2,29,1,1,0
318,192,126,6,26,4,2,0
8588,2020,6568,20,76,10,10,0
195,102,93,2,30,1,1,0
70,70,0,1,0,1,0,2
66,66,0,1,0,1,0,1
350,210,140,6,14,4,2,0
6995,783,6212,14,317,7,7,0
458,188,270,6,30,3,3,0
66,66,0,1,0,1,0,1
146,146,0,1,0,1,0,1
70,70,0,1,0,1,0,2
183,94,89,2,30,1,1,0
5867,1782,4085,21,80,12,9,0
66,66,0,1,0,1,0,2
60,60,0,1,0,1,0,1
66,66,0,1,0,1,0,1
70,70,0,2,8,2,0,0
8241,1810,6431,25,20,14,11,0
193,102,91,2,31,1,1,0
62,62,0,1,0,1,0,1
70,70,0,1,0,1,0,2
3672,1976,1696,12,26,7,5,0
182,93,89,2,31,1,1,0
66,66,0,1,0,1,0,1
146,146,0,1,0,1,0,1
66,66,0,1,0,1,0,2
11975,10368,1607,27,52,16,11,0
70,70,0,1,5,1,0,0
66,66,0,1,0,1,0,1
183,94,89,2,30,1,1,0
66,66,0,1,0,1,0,2
1559,1107,452,9,24,5,4,0
2005,715,1290,8,15,5,3,0
145,145,0,1,0,1,0,1
66,66,0,1,0,1,0,1
4593,1616,2977,19,76,10,9,0
66,66,0,1,0,1,0,2
340,134,206,2,30,1,1,0
19190,13041,6149,64,389,33,31,0
11202,2200,9002,39,131,20,19,0
525257,17273,507984,531,26,183,348,0
130,70,60,2,15,1,1,0
62,62,0,1,0,1,0,1
9994,8270,1724,34,68,19,15,0
146,146,0,1,0,1,0,1
70,70,0,1,0,1,0,2
87,87,0,1,31,1,0,0
12632,3678,8954,42,27,23,19,0
70,70,0,1,0,1,0,2
199,102,97,2,30,1,1,0
877,126,751,2,31,1,1,0
70,70,0,1,0,1,0,2
8167,1980,6187,22,80,12,10,0
5750,1163,4587,25,258,13,12,0
416,210,206,7,28,4,3,0
179,86,93,2,29,1,1,0
70,70,0,1,0,1,0,2
66,66,0,1,0,1,0,2
70,70,0,1,0,1,0,2
195,102,93,2,29,1,1,0
70,70,0,1,0,1,0,2
62,62,0,1,0,1,0,1
70,70,0,1,30,1,0,0
62,62,0,1,0,1,0,1
216,102,114,2,30,1,1,0
543,469,74,6,16,5,1,0
62,62,0,1,0,1,0,1
1741,1048,693,15,25,8,7,0
190,97,93,2,31,1,1,0
66,66,0,2,8,2,0,0
62,62,0,1,0,1,0,1
70,70,0,1,0,1,0,2
70,70,0,1,0,1,0,2
7563,3697,3866,19,15,10,9,0
9564,2054,7510,42,114,20,22,0
94,94,0,1,30,1,0,0
52002,2984,49018,77,35,35,42,0
70,70,0,1,0,1,0,2
85590,4656,80934,111,37,47,64,0
70,70,0,1,0,1,0,2
10823,1636,9187,32,591,11,21,0
8553,3392,5161,25,202,13,12,0
66,66,0,1,0,1,0,2
432,192,240,8,30,4,4,0
66,66,0,1,0,1,0,1
4572,1665,2907,19,27,11,8,0
215,102,113,2,30,1,1,0
29994,1927,28067,50,20,17,33,0
130,70,60,2,6,1,1,0
146,146,0,1,0,1,0,1
62,62,0,1,0,1,0,1
70,70,0,1,5,1,0,0
192,98,94,2,40,1,1,0
70,70,0,1,0,1,0,2
170,87,83,2,30,1,1,0
499,425,74,4,0,3,1,0
67750,4451,63299,78,60,32,46,0
62,62,0,1,0,1,0,1
499,425,74,4,0,3,1,0
3985,2010,1975,17,51,10,7,0
70,70,0,1,0,1,0,2
199,94,105,2,30,1,1,0
9501,1502,7999,24,29,13,11,0
60,60,0,1,0,1,0,1
177,94,83,2,30,1,1,0
62,62,0,1,0,1,0,1
70,70,0,1,0,1,0,2
183,94,89,2,30,1,1,0
60,60,0,1,0,1,0,1
66,66,0,1,0,1,0,2
62,62,0,1,0,1,0,1
66,66,0,1,0,1,0,1
62,62,0,1,0,1,0,1
148422,10568,137854,223,115,114,109,0
755,93,662,2,31,1,1,0
146,146,0,1,0,1,0,1
66,66,0,1,0,1,0,2
213,102,111,2,29,1,1,0
8952,5576,3376,35,38,21,14,0
70,70,0,1,0,1,0,2
209,110,99,2,31,1,1,0
3507,900,2607,13,135,6,7,0
344,94,250,2,30,1,1,0
66,66,0,1,0,1,0,1
66,66,0,1,0,1,0,2
244,98,146,2,32,1,1,0
60,60,0,1,0,1,0,1
14671,2953,11718,31,31,17,14,0
70,70,0,1,0,1,0,2
60,60,0,1,0,1,0,1
197,102,95,2,29,1,1,0
146,146,0,1,0,1,0,1
88,88,0,2,31,2,0,0
70,70,0,1,0,1,0,2
70,70,0,1,0,1,0,2
62,62,0,1,0,1,0,1
66,66,0,1,0,1,0,1
70,70,0,1,0,1,0,2
62,62,0,1,0,1,0,1
62,62,0,1,0,1,0,1
10080,2728,7352,28,188,14,14,0
83777,2610,81167,90,155,27,63,0
1394,540,854,24,36,10,14,0
18040,904,17136,22,15,7,15,0
66,66,0,1,0,1,0,2
70,70,0,1,0,1,0,2
6043,1568,4475,11,119,4,7,0
66,66,0,1,0,1,0,1
66,66,0,1,0,1,0,1
66,66,0,1,0,1,0,2
177,94,83,2,29,1,1,0
70,70,0,1,0,1,0,2
70,70,0,1,0,1,0,2
70,70,0,1,0,1,0,2
18895,2061,16834,34,17,18,16,0
193,102,91,2,30,1,1,0
8947,1130,7817,28,124,13,15,0
66,66,0,1,0,1,0,2
9834,4297,5537,26,326,12,14,0
70,70,0,1,0,1,0,2
66,66,0,1,0,1,0,2
184,94,90,2,30,1,1,0
70,70,0,1,0,1,0,2
66,66,0,1,0,1,0,1
60,60,0,1,0,1,0,1
266,94,172,2,30,1,1,0
4933,2248,2685,14,135,7,7,0
10384,2236,8148,28,186,15,13,0
172,94,78,2,30,1,1,0
146,146,0,1,0,1,0,1
70,70,0,2,8,2,0,0
145,145,0,1,0,1,0,1
198,94,104,2,30,1,1,0
234,234,0,4,12,4,0,0
66,66,0,1,0,1,0,2
179,86,93,2,30,1,1,0
5731,495,5236,14,15,7,7,0
70,70,0,1,0,1,0,2
195,102,93,2,30,1,1,0
136,136,0,3,14,3,0,0
70,70,0,1,0,1,0,2
60,60,0,1,0,1,0,1
262,106,156,2,32,1,1,0
273,90,183,4,33,2,2,0
193,102,91,2,31,1,1,0
146,146,0,1,0,1,0,1
146,146,0,1,0,1,0,1
70,70,0,1,0,1,0,2
15248,5524,9724,54,364,27,27,0
70,70,0,1,0,1,0,2
196,86,110,2,30,1,1,0
70,70,0,1,0,1,0,2
70,70,0,1,4,1,0,0
146,146,0,1,0,1,0,1
748,106,642,2,30,1,1,0
66,66,0,1,0,1,0,1
6952,3608,3344,27,21,14,13,0
70,70,0,1,5,1,0,0
148,148,0,1,0,1,0,3
70,70,0,1,0,1,0,2
320,140,180,6,7,3,3,0
3947,1744,2203,16,361,8,8,0
372,246,126,6,27,4,2,0
66,66,0,1,0,1,0,1
78,78,0,1,0,1,0,1
320,140,180,6,5,3,3,0
92752,4519,88233,105,15,39,66,0
209,110,99,2,29,1,1,0
62,62,0,1,0,1,0,1
70,70,0,1,0,1,0,2
146,146,0,1,0,1,0,1
3874,2523,1351,18,17,10,8,0
12462,2612,9850,37,80,19,18,0
168,78,90,2,30,1,1,0
70,70,0,1,4,1,0,0
60,60,0,1,0,1,0,1
130,66,64,2,5,1,1,0
66,66,0,1,0,1,0,1
70,70,0,1,0,1,0,2
486,280,206,8,25,5,3,0
9176,2226,6950,28,31,16,12,0
70,70,0,1,0,1,0,2
78,78,0,1,0,1,0,1
5728,4818,910,87,4485,74,13,0
60,60,0,1,0,1,0,1
4591,2492,2099,20,113,11,9,0
217225,47956,169269,284,64,149,135,0
70,70,0,1,0,1,0,2
199,102,97,2,29,1,1,0
177,94,83,2,31,1,1,0
195,102,93,2,31,1,1,0
24686,1935,22751,36,20,17,19,0
62,62,0,1,0,1,0,1
70,70,0,1,5,1,0,0
60,60,0,1,0,1,0,1
70,70,0,1,5,1,0,0
199,102,97,2,30,1,1,0
70,70,0,1,0,1,0,2
2614,1689,925,18,21,10,8,0
66,66,0,1,0,1,0,2
1953,1223,730,16,16,9,7,0
235,90,145,2,32,1,1,0
70,70,0,1,0,1,0,2
66,66,0,1,0,1,0,1
199,102,97,2,31,1,1,0
62,62,0,1,0,1,0,1
1657,1247,410,8,14,5,3,0
571,166,405,2,30,1,1,0
126,60,66,3,4,2,1,0
66,66,0,2,8,2,0,0
86,86,0,1,0,1,0,1
70,70,0,1,0,1,0,2
33901,9598,24303,56,61,32,24,0
70,70,0,2,7,2,0,0
62,62,0,1,0,1,0,1
66,66,0,1,0,1,0,1
1377,300,1077,6,1200,3,3,0
70,70,0,1,0,1,0,2
130,70,60,2,5,1,1,0
70,70,0,1,0,1,0,2
177,94,83,2,31,1,1,0
229,102,127,2,29,1,1,0
195,102,93,2,30,1,1,0
62,62,0,1,0,1,0,1
711,87,624,2,30,1,1,0
168,78,90,2,30,1,1,0
884,126,758,2,30,1,1,0
70,70,0,1,0,1,0,2
7787,2370,5417,23,242,11,12,0
3561,1098,2463,10,121,5,5,0
320,140,180,6,6,3,3,0
62,62,0,1,0,1,0,1
212,102,110,2,30,1,1,0
194,102,92,2,30,1,1,0
66,66,0,1,0,1,0,1
16324,808,15516,25,59,11,14,0
66,66,0,2,7,2,0,0
228,110,118,2,30,1,1,0
145,145,0,1,0,1,0,1
177,94,83,2,30,1,1,0
795,795,0,2,169,2,0,0
62,62,0,1,0,1,0,1
578,286,292,9,15,5,4,0
62,62,0,1,0,1,0,1
17982,2112,15870,35,28,18,17,0
70,70,0,1,0,1,0,2
9254,3356,5898,74,444,30,44,0
3327,1438,1889,15,16,8,7,0
62,62,0,1,0,1,0,1
11536,3264,8272,29,37,15,14,0
4332,3596,736,14,32,8,6,0
70,70,0,1,0,1,0,2
66,66,0,1,0,1,0,1
70,70,0,1,0,1,0,2
764,99,665,2,31,1,1,0
70,70,0,1,0,1,0,2
168,78,90,2,30,1,1,0
62,62,0,1,0,1,0,1
509,329,180,6,8,3,3,0
4953,1111,3842,22,104,12,10,0
196,102,94,2,31,1,1,0
66,66,0,1,0,1,0,1
214,140,74,4,41,3,1,0
28195,6044,22151,58,17,30,28,0
172,88,84,2,31,1,1,0
66,66,0,1,0,1,0,2
414,268,146,3,34,2,1,0
132,70,62,2,30,1,1,0
1658,1344,314,10,15,5,5,0
299,110,189,4,32,2,2,0
62,62,0,1,0,1,0,1
195,102,93,2,30,1,1,0
70,70,0,1,0,1,0,2
177,94,83,2,29,1,1,0
66,66,0,1,0,1,0,1
66,66,0,1,0,1,0,2
70,70,0,1,0,1,0,2
275,85,190,2,31,1,1,0
62,62,0,1,0,1,0,1
66,66,0,1,0,1,0,1
174,174,0,1,0,1,0,1
70,70,0,1,0,1,0,2
146,146,0,1,0,1,0,1
70,70,0,1,0,1,0,2
235,90,145,2,32,1,1,0
70,70,0,1,0,1,0,2
62,62,0,1,0,1,0,1
177,94,83,2,29,1,1,0
1614,1300,314,10,15,5,5,0
66,66,0,1,0,1,0,1
11626,4173,7453,25,121,12,13,0
66,66,0,1,0,1,0,1
216,90,126,2,30,1,1,0
4669,2251,2418,14,137,7,7,0
66,66,0,1,0,1,0,1
70,70,0,1,0,1,0,2
8362065,55143,8306922,6375,152,332,6043,0
62,62,0,1,0,1,0,1
62,62,0,1,0,1,0,1
1056,682,374,10,15,6,4,0
2886,1481,1405,10,15,6,4,0
66,66,0,1,0,1,0,2
62,62,0,1,0,1,0,1
130,70,60,2,5,1,1,0
195,102,93,2,30,1,1,0
762,98,664,2,31,1,1,0
68982,15774,53208,113,45,42,71,0
284,94,190,2,29,1,1,0
2564,1546,1018,18,3600,9,9,0
66,66,0,1,0,1,0,1
146,146,0,1,0,1,0,1
4954,2554,2400,11,122,6,5,0
62,62,0,1,0,1,0,1
66,66,0,1,0,1,0,2
438,180,258,6,30,3,3,0
130,66,64,2,5,1,1,0
62,62,0,1,0,1,0,1
184,94,90,2,31,1,1,0
1017,705,312,9,20,4,5,0
74,74,0,1,0,1,0,1
8431,2584,5847,25,46,14,11,0
66,66,0,1,0,1,0,2
415,88,327,4,52,2,2,0
3698,1049,2649,13,135,6,7,0
62,62,0,1,0,1,0,1
70,70,0,1,0,1,0,2
195,102,93,2,30,1,1,0
177,94,83,2,30,1,1,0
6964782,246690,6718092,7203,184,2494,4709,0
62,62,0,1,0,1,0,1
209,110,99,2,30,1,1,0
250,190,60,2,5,1,1,0
70,70,0,1,0,1,0,2
70,70,0,2,7,2,0,0
70,70,0,1,0,1,0,2
186,95,91,2,31,1,1,0
6764,1575,5189,25,157,14,11,0
66,66,0,1,0,1,0,2
378,192,186,7,26,4,3,0
8888,2265,6623,18,15,9,9,0
62,62,0,1,0,1,0,1
749,94,655,2,30,1,1,0
62,62,0,1,0,1,0,1
66,66,0,1,0,1,0,1
4620,1713,2907,19,26,11,8,0
70,70,0,1,0,1,0,2
5866,1781,4085,21,81,12,9,0
3413,1458,1955,16,19,8,8,0
27657,5506,22151,58,46,30,28,0
70,70,0,1,0,1,0,2
7862,1873,5989,20,15,11,9,0
70,70,0,1,5,1,0,0
821,102,719,2,29,1,1,0
8008,1988,6020,20,15,11,9,0
533,327,206,8,33,5,3,0
229,90,139,2,30,1,1,0
16287,13303,2984,49,38,26,23,0
184,94,90,2,30,1,1,0
338,94,244,2,30,1,1,0
321,102,219,2,30,1,1,0
70,70,0,1,0,1,0,2
70,70,0,1,0,1,0,2
12009,5364,6645,23,31,12,11,0
70,70,0,1,0,1,0,2
146,146,0,1,0,1,0,1
70,70,0,1,0,1,0,2
460182,11717,448465,462,135,162,300,0
70,70,0,1,0,1,0,2
214,82,132,2,32,1,1,0
66,66,0,1,0,1,0,1
168,86,82,2,30,1,1,0
66,66,0,1,0,1,0,2
461,94,367,2,30,1,1,0
66,66,0,1,0,1,0,1
148,86,62,2,31,1,1,0
74,74,0,1,0,1,0,1
62,62,0,1,0,1,0,1
7251,2098,5153,27,25,15,12,0
184,94,90,2,30,1,1,0
868,126,742,2,30,1,1,0
772,102,670,2,30,1,1,0
208,106,102,2,31,1,1,0
3804,1099,2705,19,137,8,11,0
4797,2794,2003,20,271,11,9,0
70,70,0,1,0,1,0,2
66,66,0,1,0,1,0,2
66,66,0,1,0,1,0,1
130,70,60,2,5,1,1,0
184,94,90,2,30,1,1,0
146,146,0,1,0,1,0,1
184,94,90,2,30,1,1,0
70,70,0,2,8,2,0,0
214,140,74,4,41,3,1,0
70,70,0,1,0,1,0,2
66,66,0,1,0,1,0,1
802,472,330,8,30,5,3,0
70,70,0,1,0,1,0,2
648,648,0,7,15,7,0,0
66,66,0,1,0,1,0,2
499,425,74,4,0,3,1,0
70,70,0,1,0,1,0,2
70,70,0,1,0,1,0,2
370,126,244,2,30,1,1,0
60,60,0,1,0,1,0,1
342,142,200,2,30,1,1,0
78,78,0,1,0,1,0,1
70,70,0,1,0,1,0,2
8970,5359,3611,22,121,11,11,0
188,96,92,2,31,1,1,0
7674,4959,2715,24,16,13,11,0
642,642,0,1,0,1,0,1
165,86,79,2,30,1,1,0
506,152,354,2,1200,1,1,0
1737,796,941,12,16,7,5,0
198375,6279,192096,205,153,69,136,0
149414,8612,140802,208,25,107,101,0
66,66,0,1,0,1,0,1
60,60,0,1,0,1,0,1
66,66,0,1,0,1,0,2
70,70,0,1,0,1,0,2
180,180,0,1,0,1,0,1
262,78,184,2,29,1,1,0
66,66,0,1,0,1,0,2
173,94,79,2,30,1,1,0
66,66,0,1,0,1,0,2
62,62,0,1,0,1,0,1
5146,3694,1452,20,249,10,10,0
62,62,0,1,0,1,0,1
62,62,0,1,0,1,0,1
197,102,95,2,31,1,1,0
70,70,0,1,0,1,0,2
3514,1609,1905,30,51,16,14,0
62,62,0,1,0,1,0,1
234,93,141,2,30,1,1,0
1388,562,826,11,315,6,5,0
7481,2070,5411,25,315,12,13,0
70,70,0,1,0,1,0,2
4429,2581,1848,21,33,11,10,0
70,70,0,1,0,1,0,2
214,102,112,2,31,1,1,0
62,62,0,1,0,1,0,1
499,425,74,4,0,3,1,0
62,62,0,1,0,1,0,1
1083,653,430,8,16,5,3,0
62,62,0,1,0,1,0,1
152,66,86,2,7,1,1,0
12428,5331,7097,47,32,21,26,0
66,66,0,1,0,1,0,1
166,86,80,2,31,1,1,0
711,87,624,2,30,1,1,0
66,66,0,1,0,1,0,2
194,102,92,2,30,1,1,0
216,110,106,2,30,1,1,0
3132,815,2317,14,15,7,7,0
70,70,0,2,9,2,0,0
70,70,0,1,5,1,0,0
960,539,421,9,52,5,4,0
6226,4834,1392,17,125,11,6,0
70,70,0,1,5,1,0,0
1159756,1123031,36725,1206,26,753,453,0
185,102,83,2,30,1,1,0
214,140,74,4,35,3,1,0
1773,1038,735,17,278,9,8,0
855,126,729,2,29,1,1,0
60,60,0,1,0,1,0,1
148,86,62,2,30,1,1,0
130,70,60,3,5,2,1,0
184,94,90,2,30,1,1,0
66,66,0,1,0,1,0,1
70,70,0,1,0,1,0,2
853,355,498,4,1200,2,2,0
145,145,0,1,0,1,0,1
78,78,0,1,0,1,0,1
792,792,0,13,1200,13,0,0
3554,2208,1346,18,256,10,8,0
70,70,0,1,0,1,0,2
70,70,0,1,0,1,0,2
6622,859,5763,18,15,10,8,0
1985,657,1328,11,21,6,5,0
145752,3240,142512,128,61,23,105,0
2865,2000,865,12,18,7,5,0
62,62,0,1,0,1,0,1
4561,1129,3432,22,109,13,9,0
66,66,0,1,0,1,0,2
214,94,120,2,30,1,1,0
1065134,19929,1045205,1009,16,288,721,0
70,70,0,1,0,1,0,2
62,62,0,1,0,1,0,1
148,148,0,1,0,1,0,1
195,102,93,2,29,1,1,0
14172,5597,8575,50,31,25,25,0
177,94,83,2,30,1,1,0
3562,1936,1626,48,192,24,24,0
272,97,175,4,58,2,2,0
70,70,0,1,0,1,0,2
779,86,693,2,30,1,1,0
70,70,0,1,0,1,0,2
2754856,125760,2629096,3115,32,1340,1775,0
199,94,105,2,29,1,1,0
2837,582,2255,12,17,7,5,0
70,70,0,1,0,1,0,2
199,94,105,2,29,1,1,0
233,90,143,2,33,1,1,0
66,66,0,1,0,1,0,1
541643,15245,526398,507,416,103,404,0
60954,33730,27224,101,63,50,51,0
70,70,0,1,0,1,0,2
70,70,0,1,0,1,0,2
943291,17238,926053,869,72,249,620,0
193,102,91,2,29,1,1,0
1895,755,1140,11,14,6,5,0
60,60,0,1,0,1,0,1
568,188,380,6,60,3,3,0
10266,7336,2930,49,222,24,25,0
62,62,0,1,0,1,0,1
70,70,0,1,5,1,0,0
70,70,0,1,4,1,0,0
492,306,186,8,15,5,3,0
66,66,0,1,0,1,0,1
70,70,0,1,0,1,0,2
62,62,0,1,0,1,0,1
4666,1759,2907,19,28,11,8,0
60,60,0,1,5,1,0,0
70,70,0,1,0,1,0,2
20846,11163,9683,55,318,30,25,0
416,210,206,7,16,4,3,0
66,66,0,1,0,1,0,1
223,102,121,2,30,1,1,0
70,70,0,2,7,2,0,0
66,66,0,1,0,1,0,1
6649,1556,5093,23,21,13,10,0
66,66,0,1,0,1,0,1
1716,1136,580,15,30,9,6,0
66,66,0,1,0,1,0,2
62,62,0,1,0,1,0,1
74,74,0,1,0,1,0,1
242,98,144,2,30,1,1,0
256,94,162,2,30,1,1,0
6117,976,5141,21,72,10,11,0
285,103,182,4,43,2,2,0
66,66,0,1,0,1,0,2
1786,172,1614,7,120,3,4,0
578,179,399,6,56,3,3,0
70,70,0,1,4,1,0,0
62,62,0,1,0,1,0,1
8492,2950,5542,27,16,15,12,0
2309,1443,866,16,17,8,8,0
146,146,0,1,0,1,0,1
66,66,0,1,0,1,0,1
764,102,662,2,30,1,1,0
170,87,83,2,30,1,1,0
66,66,0,2,8,2,0,0
3847,2650,1197,22,35,13,9,0
70,70,0,1,0,1,0,2
177,94,83,2,30,1,1,0
1327,822,505,11,21,7,4,0
60,60,0,1,0,1,0,1
60,60,0,1,0,1,0,1
877,126,751,3,31,2,1,0
2094,1402,692,14,15,8,6,0
7982,1962,6020,20,15,11,9,0
70,70,0,1,5,1,0,0
168,86,82,2,32,1,1,0
8006,1986,6020,20,15,11,9,0
88,88,0,1,0,1,0,1
62,62,0,1,0,1,0,1
18620,15824,2796,31,129,18,13,0
70,70,0,1,0,1,0,2
198,101,97,2,30,1,1,0
172,86,86,2,30,1,1,0
70,70,0,1,0,1,0,2
164,84,80,2,31,1,1,0
62,62,0,1,0,1,0,1
66,66,0,1,0,1,0,1
70,70,0,1,0,1,0,2
296,102,194,4,41,2,2,0
1062,724,338,16,41,11,5,0
62,62,0,1,0,1,0,1
881747,19604,862143,728,175,144,584,0
177,94,83,2,30,1,1,0
62,62,0,1,0,1,0,1
22938,14436,8502,43,35,23,20,0
70,70,0,1,0,1,0,2
66,66,0,1,0,1,0,2
146,146,0,1,0,1,0,1
13649,6567,7082,29,127,14,15,0
70,70,0,1,5,1,0,0
298081,63335,234746,337,323,145,192,0
758,102,656,2,30,1,1,0
388,262,126,7,29,5,2,0
164,78,86,2,30,1,1,0
62,62,0,1,0,1,0,1
245,118,127,2,30,1,1,0
70,70,0,2,8,2,0,0
70,70,0,1,0,1,0,2
6661,1489,5172,26,270,13,13,0
62,62,0,1,0,1,0,1
66,66,0,1,0,1,0,1
2163,676,1487,14,15,7,7,0
243,78,165,2,30,1,1,0
70,70,0,1,0,1,0,2
70,70,0,1,0,1,0,2
66,66,0,1,0,1,0,1
70,70,0,1,0,1,0,2
318,192,126,6,45,4,2,0
70,70,0,1,0,1,0,2
66,66,0,1,0,1,0,2
6060,1040,5020,20,34,11,9,0
330,330,0,6,3610,6,0,0
66,66,0,1,0,1,0,1
66,66,0,1,0,1,0,1
194,87,107,2,31,1,1,0
70,70,0,1,0,1,0,2
66,66,0,1,0,1,0,2
66,66,0,1,0,1,0,2
776,102,674,2,31,1,1,0
66,66,0,1,0,1,0,1
70,70,0,1,0,1,0,2
164,78,86,2,30,1,1,0
2887,1776,1111,14,22,8,6,0
66,66,0,1,0,1,0,1
66,66,0,1,0,1,0,1
199,94,105,2,30,1,1,0
70,70,0,1,0,1,0,2
70,70,0,1,0,1,0,2
66,66,0,1,0,1,0,2
318,192,126,6,25,4,2,0
193,102,91,2,30,1,1,0
66,66,0,1,0,1,0,1
70,70,0,1,0,1,0,2
203,82,121,2,30,1,1,0
66,66,0,1,0,1,0,2
481,150,331,2,1199,1,1,0
70,70,0,1,0,1,0,2
12006,3698,8308,23,15,13,10,0
816,102,714,2,29,1,1,0
200,94,106,2,30,1,1,0
9675,2389,7286,43,143,21,22,0
320,320,0,1,0,1,0,1
66,66,0,1,0,1,0,1
11738,6980,4758,34,81,19,15,0
146,146,0,1,0,1,0,1
199,102,97,2,31,1,1,0
70,70,0,1,0,1,0,2
16198,9822,6376,54,35,28,26,0
70,70,0,1,0,1,0,2
1487,743,744,10,30,5,5,0
60,60,0,1,0,1,0,1
152,152,0,2,1200,2,0,0
167,86,81,2,31,1,1,0
576,195,381,6,51,3,3,0
62,62,0,1,0,1,0,1
70,70,0,1,0,1,0,2
66,66,0,1,0,1,0,2
178,94,84,2,29,1,1,0
216,110,106,2,31,1,1,0
70,70,0,1,0,1,0,2
1056,682,374,10,15,6,4,0
1272,876,396,10,25,6,4,0
70,70,0,1,30,1,0,0
6889,1381,5508,19,129,9,10,0
29367,10171,19196,66,184,32,34,0
66,66,0,1,0,1,0,1
62,62,0,1,0,1,0,1
416,210,206,7,96,4,3,0
202,103,99,2,31,1,1,0
177,94,83,2,30,1,1,0
78,78,0,1,0,1,0,1
66,66,0,1,0,1,0,2
70,70,0,1,0,1,0,2
168,86,82,2,29,1,1,0
70,70,0,1,0,1,0,2
492,216,276,2,31,1,1,0
199,102,97,2,30,1,1,0
888,126,762,2,30,1,1,0
100,100,0,1,0,1,0,1
66,66,0,1,0,1,0,1
2132473,55149,2077324,2144,63,731,1413,0
70,70,0,1,0,1,0,2
66,66,0,1,0,1,0,2
130,70,60,2,5,1,1,0
70,70,0,1,0,1,0,2
1090,609,481,13,329,7,6,0
66,66,0,1,0,1,0,1
70,70,0,1,0,1,0,2
16024,3168,12856,56,76,31,25,0
70,70,0,1,0,1,0,2
810,108,702,2,30,1,1,0
70,70,0,1,0,1,0,2
66,66,0,1,0,1,0,1
3132,815,2317,14,15,7,7,0
66,66,0,1,0,1,0,2
66,66,0,1,0,1,0,2
60,60,0,1,0,1,0,1
62,62,0,1,0,1,0,1
70,70,0,2,7,2,0,0
70,70,0,1,5,1,0,0
70,70,0,1,0,1,0,2
146,146,0,1,0,1,0,1
58423,25600,32823,86,138,40,46,0
70,70,0,1,0,1,0,2
66,66,0,1,0,1,0,1
66,66,0,1,0,1,0,2
60,60,0,1,0,1,0,1
62,62,0,1,0,1,0,1
58141,3051,55090,78,78,29,49,0
62,62,0,1,0,1,0,1
648083,28117,619966,751,30,323,428,0
20959,15902,5057,38,20,21,17,0
66,66,0,1,0,1,0,1
145,145,0,1,0,1,0,1
15404,11220,4184,29,27,16,13,0
4716,1809,2907,19,26,11,8,0
8113,1626,6487,24,21,14,10,0
12205,2036,10169,33,138,18,15,0
1299,730,569,13,25,7,6,0
70,70,0,1,5,1,0,0
62,62,0,1,0,1,0,1
70,70,0,1,0,1,0,2
3523,518,3005,12,15,6,6,0
711,87,624,2,30,1,1,0
78,78,0,1,5,1,0,0
197,102,95,2,30,1,1,0
66,66,0,1,0,1,0,1
66,66,0,1,0,1,0,1
70,70,0,1,0,1,0,2
214,110,104,2,30,1,1,0
70,70,0,1,0,1,0,2
232,92,140,2,30,1,1,0
62,62,0,1,0,1,0,1
66,66,0,1,0,1,0,1
70,70,0,1,0,1,0,2
70,70,0,1,0,1,0,2
70,70,0,1,0,1,0,2
196,100,96,2,30,1,1,0
78,78,0,1,0,1,0,1
70,70,0,1,0,1,0,2
66,66,0,1,0,1,0,1
66,66,0,1,0,1,0,1
8049,1560,6489,19,150,9,10,0
62,62,0,1,0,1,0,1
70,70,0,1,0,1,0,2
749,94,655,2,30,1,1,0
7031,1824,5207,23,60,12,11,0
8007,830,7177,17,30,8,9,0
192,98,94,2,31,1,1,0
243,94,149,2,30,1,1,0
209,110,99,2,30,1,1,0
211,94,117,2,30,1,1,0
70,70,0,1,5,1,0,0
74,74,0,1,0,1,0,1
70,70,0,1,0,1,0,2
10085,3487,6598,21,120,9,12,0
318813,10418,308395,314,95,102,212,0
170,87,83,2,30,1,1,0
62,62,0,1,0,1,0,1
239,71,168,2,31,1,1,0
3695,550,3145,12,15,6,6,0
66,66,0,1,0,1,0,1
24437,12718,11719,41,15,16,25,0
367162,17367,349795,470,143,214,256,0
66,66,0,1,0,1,0,1
280,140,140,5,130,3,2,0
4103,2950,1153,26,131,16,10,0
730,102,628,2,30,1,1,0
62,62,0,1,0,1,0,1
178,94,84,2,30,1,1,0
166,86,80,2,31,1,1,0
6792,1521,5271,18,28,11,7,0
146,146,0,1,0,1,0,1
385,134,251,2,30,1,1,0
55878,5841,50037,70,94,29,41,0
887,126,761,2,30,1,1,0
70,70,0,2,8,2,0,0
199,102,97,2,29,1,1,0
70,70,0,2,8,2,0,0
10385,7051,3334,27,33,15,12,0
66,66,0,1,0,1,0,1
395,89,306,4,32,2,2,0
216,98,118,2,30,1,1,0
70,70,0,1,0,1,0,2
138,78,60,2,5,1,1,0
272,94,178,2,29,1,1,0
177,94,83,2,30,1,1,0
167,86,81,2,30,1,1,0
749,94,655,2,31,1,1,0
66,66,0,1,0,1,0,1
204,118,86,2,31,1,1,0
70,70,0,1,0,1,0,2
62,62,0,1,0,1,0,1
269,78,191,2,30,1,1,0
150,150,0,1,1200,1,0,0
62,62,0,1,0,1,0,1
50384,5218,45166,76,99,26,50,0
499,425,74,4,0,3,1,0
9032,2162,6870,34,34,18,16,0
66,66,0,1,0,1,0,2
316,190,126,5,15,3,2,0
195,102,93,2,30,1,1,0
8979,3093,5886,43,15,24,19,0
66,66,0,1,0,1,0,2
195,102,93,2,30,1,1,0
66,66,0,1,0,1,0,2
290951,15209,275742,327,141,132,195,0
66,66,0,1,0,1,0,2
66,66,0,1,0,1,0,1
177,94,83,2,30,1,1,0
146,146,0,1,0,1,0,3
66,66,0,1,0,1,0,1
62,62,0,1,0,1,0,1
404,259,145,3,32,2,1,0
199,102,97,2,29,1,1,0
70,70,0,1,0,1,0,2
184,102,82,2,30,1,1,0
70,70,0,1,0,1,0,2
70,70,0,1,0,1,0,2
10857,4247,6610,27,121,13,14,0
74,74,0,1,0,1,0,1
66,66,0,1,0,1,0,1
8366,3900,4466,19,120,10,9,0
4672,1765,2907,18,28,10,8,0
66,66,0,1,0,1,0,1
350,210,140,6,25,4,2,0
167,78,89,2,30,1,1,0
62,62,0,1,0,1,0,1
70,70,0,1,0,1,0,2
807,94,713,2,30,1,1,0
146,146,0,1,0,1,0,1
2774,703,2071,12,22,7,5,0
3367,2346,1021,19,39,11,8,0
211,78,133,2,30,1,1,0
458,188,270,6,30,3,3,0
70,70,0,1,0,1,0,2
66,66,0,1,0,1,0,1
3711,1806,1905,17,186,10,7,0
62,62,0,1,0,1,0,1
10103,3140,6963,29,126,16,13,0
66,66,0,1,0,1,0,1
70,70,0,1,0,1,0,2
66,66,0,1,0,1,0,1
177,94,83,2,30,1,1,0
62,62,0,1,0,1,0,1
287,102,185,2,30,1,1,0
318,192,126,6,25,4,2,0
66,66,0,1,0,1,0,2
70,70,0,1,0,1,0,2
450,246,204,8,33,5,3,0
168,78,90,2,31,1,1,0
1124,594,530,12,26,6,6,0
66,66,0,1,0,1,0,1
199,102,97,2,30,1,1,0
216,94,122,2,30,1,1,0
66,66,0,1,0,1,0,2
70,70,0,1,0,1,0,2
62,62,0,1,0,1,0,1
5167,700,4467,16,15,7,9,0
70,70,0,1,5,1,0,0
197,90,107,2,29,1,1,0
66,66,0,1,0,1,0,2
146,146,0,1,0,1,0,1
70,70,0,2,7,2,0,0
184,94,90,2,29,1,1,0
2964,1657,1307,18,47,9,9,0
227,88,139,2,30,1,1,0
1534,996,538,10,35,6,4,0
331,331,0,1,0,1,0,1
66,66,0,1,0,1,0,1
66,66,0,1,0,1,0,2
199,102,97,2,30,1,1,0
85,85,0,1,0,1,0,1
1791,900,891,14,79,7,7,0
422,164,258,6,30,3,3,0
152,78,74,2,30,1,1,0
66,66,0,1,0,1,0,2
199,102,97,2,30,1,1,0
70,70,0,1,4,1,0,0
5723,3023,2700,58,548,32,26,0
70,70,0,1,0,1,0,2
3304,1560,1744,18,30,9,9,0
3354,2353,1001,18,45,11,7,0
66,66,0,1,0,1,0,1
164840,5975,158865,179,122,61,118,0
62,62,0,1,0,1,0,1
342,91,251,4,54,2,2,0
66,66,0,1,0,1,0,2
195,102,93,2,30,1,1,0
283768,16167,267601,384,116,148,236,0
514,246,268,9,75,5,4,0
165,86,79,2,30,1,1,0
146,146,0,1,0,1,0,1
7086,1913,5173,29,270,16,13,0
197,90,107,2,30,1,1,0
62,62,0,1,0,1,0,1
2350,1392,958,17,275,9,8,0
394,80,314,4,29,2,2,0
7282,953,6329,18,16,10,8,0
807,275,532,4,1200,2,2,0
70,70,0,1,0,1,0,2
216,90,126,2,30,1,1,0
70,70,0,1,0,1,0,2
9151,2109,7042,27,30,15,12,0
62,62,0,1,0,1,0,1
184,94,90,2,30,1,1,0
70,70,0,1,0,1,0,2
70,70,0,1,0,1,0,2
6726,3603,3123,34,80,17,17,0
214,140,74,4,35,3,1,0
62,62,0,1,0,1,0,1
62,62,0,1,0,1,0,1
735,88,647,2,30,1,1,0
193,102,91,2,29,1,1,0
198,102,96,2,32,1,1,0
168,78,90,2,30,1,1,0
717,551,166,4,31,2,2,0
143,143,0,1,0,1,0,1
62,62,0,1,0,1,0,1
2306249,52358,2253891,2041,239,447,1594,0
27271,12050,15221,45,38,24,21,0
4168,1018,3150,16,27,8,8,0
184,94,90,2,31,1,1,0
167,86,81,2,30,1,1,0
62,62,0,1,0,1,0,1
882,126,756,2,30,1,1,0
70,70,0,1,0,1,0,2
199,102,97,2,30,1,1,0
302,118,184,2,29,1,1,0
66,66,0,1,0,1,0,2
192,98,94,2,0,1,1,0
70,70,0,1,0,1,0,2
70,70,0,1,0,1,0,2
216,98,118,2,30,1,1,0
107776,4213,103563,177,16,60,117,0
15544,7978,7566,132,3153,72,60,0
70,70,0,1,0,1,0,2
6117,1224,4893,21,50,12,9,0
168,78,90,2,30,1,1,0
66,66,0,1,0,1,0,1
62,62,0,1,0,1,0,1
225,78,147,2,31,1,1,0
70,70,0,1,0,1,0,2
210,110,100,2,29,1,1,0
70,70,0,1,0,1,0,2
4586,955,3631,17,28,9,8,0
66,66,0,1,0,1,0,1
70,70,0,1,0,1,0,2
70,70,0,1,0,1,0,2
462,462,0,8,3633,8,0,0
196,102,94,2,31,1,1,0
66,66,0,1,0,1,0,1
70,70,0,1,0,1,0,2
62,62,0,1,0,1,0,1
11365,1278,10087,23,131,10,13,0
140,140,0,1,0,1,0,1
7488,1552,5936,23,46,13,10,0
66,66,0,1,0,1,0,2
214,102,112,2,30,1,1,0
66,66,0,1,0,1,0,2
2060,981,1079,21,15,11,10,0
6511,1866,4645,21,17,12,9,0
70,70,0,2,8,2,0,0
499,425,74,4,0,3,1,0
184,94,90,2,31,1,1,0
70,70,0,1,0,1,0,2
7725,2029,5696,23,136,13,10,0
136,136,0,3,14,3,0,0
66,66,0,1,0,1,0,1
2684,2550,134,7,16,5,2,0
62,62,0,1,0,1,0,1
66,66,0,1,0,1,0,1
62,62,0,1,0,1,0,1
4351,1444,2907,19,28,11,8,0
4491,2143,2348,24,30,12,12,0
70,70,0,1,0,1,0,2
209,110,99,2,30,1,1,0
240,76,164,2,30,1,1,0
159,159,0,1,0,1,0,1
186,95,91,2,30,1,1,0
60,60,0,1,0,1,0,1
70,70,0,2,8,2,0,0
193,102,91,2,30,1,1,0
66,66,0,1,0,1,0,1
481,150,331,2,1199,1,1,0
66,66,0,1,0,1,0,2
62,62,0,1,0,1,0,1
66,66,0,1,0,1,0,2
239,71,168,2,30,1,1,0
179,86,93,2,29,1,1,0
62,62,0,1,0,1,0,3
62,62,0,1,0,1,0,1
879,126,753,2,30,1,1,0
66,66,0,1,0,1,0,2
146,146,0,1,0,1,0,1
460,150,310,2,1200,1,1,0
70,70,0,1,0,1,0,2
70,70,0,1,0,1,0,2
146,146,0,1,0,1,0,1
616,414,202,5,1200,3,2,0
66,66,0,1,0,1,0,1
70,70,0,1,0,1,0,2
216,110,106,2,31,1,1,0
66,66,0,1,0,1,0,1
66,66,0,1,0,1,0,2
66,66,0,1,0,1,0,2
70,70,0,1,0,1,0,2
152,152,0,1,1200,1,0,0
70,70,0,1,0,1,0,2
66,66,0,1,0,1,0,1
70,70,0,1,0,1,0,2
62,62,0,1,0,1,0,1
953,524,429,11,256,6,5,0
98,98,0,1,0,1,0,1
892,126,766,2,30,1,1,0
47587,20536,27051,345,581,173,172,0
7924,3247,4677,32,71,19,13,0
70,70,0,1,0,1,0,2
60,60,0,1,0,1,0,1
6660,1542,5118,21,305,11,10,0
788,108,680,2,30,1,1,0
329,118,211,2,30,1,1,0
62,62,0,1,0,1,0,1
70,70,0,1,0,1,0,2
60,60,0,1,0,1,0,1
7452,1052,6400,20,22,11,9,0
82,82,0,1,0,1,0,1
70,70,0,1,0,1,0,2
62,62,0,1,0,1,0,1
199,102,97,2,30,1,1,0
193,102,91,2,30,1,1,0
146,146,0,1,0,1,0,1
70,70,0,1,0,1,0,2
70,70,0,1,0,1,0,2
62,62,0,1,0,1,0,1
62,62,0,1,0,1,0,1
70,70,0,1,0,1,0,2
62,62,0,1,0,1,0,1
760,97,663,2,30,1,1,0
62,62,0,1,0,1,0,1
177,94,83,2,30,1,1,0
499,425,74,4,0,3,1,0
179,94,85,2,30,1,1,0
711,87,624,2,30,1,1,0
177,94,83,2,30,1,1,0
182,93,89,2,31,1,1,0
313,94,219,2,29,1,1,0
345,345,0,1,0,1,0,1
70,70,0,1,0,1,0,2
64091,62467,1624,61,16,48,13,0
258,118,140,2,30,1,1,0
733,86,647,2,30,1,1,0
352,292,60,2,5,1,1,0
21445,1605,19840,36,255,19,17,0
145,145,0,1,0,1,0,1
411,115,296,4,38,2,2,0
816,102,714,2,30,1,1,0
499,425,74,4,1,3,1,0
735,88,647,2,30,1,1,0
66,66,0,1,0,1,0,1
180,94,86,2,30,1,1,0
66,66,0,1,0,1,0,1
62,62,0,1,0,1,0,1
66,66,0,1,0,1,0,1
210,102,108,2,30,1,1,0
62,62,0,1,0,1,0,1
66,66,0,1,0,1,0,2
177,94,83,2,30,1,1,0
192,98,94,2,30,1,1,0
62,62,0,1,0,1,0,1
66,66,0,1,0,1,0,1
7379,2268,5111,18,134,8,10,0
107838,4143,103695,178,15,59,119,0
60,60,0,1,0,1,0,1
460,150,310,2,1200,1,1,0
146,146,0,1,0,1,0,1
66,66,0,1,0,1,0,2
4514,2844,1670,29,84,14,15,0
168,86,82,2,31,1,1,0
199,102,97,2,29,1,1,0
262,78,184,2,30,1,1,0
70,70,0,1,0,1,0,2
3158,1159,1999,14,16,8,6,0
70,70,0,1,0,1,0,2
62,62,0,1,0,1,0,1
6926,828,6098,17,26,9,8,0
16401,10833,5568,32,362,18,14,0
183,94,89,2,30,1,1,0
12020,5977,6043,38,30,23,15,0
70,70,0,1,0,1,0,2
7794,2844,4950,26,29,16,10,0
62,62,0,1,0,1,0,1
70,70,0,1,0,1,0,2
1392,85,1307,4,12,2,2,0
279,96,183,4,59,2,2,0
66,66,0,1,0,1,0,2
146,146,0,1,0,1,0,1
11275,4454,6821,24,36,13,11,0
70,70,0,2,8,2,0,0
216,94,122,2,30,1,1,0
70,70,0,1,0,1,0,2
4020,1978,2042,16,66,9,7,0
70,70,0,2,8,2,0,0
62,62,0,1,0,1,0,1
8093,2068,6025,23,360,11,12,0
209,77,132,2,33,1,1,0
414,268,146,3,31,2,1,0
60,60,0,1,0,1,0,1
2274,1660,614,21,15,11,10,0
70,70,0,1,5,1,0,0
66,66,0,1,0,1,0,1
70,70,0,2,5,2,0,0
66,66,0,1,0,1,0,1
70,70,0,1,0,1,0,2
96018,5956,90062,107,20,41,66,0
499,425,74,4,0,3,1,0
199,94,105,2,31,1,1,0
200,102,98,2,30,1,1,0
145,145,0,1,0,1,0,1
330,330,0,6,3609,6,0,0
198,101,97,2,32,1,1,0
12060,3749,8311,42,17,23,19,0
103213,8726,94487,178,38,109,69,0
711,87,624,2,31,1,1,0
62,62,0,1,0,1,0,1
194,102,92,2,31,1,1,0
62,62,0,1,0,1,0,1
70,70,0,1,0,1,0,2
311,86,225,4,55,2,2,0
8559,5109,3450,23,160,12,11,0
62,62,0,1,0,1,0,1
70,70,0,1,0,1,0,2
49981,8331,41650,75,48,36,39,0
62,62,0,1,0,1,0,1
751,95,656,2,31,1,1,0
490,264,226,8,142,5,3,0
383,94,289,2,30,1,1,0
373053,9725,363328,374,45,129,245,0
6597,1798,4799,28,80,12,16,0
21950,3632,18318,46,140,20,26,0
82,82,0,1,5,1,0,0
184,94,90,2,31,1,1,0
66,66,0,1,0,1,0,2
66,66,0,1,0,1,0,1
268,120,148,5,10,3,2,0
202,103,99,2,31,1,1,0
70,70,0,1,0,1,0,2
499,425,74,4,0,3,1,0
499,425,74,4,0,3,1,0
10839,2145,8694,32,140,14,18,0
306,180,126,6,26,4,2,0
246,120,126,5,16,3,2,0
9619,879,8740,19,135,8,11,0
183,94,89,2,30,1,1,0
4380,1473,2907,19,29,11,8,0
62,62,0,1,0,1,0,1
1625,1038,587,14,25,8,6,0
193,102,91,2,31,1,1,0
211,78,133,2,30,1,1,0
62,62,0,1,0,1,0,1
4473,3398,1075,14,34,8,6,0
1630,126,1504,4,31,2,2,0
7074,2016,5058,26,187,13,13,0
156,156,0,3,8,3,0,0
197,102,95,2,30,1,1,0
70,70,0,2,8,2,0,0
2974,1352,1622,28,113,15,13,0
70,70,0,1,0,1,0,2
66,66,0,1,0,1,0,2
1638,1324,314,10,15,5,5,0
184,94,90,2,31,1,1,0
244,98,146,2,33,1,1,0
216,90,126,2,30,1,1,0
70,70,0,1,0,1,0,2
66,66,0,1,0,1,0,2
198,94,104,2,30,1,1,0
62,62,0,1,0,1,0,1
489,149,340,2,1200,1,1,0
234,234,0,4,11,4,0,0
62,62,0,1,0,1,0,1
213,102,111,2,30,1,1,0
66,66,0,1,0,1,0,2
9241,2001,7240,24,28,14,10,0
66,66,0,1,0,1,0,2
1346,918,428,10,22,6,4,0
62,62,0,1,0,1,0,1
184,94,90,2,30,1,1,0
168,78,90,2,29,1,1,0
192,98,94,2,31,1,1,0
60,60,0,1,0,1,0,1
70,70,0,1,0,1,0,1
70,70,0,1,0,1,0,2
70,70,0,1,0,1,0,2
70,70,0,1,0,1,0,2
268,110,158,2,31,1,1,0
66,66,0,1,0,1,0,2
146,146,0,1,0,1,0,1
70,70,0,1,0,1,0,2
490,210,280,8,28,4,4,0
70,70,0,1,0,1,0,2
146,146,0,1,0,1,0,1
21270,2178,19092,35,29,15,20,0
70,70,0,1,0,1,0,2
209,110,99,2,30,1,1,0
2648,1797,851,19,23,11,8,0
1514,1514,0,1,0,1,0,1
8906,1533,7373,32,58,16,16,0
6407,1101,5306,18,26,10,8,0
62,62,0,1,0,1,0,1
422,164,258,6,30,3,3,0
62,62,0,1,0,1,0,1
70,70,0,1,0,1,0,2
24419,8463,15956,49,19,25,24,0
2144,1519,625,9,29,6,3,0
177,94,83,2,29,1,1,0
478,292,186,5,30,3,2,0
320,140,180,6,6,3,3,0
593,188,405,6,59,3,3,0
150,150,0,2,1200,2,0,0
168,86,82,2,30,1,1,0
62,62,0,1,0,1,0,1
70,70,0,1,0,1,0,2
70,70,0,1,0,1,0,2
62,62,0,1,0,1,0,1
327,140,187,4,0,2,2,1
279,94,185,2,30,1,1,0
8007,1987,6020,20,15,11,9,0
146,146,0,1,0,1,0,1
62,62,0,1,0,1,0,1
16053,6801,9252,51,115,26,25,0
31111,6287,24824,62,247,25,37,0
70,70,0,1,0,1,0,2
4401,1494,2907,19,27,11,8,0
6865,1958,4907,21,16,13,8,0
235,98,137,2,30,1,1,0
181,94,87,2,30,1,1,0
70,70,0,1,0,1,0,2
5566,1444,4122,17,129,10,7,0
70,70,0,1,0,1,0,2
318,192,126,6,30,4,2,0
1049,975,74,6,15,5,1,0
179,94,85,2,31,1,1,0
66,66,0,1,0,1,0,2
70,70,0,2,8,2,0,0
1236,676,560,13,15,7,6,0
177,94,83,2,30,1,1,0
70,70,0,1,0,1,0,2
7814,2339,5475,26,316,12,14,0
167,86,81,2,30,1,1,0
70,70,0,1,0,1,0,2
146,146,0,1,0,1,0,1
70,70,0,1,0,1,0,2
66,66,0,1,0,1,0,1
66,66,0,1,0,1,0,2
62,62,0,1,0,1,0,1
70,70,0,1,0,1,0,2
70,70,0,1,0,1,0,2
62,62,0,1,0,1,0,1
1977,921,1056,9,15,5,4,0
758,320,438,11,16,6,5,0
5714,1536,4178,24,21,13,11,0
66,66,0,1,0,1,0,2
66,66,0,1,0,1,0,2
338,110,228,2,30,1,1,0
70,70,0,1,0,1,0,2
182,102,80,2,30,1,1,0
4330,1777,2553,18,122,9,9,0
1638,1324,314,10,15,5,5,0
145,145,0,1,0,1,0,1
177,94,83,2,29,1,1,0
70,70,0,1,0,1,0,2
146,146,0,1,0,1,0,1
66,66,0,1,5,1,0,0
70,70,0,1,0,1,0,2
70,70,0,1,0,1,0,2
66,66,0,1,0,1,0,1
195,79,116,2,31,1,1,0
62,62,0,1,0,1,0,1
1734,800,934,10,16,6,4,0
70,70,0,1,0,1,0,2
1056,569,487,10,24,6,4,0
211,110,101,2,31,1,1,0
145,145,0,1,0,1,0,1
254,128,126,5,15,3,2,0
19675,8597,11078,137,480,68,69,0
199,94,105,2,29,1,1,0
14933,1671,13262,31,66,15,16,0
62,62,0,1,0,1,0,1
70,70,0,1,0,1,0,2
184,94,90,2,31,1,1,0
70,70,0,1,4,1,0,0
216,110,106,2,30,1,1,0
199,102,97,2,31,1,1,0
330,118,212,2,30,1,1,0
66,66,0,1,0,1,0,2
194,102,92,2,30,1,1,0
66,66,0,1,0,1,0,2
70,70,0,1,0,1,0,2
70,70,0,1,0,1,0,2
204,70,134,4,25,2,2,0
10099,1721,8378,27,46,14,13,0
66,66,0,1,0,1,0,2
70,70,0,1,0,1,0,2
72,72,0,1,0,1,0,1
12578792,132594,12446198,10198,133,1845,8353,0
66,66,0,1,0,1,0,1
70,70,0,1,5,1,0,0
62,62,0,1,0,1,0,1
70,70,0,1,0,1,0,2
62,62,0,1,0,1,0,1
316,136,180,6,7,3,3,0
60,60,0,1,0,1,0,1
1647,1375,272,9,37,5,4,0
246,120,126,5,15,3,2,0
198,94,104,2,30,1,1,0
66,66,0,1,0,1,0,1
70,70,0,1,0,1,0,2
70,70,0,1,0,1,0,2
70,70,0,1,0,1,0,2
118,118,0,1,1200,1,0,0
199,102,97,2,31,1,1,0
66,66,0,1,0,1,0,1
1820,1101,719,18,73,10,8,0
387,94,293,4,51,2,2,0
66,66,0,1,0,1,0,1
499,425,74,4,0,3,1,0
62,62,0,1,0,1,0,1
66,66,0,1,0,1,0,2
70,70,0,1,0,1,0,2
247,78,169,2,30,1,1,0
66,66,0,1,0,1,0,1
70,70,0,1,0,1,0,2
70,70,0,1,0,1,0,2
70,70,0,1,0,1,0,2
146,146,0,1,0,1,0,1
188,96,92,2,31,1,1,0
62,62,0,1,0,1,0,1
62,62,0,1,0,1,0,1
70,70,0,1,0,1,0,2
146,146,0,1,0,1,0,1
66,66,0,1,0,1,0,1
70,70,0,1,5,1,0,0
198,102,96,2,30,1,1,0
70,70,0,1,0,1,0,2
70,70,0,1,0,1,0,2
3007,1354,1653,28,83,15,13,0
66,66,0,1,0,1,0,1
5935,342,5593,12,120,5,7,0
66,66,0,1,0,1,0,1
811,94,717,2,30,1,1,0
70,70,0,1,0,1,0,2
1638,1324,314,10,15,5,5,0
44110,4769,39341,90,108,46,44,0
199,94,105,2,30,1,1,0
66,66,0,1,0,1,0,1
180,94,86,2,30,1,1,0
12613,2946,9667,38,50,18,20,0
66,66,0,1,0,1,0,2
5628,1716,3912,26,109,16,10,0
62,62,0,1,0,1,0,1
66,66,0,1,0,1,0,1
404,259,145,3,32,2,1,0
168,86,82,2,30,1,1,0
66,66,0,1,0,1,0,1
7153,2581,4572,28,74,15,13,0
475,150,325,2,1200,1,1,0
66,66,0,1,0,1,0,2
2944,778,2166,10,120,5,5,0
8997,1155,7842,19,76,11,8,0
177,94,83,2,30,1,1,0
14057427,329652,13727775,13768,110,4655,9113,0
380,110,270,2,30,1,1,0
502,150,352,2,1200,1,1,0
229,71,158,2,31,1,1,0
200,94,106,2,29,1,1,0
502,115,387,4,52,2,2,0
194,102,92,2,30,1,1,0
66,66,0,1,5,1,0,0
62,62,0,1,0,1,0,1
62,62,0,1,0,1,0,1
66,66,0,1,0,1,0,1
70,70,0,1,0,1,0,2
184,102,82,2,30,1,1,0
254,128,126,5,16,3,2,0
326,134,192,2,30,1,1,0
5721,3240,2481,35,147,14,21,0
177,94,83,2,29,1,1,0
62,62,0,1,0,1,0,1
70,70,0,1,0,1,0,2
1019,644,375,10,37,6,4,0
66,66,0,1,0,1,0,1
62,62,0,1,0,1,0,1
402,142,260,2,30,1,1,0
66,66,0,2,7,2,0,0
26693,2059,24634,42,30,18,24,0
70,70,0,1,0,1,0,2
198,102,96,2,30,1,1,0
66,66,0,1,0,1,0,1
66,66,0,1,0,1,0,2
71,71,0,1,30,1,0,0
2227,1018,1209,17,16,8,9,0
60,60,0,1,0,1,0,1
66,66,0,1,0,1,0,1
62,62,0,1,0,1,0,3
216,110,106,2,31,1,1,0
146,146,0,1,0,1,0,1
5166,700,4466,16,15,7,9,0
62,62,0,1,0,1,0,1
66,66,0,1,0,1,0,1
198,101,97,2,31,1,1,0
90,90,0,1,0,1,0,1
66,66,0,1,0,1,0,2
24091,7349,16742,75,162,36,39,0
70,70,0,1,0,1,0,2
11466,1320,10146,22,135,10,12,0
70,70,0,1,0,1,0,2
38204,3737,34467,77,95,40,37,0
62,62,0,1,0,1,0,1
73277,3302,69975,102,16,52,50,0
179,94,85,2,30,1,1,0
66,66,0,1,0,1,0,2
492,306,186,8,16,5,3,0
62,62,0,1,0,1,0,1
70,70,0,1,0,1,0,2
70,70,0,1,0,1,0,2
183,94,89,2,30,1,1,0
213,79,134,2,32,1,1,0
62,62,0,1,0,1,0,1
1183,659,524,13,56,7,6,0
66,66,0,1,0,1,0,1
66,66,0,1,0,1,0,1
184,94,90,2,30,1,1,0
62,62,0,1,0,1,0,1
66,66,0,1,0,1,0,1
66,66,0,1,0,1,0,1
62,62,0,1,0,1,0,1
5021,2884,2137,14,135,7,7,0
593,473,120,4,15,2,2,0
70,70,0,1,0,1,0,2
184,94,90,2,31,1,1,0
5048,2345,2703,13,121,7,6,0
140969,40311,100658,180,68,92,88,0
312,140,172,4,30,2,2,0
269,78,191,2,30,1,1,0
145,145,0,1,0,1,0,1
70,70,0,1,0,1,0,2
249,94,155,2,31,1,1,0
789,110,679,2,30,1,1,0
70,70,0,1,0,1,0,2
146,146,0,1,0,1,0,1
200,102,98,2,31,1,1,0
186,64,122,4,28,2,2,0
70,70,0,1,4,1,0,0
196,94,102,2,30,1,1,0
197,102,95,2,32,1,1,0
70,70,0,1,0,1,0,2
62,62,0,1,0,1,0,1
966,480,486,17,29,9,8,0
5167,700,4467,16,15,7,9,0
10817,4402,6415,31,23,17,14,0
70,70,0,1,0,1,0,2
70,70,0,2,8,2,0,0
70,70,0,1,0,1,0,2
6915,882,6033,16,149,9,7,0
366,240,126,7,33,5,2,0
62,62,0,1,0,1,0,1
62,62,0,1,0,1,0,1
138,78,60,2,5,1,1,0
890,126,764,2,31,1,1,0
7057,2186,4871,25,316,13,12,0
66,66,0,1,0,1,0,1
14614,1935,12679,36,16,20,16,0
216,110,106,2,30,1,1,0
62,62,0,1,0,1,0,1
70,70,0,1,0,1,0,2
469,165,304,4,31,2,2,0
2500,531,1969,11,76,6,5,0
977,590,387,10,87,6,4,0
22187,14208,7979,52,130,25,27,0
213,94,119,2,29,1,1,0
333,102,231,2,29,1,1,0
66,66,0,1,0,1,0,2
179,94,85,2,30,1,1,0
160,69,91,2,120,1,1,0
182,93,89,2,0,1,1,0
62,62,0,1,0,1,0,1
70,70,0,1,0,1,0,2
5577,1390,4187,19,15,9,10,0
4617,1710,2907,19,26,11,8,0
70,70,0,1,0,1,0,2
181,94,87,2,30,1,1,0
841,715,126,5,15,3,2,0
177,94,83,2,30,1,1,0
66,66,0,1,0,1,0,2
66,66,0,1,0,1,0,1
62,62,0,1,0,1,0,1
1126,609,517,11,15,6,5,0
60,60,0,1,0,1,0,1
428,128,300,8,47,3,5,0
62,62,0,1,0,1,0,1
216,110,106,2,30,1,1,0
311,86,225,2,30,1,1,0
4838,2974,1864,21,17,13,8,0
168,78,90,2,29,1,1,0
200,102,98,2,30,1,1,0
182,94,88,2,30,1,1,0
70,70,0,1,0,1,0,2
70,70,0,1,0,1,0,2
70,70,0,1,5,1,0,0
1853,1214,639,18,134,11,7,0
66,66,0,1,0,1,0,1
70,70,0,1,0,1,0,2
20513,1960,18553,39,21,18,21,0
304,101,203,4,38,2,2,0
172,172,0,2,5,2,0,0
269,78,191,2,31,1,1,0
70,70,0,1,0,1,0,2
66,66,0,1,0,1,0,1
193,102,91,2,31,1,1,0
2088,472,1616,15,155,3,12,0
62,62,0,1,0,1,0,1
167,86,81,2,30,1,1,0
70,70,0,1,0,1,0,2
62,62,0,1,0,1,0,1
7202,2596,4606,24,83,12,12,0
11880,1972,9908,29,78,15,14,0
157,157,0,1,0,1,0,1
130,70,60,2,6,1,1,0
552,306,246,9,15,5,4,0
129824,16359,113465,185,459,79,106,0
66,66,0,1,0,1,0,1
732,89,643,2,30,1,1,0
256,87,169,2,30,1,1,0
66,66,0,1,0,1,0,2
70,70,0,1,0,1,0,2
62,62,0,1,0,1,0,1
70,70,0,1,0,1,0,1
193,102,91,2,29,1,1,0
142,142,0,1,5,1,0,0
351,94,257,2,30,1,1,0
66,66,0,1,0,1,0,1
183,94,89,2,31,1,1,0
66,66,0,1,0,1,0,1
166136,7244,158892,202,149,76,126,0
3050,1659,1391,16,15,9,7,0
14559,2721,11838,31,16,17,14,0
184,94,90,2,30,1,1,0
66,66,0,1,0,1,0,1
5252,3392,1860,22,316,12,10,0
70,70,0,1,0,1,0,2
70,70,0,1,0,1,0,2
1638,829,809,18,43,10,8,0
200,102,98,2,30,1,1,0
196,102,94,2,29,1,1,0
195,102,93,2,30,1,1,0
70,70,0,1,0,1,0,2
464,99,365,4,39,2,2,0
70,70,0,1,0,1,0,2
5301,953,4348,17,28,9,8,0
749,94,655,2,30,1,1,0
100090,8304,91786,135,127,50,85,0
70,70,0,1,5,1,0,0
287,94,193,2,29,1,1,0
823,98,725,2,30,1,1,0
847,110,737,2,30,1,1,0
66,66,0,1,0,1,0,2
9976,3230,6746,22,58,13,9,0
1648,813,835,17,186,9,8,0
66,66,0,1,0,1,0,1
66,66,0,1,0,1,0,2
422,164,258,6,30,3,3,0
62,62,0,1,0,1,0,1
66,66,0,1,0,1,0,1
70,70,0,1,5,1,0,0
66,66,0,1,0,1,0,1
771,101,670,2,31,1,1,0
66,66,0,1,0,1,0,2
70,70,0,1,0,1,0,2
70,70,0,1,0,1,0,2
60339,4689,55650,79,47,35,44,0
748,94,654,2,30,1,1,0
66,66,0,1,0,1,0,2
1963,1067,896,11,15,6,5,0
969,86,883,2,30,1,1,0
66,66,0,1,0,1,0,1
5515,1388,4127,18,15,9,9,0
70,70,0,1,0,1,0,2
7889,1900,5989,20,15,11,9,0
330,228,102,3,33,2,1,0
62,62,0,1,0,1,0,1
70,70,0,1,0,1,0,2
193,102,91,2,31,1,1,0
220,100,120,2,31,1,1,0
78,78,0,1,0,1,0,1
4856,1587,3269,17,138,9,8,0
62,62,0,1,0,1,0,1
194,102,92,2,30,1,1,0
70,70,0,1,4,1,0,0
506,292,214,8,50,5,3,0
66,66,0,1,0,1,0,1
77504,4494,73010,112,200,54,58,0
757,98,659,2,31,1,1,0
8361,2182,6179,26,40,15,11,0
66,66,0,1,0,1,0,1
66,66,0,1,0,1,0,2
177,94,83,2,30,1,1,0
316,136,180,6,6,3,3,0
1350,689,661,14,18,8,6,0
66,66,0,1,0,1,0,2
62,62,0,1,0,1,0,1
7259,3893,3366,34,236,18,16,0
272822,10124,262698,330,81,126,204,0
66,66,0,1,0,1,0,1
62,62,0,1,0,1,0,1
234,234,0,1,0,1,0,1
4489,2046,2443,23,121,11,12,0
154,94,60,2,5,1,1,0
66,66,0,1,0,1,0,1
184,94,90,2,30,1,1,0
900,126,774,2,31,1,1,0
165,86,79,2,30,1,1,0
66,66,0,1,0,1,0,2
183,94,89,2,31,1,1,0
8447,3506,4941,28,333,15,13,0
62,62,0,1,0,1,0,1
66,66,0,1,0,1,0,1
2782,1778,1004,20,33,10,10,0
658,186,472,6,51,3,3,0
819,102,717,2,30,1,1,0
755,94,661,2,31,1,1,0
186,95,91,2,30,1,1,0
146,146,0,1,0,1,0,1
1462,864,598,11,144,6,5,0
1516,481,1035,11,15,6,5,0
14754,7879,6875,37,231,20,17,0
193,102,91,2,30,1,1,0
396,102,294,2,30,1,1,0
215,80,135,2,32,1,1,0
634,568,66,8,29,7,1,0
62,62,0,1,0,1,0,1
70,70,0,1,0,1,0,2
70,70,0,1,5,1,0,0
15505,6180,9325,50,30,25,25,0
168,78,90,2,30,1,1,0
62,62,0,1,0,1,0,1
716,95,621,2,30,1,1,0
70,70,0,1,0,1,0,2
267,93,174,4,46,2,2,0
70,70,0,1,0,1,0,2
320,140,180,6,5,3,3,0
66,66,0,1,0,1,0,2
2526,843,1683,12,255,7,5,0
8198,656,7542,19,327,5,14,0
70,70,0,1,0,1,0,2
70,70,0,1,0,1,0,2
193,102,91,2,30,1,1,0
272,93,179,4,33,2,2,0
166,86,80,2,29,1,1,0
184,102,82,2,30,1,1,0
214,110,104,2,29,1,1,0
70,70,0,1,0,1,0,2
3054,1741,1313,20,27,8,12,0
184,94,90,2,31,1,1,0
66,66,0,1,0,1,0,2
528,528,0,9,1199,9,0,0
181,98,83,2,31,1,1,0
560,199,361,6,82,3,3,0
8384,2161,6223,24,255,12,12,0
183,94,89,2,30,1,1,0
505070,16437,488633,543,45,187,356,0
9022,1416,7606,25,31,11,14,0
62,62,0,1,0,1,0,1
372,186,186,6,15,3,3,0
263,102,161,2,29,1,1,0
86,86,0,1,30,1,0,0
166,86,80,2,30,1,1,0
878,126,752,2,30,1,1,0
130,70,60,2,6,1,1,0
94,94,0,1,30,1,0,0
1356,300,1056,6,1200,3,3,0
66,66,0,1,0,1,0,1
70,70,0,1,0,1,0,2
183,94,89,2,30,1,1,0
8315,820,7495,18,15,9,9,0
70,70,0,1,0,1,0,2
15567,1944,13623,40,81,17,23,0
330,330,0,6,3609,6,0,0
70,70,0,1,4,1,0,0
70,70,0,1,0,1,0,2
318,192,126,6,42,4,2,0
66,66,0,1,0,1,0,1
62,62,0,1,0,1,0,1
145,145,0,1,0,1,0,1
66,66,0,1,0,1,0,1
70,70,0,1,0,1,0,2
177,94,83,2,31,1,1,0
70,70,0,1,0,1,0,2
7741,1614,6127,21,77,11,10,0
66,66,0,1,0,1,0,2
70,70,0,1,0,1,0,2
414,268,146,3,32,2,1,0
70,70,0,1,0,1,0,2
66,66,0,1,0,1,0,2
139,139,0,1,0,1,0,1
181627,17128,164499,277,15,79,198,0
9434,9434,0,11,30,11,0,0
758,102,656,2,30,1,1,0
70,70,0,1,0,1,0,2
297,101,196,4,31,2,2,0
70,70,0,1,0,1,0,2
193,102,91,2,31,1,1,0
66,66,0,1,0,1,0,1
70,70,0,1,0,1,0,2
70,70,0,1,0,1,0,2
62,62,0,1,0,1,0,1
210,110,100,2,30,1,1,0
499,425,74,4,0,3,1,0
66,66,0,1,0,1,0,2
70,70,0,1,0,1,0,2
70,70,0,1,0,1,0,2
199,94,105,2,30,1,1,0
2604,848,1756,13,136,7,6,0
7653,1226,6427,24,18,14,10,0
70,70,0,1,0,1,0,2
66,66,0,1,0,1,0,1
177,94,83,2,30,1,1,0
4322,2383,1939,29,124,17,12,0
3354,1792,1562,46,192,23,23,0
7978,1143,6835,19,26,9,10,0
498,498,0,1,0,1,0,1
62,62,0,1,0,1,0,1
70,70,0,1,0,1,0,2
756,95,661,2,31,1,1,0
244,98,146,2,33,1,1,0
216,89,127,2,30,1,1,0
4383,2064,2319,11,120,6,5,0
6431,1792,4639,22,80,13,9,0
280,140,140,5,129,3,2,0
293,94,199,4,43,2,2,0
9479,3507,5972,24,16,12,12,0
70,70,0,1,0,1,0,2
42910,5005,37905,72,136,36,36,0
70,70,0,1,0,1,0,2
560,280,280,9,34,5,4,0
70,70,0,1,0,1,0,2
66,66,0,1,0,1,0,2
70,70,0,1,0,1,0,2
153,93,60,2,5,1,1,0
2541,689,1852,13,60,8,5,0
70,70,0,1,0,1,0,2
293,223,70,4,1,3,1,3
66,66,0,1,0,1,0,2
66,66,0,1,0,1,0,2
5955,728,5227,17,15,8,9,0
177,94,83,2,30,1,1,0
146,146,0,1,0,1,0,1
62,62,0,1,0,1,0,1
6196,1417,4779,21,665,11,10,0
424,210,214,7,131,4,3,0
70,70,0,1,0,1,0,2
66,66,0,1,0,1,0,1
70,70,0,1,0,1,0,2
70,70,0,1,0,1,0,2
62,62,0,1,0,1,0,1
257,102,155,2,29,1,1,0
66,66,0,1,0,1,0,2
4028,2584,1444,18,80,10,8,0
62,62,0,1,0,1,0,1
70,70,0,2,8,2,0,0
7848,2137,5711,23,25,13,10,0
2350,896,1454,13,25,7,6,0
281,78,203,2,31,1,1,0
210,110,100,2,30,1,1,0
146,146,0,1,0,1,0,1
70,70,0,1,0,1,0,2
66,66,0,1,0,1,0,2
322,102,220,2,30,1,1,0
66,66,0,1,0,1,0,2
70,70,0,1,0,1,0,2
178,94,84,2,30,1,1,0
168,86,82,2,30,1,1,0
60,60,0,1,90,1,0,0
70,70,0,1,0,1,0,2
210,110,100,2,30,1,1,0
146,146,0,1,0,1,0,1
4050,2838,1212,14,16,7,7,0
66,66,0,1,0,1,0,2
70,70,0,1,0,1,0,2
424,198,226,7,142,4,3,0
8075,4109,3966,42,91,19,23,0
7425,2276,5149,24,16,12,12,0
481,150,331,2,1200,1,1,0
62,62,0,1,0,1,0,1
752,93,659,2,31,1,1,0
6677,1097,5580,21,25,11,10,0
1213,821,392,8,15,6,2,0
210,78,132,2,29,1,1,0
215,102,113,2,30,1,1,0
190,70,120,4,15,2,2,0
495428,22440,472988,692,106,316,376,0
9873,2384,7489,25,242,14,11,0
8488,2174,6314,23,255,12,11,0
70,70,0,1,0,1,0,2
70,70,0,1,0,1,0,2
145,145,0,1,0,1,0,1
70,70,0,2,8,2,0,0
2205,815,1390,13,16,7,6,0
62,62,0,1,0,1,0,1
388,95,293,4,32,2,2,0
216,98,118,2,30,1,1,0
70,70,0,1,0,1,0,2
70,70,0,1,5,1,0,0
62,62,0,1,0,1,0,1
150,150,0,1,1199,1,0,0
66,66,0,1,0,1,0,1
66,66,0,1,0,1,0,2
66,66,0,1,0,1,0,1
62,62,0,1,0,1,0,1
60,60,0,1,5,1,0,0
70,70,0,2,7,2,0,0
7015200,135026,6880174,6063,438,1252,4811,0
66,66,0,1,0,1,0,1
66,66,0,1,0,1,0,1
62,62,0,1,0,1,0,1
217,87,130,2,30,1,1,0
70,70,0,1,0,1,0,2
3425,1470,1955,16,17,8,8,0
6015,4418,1597,38,246,22,16,0
66,66,0,1,0,1,0,2
86,86,0,1,0,1,0,1
15125,2482,12643,53,38,27,26,0
6617,1705,4912,24,331,11,13,0
216,110,106,2,30,1,1,0
70,70,0,1,0,1,0,2
66,66,0,1,0,1,0,2
166,166,0,1,1199,1,0,0
62,62,0,1,0,1,0,1
196,102,94,2,31,1,1,0
499,425,74,4,0,3,1,0
62,62,0,1,0,1,0,1
70,70,0,2,8,2,0,0
70,70,0,1,0,1,0,2
70,70,0,1,0,1,0,2
8332,3418,4914,31,95,17,14,0
7778,1724,6054,29,17,16,13,0
66,66,0,1,0,1,0,2
4400,1493,2907,19,29,11,8,0
179,94,85,2,30,1,1,0
233,90,143,2,32,1,1,0
1191,692,499,12,39,7,5,0
212,108,104,2,31,1,1,0
768,99,669,2,30,1,1,0
195,102,93,2,31,1,1,0
66,66,0,1,0,1,0,2
62,62,0,1,0,1,0,1
70,70,0,1,4,1,0,0
62,62,0,1,0,1,0,1
66,66,0,1,0,1,0,2
11412,1763,9649,27,110,13,14,0
66,66,0,1,0,1,0,2
6356,979,5377,19,27,10,9,0
66,66,0,1,0,1,0,1
66,66,0,1,0,1,0,1
70,70,0,1,0,1,0,2
66,66,0,1,0,1,0,1
70,70,0,1,0,1,0,2
168,78,90,2,30,1,1,0
1149,412,737,8,17,5,3,0
66,66,0,1,0,1,0,2
66,66,0,1,0,1,0,1
62,62,0,1,0,1,0,1
70,70,0,2,8,2,0,0
168,86,82,2,30,1,1,0
62,62,0,1,0,1,0,1
70,70,0,1,0,1,0,2
70,70,0,1,0,1,0,2
70,70,0,1,0,1,0,2
991,483,508,9,181,5,4,0
70,70,0,1,0,1,0,2
70,70,0,1,0,1,0,2
62,62,0,1,0,1,0,1
214,102,112,2,30,1,1,0
460,84,376,4,46,2,2,0
70,70,0,1,0,1,0,2
70,70,0,1,0,1,0,2
66,66,0,1,0,1,0,2
8480,2451,6029,21,17,12,9,0
198481,12339,186142,247,64,112,135,0
10624,6845,3779,50,123,25,25,0
70,70,0,1,5,1,0,0
66,66,0,1,0,1,0,2
250,86,164,2,30,1,1,0
331,331,0,1,0,1,0,1
66,66,0,1,0,1,0,1
7915,1634,6281,25,315,11,14,0
70,70,0,1,0,1,0,1
62,62,0,1,0,1,0,1
66,66,0,1,0,1,0,1
190,70,120,4,15,2,2,0
190,70,120,4,16,2,2,0
184,94,90,2,30,1,1,0
61501,14276,47225,91,35,39,52,0
116790,7062,109728,166,144,85,81,0
197,102,95,2,30,1,1,0
2878,1252,1626,16,361,9,7,0
66,66,0,1,0,1,0,2
177,94,83,2,30,1,1,0
384,384,0,7,34,7,0,0
304,86,218,2,30,1,1,0
146,146,0,1,0,1,0,1
199,94,105,2,29,1,1,0
66,66,0,1,0,1,0,1
320,97,223,4,50,2,2,0
764,102,662,2,30,1,1,0
54219,1884,52335,61,37,23,38,0
70,70,0,1,0,1,0,2
199,102,97,2,29,1,1,0
177,94,83,2,30,1,1,0
145,145,0,1,0,1,0,1
70,70,0,1,0,1,0,2
313,97,216,4,56,2,2,0
70,70,0,1,0,1,0,2
7940,1951,5989,20,16,11,9,0
70,70,0,1,0,1,0,2
66,66,0,1,0,1,0,1
66,66,0,1,0,1,0,2
858,126,732,2,31,1,1,0
2497156,63601,2433555,2465,17,852,1613,0
5179,2934,2245,25,32,13,12,0
196,102,94,2,31,1,1,0
66,66,0,1,0,1,0,2
130,70,60,2,15,1,1,0
70,70,0,1,0,1,0,2
70,70,0,1,0,1,0,2
33980,7386,26594,51,121,22,29,0
70,70,0,1,5,1,0,0
70,70,0,2,7,2,0,0
70,70,0,1,0,1,0,2
167,78,89,2,30,1,1,0
130,70,60,2,15,1,1,0
70,70,0,1,4,1,0,0
66,66,0,1,0,1,0,2
268,94,174,2,30,1,1,0
62,62,0,1,0,1,0,1
190,97,93,2,31,1,1,0
130,70,60,3,5,2,1,0
70,70,0,1,0,1,0,2
573,499,74,6,15,5,1,0
70,70,0,1,0,1,0,2
146,146,0,1,0,1,0,1
62,62,0,1,0,1,0,1
70,70,0,1,0,1,0,2
70,70,0,1,0,1,0,2
66,66,0,1,0,1,0,2
62,62,0,1,0,1,0,1
237,98,139,2,30,1,1,0
70,70,0,1,0,1,0,2
642,582,60,2,5,1,1,0
70,70,0,1,0,1,0,2
177,94,83,2,30,1,1,0
258,78,180,2,30,1,1,0
62,62,0,1,0,1,0,1
62,62,0,1,0,1,0,1
199,102,97,2,30,1,1,0
193,102,91,2,30,1,1,0
70,70,0,1,0,1,0,1
60,60,0,1,0,1,0,1
70,70,0,1,0,1,0,2
70,70,0,1,0,1,0,2
6676,1074,5602,22,84,12,10,0
438,180,258,6,30,3,3,0
70,70,0,1,0,1,0,2
494,288,206,8,26,5,3,0
70,70,0,1,0,1,0,2
177,94,83,2,31,1,1,0
9959,2430,7529,27,46,16,11,0
70,70,0,1,0,1,0,2
66,66,0,1,0,1,0,1
213,87,126,2,30,1,1,0
8292,2164,6128,31,120,17,14,0
161,161,0,2,1200,2,0,0
181,98,83,2,31,1,1,0
146,146,0,1,0,1,0,1
66,66,0,1,0,1,0,2
166,166,0,1,1200,1,0,0
7419,2136,5283,23,255,11,12,0
184,86,98,2,29,1,1,0
70,70,0,1,0,1,0,2
146,146,0,1,0,1,0,1
94,94,0,1,30,1,0,0
62,62,0,1,0,1,0,1
223,94,129,2,29,1,1,0
148,148,0,1,0,1,0,1
168,86,82,2,32,1,1,0
70,70,0,1,0,1,0,2
184,94,90,2,30,1,1,0
70,70,0,1,0,1,0,2
239,110,129,2,30,1,1,0
263411,11905,251506,318,144,118,200,0
70,70,0,1,0,1,0,2
11460,2522,8938,19,122,9,10,0
66,66,0,1,0,1,0,2
70,70,0,1,0,1,0,2
339,100,239,4,51,2,2,0
70,70,0,1,0,1,0,2
66,66,0,1,0,1,0,1
200,102,98,2,30,1,1,0
265,114,151,2,30,1,1,0
371295,17988,353307,571,40,233,338,0
62,62,0,1,0,1,0,1
60,60,0,1,0,1,0,1
210,110,100,2,30,1,1,0
70,70,0,1,0,1,0,2
66,66,0,1,0,1,0,1
6109,3363,2746,60,615,33,27,0
70,70,0,1,0,1,0,2
60,60,0,1,0,1,0,1
66,66,0,1,5,1,0,0
177,94,83,2,30,1,1,0
202,103,99,2,31,1,1,0
66,66,0,1,0,1,0,2
816,102,714,2,29,1,1,0
235873,12126,223747,306,31,154,152,0
10905,4352,6553,30,18,18,12,0
327,102,225,2,30,1,1,0
402,118,284,2,29,1,1,0
255,88,167,4,53,2,2,0
70,70,0,1,0,1,0,2
7701,3981,3720,27,70,12,15,0
181,94,87,2,30,1,1,0
195,102,93,2,30,1,1,0
749,94,655,2,30,1,1,0
66,66,0,1,0,1,0,2
70,70,0,1,0,1,0,2
374,192,182,7,61,4,3,0
60,60,0,1,0,1,0,1
2898,2047,851,19,22,11,8,0
66,66,0,1,0,1,0,1
66,66,0,1,0,1,0,2
70,70,0,1,0,1,0,2
132,70,62,2,31,1,1,0
70,70,0,1,0,1,0,2
1088,641,447,10,25,6,4,0
70,70,0,1,0,1,0,2
70,70,0,1,0,1,0,2
15670,12575,3095,51,37,30,21,0
78,78,0,1,0,1,0,1
10423067,111935,10311132,8558,119,1601,6957,0
422,164,258,6,30,3,3,0
70,70,0,1,0,1,0,2
70,70,0,1,0,1,0,2
66,66,0,1,0,1,0,1
3990,1296,2694,17,158,9,8,0
60,60,0,1,0,1,0,1
146,146,0,1,0,1,0,1
70,70,0,1,4,1,0,0
62,62,0,1,0,1,0,1
66,66,0,1,0,1,0,2
70,70,0,1,0,1,0,2
5337,1085,4252,14,76,8,6,0
62,62,0,1,0,1,0,1
139,139,0,1,5,1,0,0
478996,13760,465236,490,16,171,319,0
62,62,0,1,0,1,0,1
7764,1734,6030,23,20,13,10,0
62,62,0,1,0,1,0,1
62,62,0,1,0,1,0,1
183394,7389,176005,219,108,87,132,0
66,66,0,1,0,1,0,2
1440,956,484,15,36,8,7,0
60,60,0,1,0,1,0,1
15368,8643,6725,36,49,19,17,0
70,70,0,1,0,1,0,2
82,82,0,1,30,1,0,0
70,70,0,1,0,1,0,2
7942,1953,5989,20,15,11,9,0
70,70,0,1,0,1,0,2
752,93,659,2,31,1,1,0
177,94,83,2,30,1,1,0
210,110,100,2,29,1,1,0
66,66,0,1,0,1,0,1
70,70,0,1,0,1,0,2
70,70,0,1,0,1,0,2
226,86,140,2,29,1,1,0
240,98,142,2,30,1,1,0
62,62,0,1,0,1,0,1
11216,2684,8532,28,163,11,17,0
5930,910,5020,18,56,9,9,0
15097,2888,12209,40,28,20,20,0
54304,27807,26497,227,175,113,114,0
66,66,0,1,0,1,0,2
62,62,0,1,0,1,0,1
213,82,131,2,30,1,1,0
66,66,0,1,0,1,0,1
164,78,86,2,30,1,1,0
146,146,0,1,0,1,0,1
68,68,0,1,0,1,0,1
70,70,0,1,0,1,0,2
48705,7643,41062,146,256,77,69,0
6412,1370,5042,19,129,9,10,0
190,97,93,2,30,1,1,0
29263,2432,26831,36,31,13,23,0
7051,5086,1965,32,100,18,14,0
199,102,97,2,30,1,1,0
168,78,90,2,31,1,1,0
490,150,340,2,1200,1,1,0
66,66,0,1,0,1,0,1
1083,653,430,8,15,5,3,0
5097,2196,2901,36,25,18,18,0
8300,3581,4719,25,19,15,10,0
66,66,0,1,0,1,0,2
66,66,0,1,0,1,0,1
66,66,0,1,0,1,0,2
70,70,0,1,0,1,0,2
180,94,86,2,30,1,1,0
62,62,0,1,0,1,0,1
70,70,0,1,0,1,0,2
70,70,0,2,8,2,0,0
118813,4128,114685,122,108,38,84,0
183,94,89,2,29,1,1,0
66,66,0,1,0,1,0,1
3888,1169,2719,13,136,6,7,0
523,85,438,4,31,2,2,0
6978,1169,5809,22,163,12,10,0
14125,3827,10298,33,45,18,15,0
66,66,0,1,0,1,0,1
86,86,0,1,30,1,0,0
66,66,0,1,0,1,0,1
261234,32183,229051,326,212,153,173,0
7431,2753,4678,40,18,21,19,0
62,62,0,1,0,1,0,1
392,86,306,2,30,1,1,0
70,70,0,1,0,1,0,2
66,66,0,1,0,1,0,1
194,94,100,2,30,1,1,0
17248,1619,15629,26,25,11,15,0
1665,923,742,7,32,4,3,0
199,94,105,2,29,1,1,0
74,74,0,1,0,1,0,1
7512,2276,5236,39,94,21,18,0
299,97,202,4,44,2,2,0
466,392,74,4,0,3,1,0
62,62,0,1,0,1,0,1
43476,3775,39701,67,397,28,39,0
1367,664,703,16,1200,9,7,0
70,70,0,1,0,1,0,2
70,70,0,1,0,1,0,2
864,126,738,2,31,1,1,0
146,146,0,1,0,1,0,1
66,66,0,1,0,1,0,2
832,106,726,2,30,1,1,0
70,70,0,1,0,1,0,2
74,74,0,1,0,1,0,1
1563,570,993,10,16,6,4,0
765,102,663,2,30,1,1,0
214,78,136,2,30,1,1,0
70,70,0,1,0,1,0,2
459,149,310,2,1201,1,1,0
70,70,0,1,0,1,0,2
209,110,99,2,30,1,1,0
66,66,0,1,5,1,0,0
78,78,0,1,0,1,0,1
548903,4452,544451,440,20,58,382,0
1270,697,573,15,33,8,7,0
184,94,90,2,31,1,1,0
7914400,166459,7747941,6839,775,1138,5701,0
2642442,95056,2547386,2730,3629,999,1731,0
216,88,128,2,30,1,1,0
60,60,0,1,0,1,0,1
356,88,268,4,55,2,2,0
66,66,0,1,0,1,0,1
882,126,756,2,30,1,1,0
70,70,0,1,0,1,0,2
94,94,0,1,30,1,0,0
215,94,121,2,30,1,1,0
300,97,203,4,36,2,2,0
74,74,0,1,0,1,0,1
70,70,0,1,5,1,0,0
343,94,249,2,30,1,1,0
2960,432,2528,11,15,6,5,0
314,192,122,6,15,4,2,0
70,70,0,1,0,1,0,2
192,98,94,2,31,1,1,0
70,70,0,1,0,1,0,2
731,91,640,2,31,1,1,0
320,320,0,1,0,1,0,1
214,110,104,2,30,1,1,0
166,166,0,1,1200,1,0,0
9928,5183,4745,34,134,17,17,0
173,94,79,2,30,1,1,0
237,78,159,2,30,1,1,0
148,148,0,1,0,1,0,1
66,66,0,1,0,1,0,1
70,70,0,1,0,1,0,2
200,102,98,2,31,1,1,0
758,320,438,11,20,6,5,0
66,66,0,1,0,1,0,1
66,66,0,1,0,1,0,1
1579,1217,362,8,15,5,3,0
782,105,677,2,30,1,1,0
1484,1484,0,1,0,1,0,1
62,62,0,1,0,1,0,1
464,287,177,3,30,2,1,0
62,62,0,1,0,1,0,1
253,99,154,2,30,1,1,0
499,425,74,4,0,3,1,0
5959,1709,4250,27,1211,15,12,0
178,94,84,2,29,1,1,0
70,70,0,1,0,1,0,2
66,66,0,1,0,1,0,2
193,102,91,2,30,1,1,0
168,78,90,2,30,1,1,0
188,96,92,2,30,1,1,0
66,66,0,1,0,1,0,1
199,86,113,2,31,1,1,0
214,140,74,4,15,3,1,0
62,62,0,1,0,1,0,1
70,70,0,1,0,1,0,2
60,60,0,1,0,1,0,1
774,101,673,2,31,1,1,0
146,146,0,1,0,1,0,1
70,70,0,1,5,1,0,0
6318,2030,4288,25,270,12,13,0
183,94,89,2,29,1,1,0
70,70,0,1,5,1,0,0
66,66,0,1,0,1,0,1
244,98,146,2,32,1,1,0
6364,1147,5217,19,24,11,8,0
196,102,94,2,31,1,1,0
66,66,0,1,0,1,0,2
378,180,198,7,53,4,3,0
183,94,89,2,30,1,1,0
70,70,0,1,0,1,0,2
60,60,0,1,0,1,0,1
15578,7071,8507,69,140,33,36,0
70,70,0,1,0,1,0,2
66,66,0,1,0,1,0,2
34653,2523,32130,65,83,26,39,0
66,66,0,1,5,1,0,0
70,70,0,1,0,1,0,2
9842,2224,7618,20,122,10,10,0
183,94,89,2,31,1,1,0
7166,2377,4789,16,122,7,9,0
60,60,0,1,0,1,0,1
3102,1551,1551,16,16,8,8,0
188,96,92,2,30,1,1,0
8367,3945,4422,81,616,42,39,0
193,102,91,2,31,1,1,0
420340,15216,405124,441,376,163,278,0
924,924,0,3,30,3,0,0
196,94,102,2,30,1,1,0
179,94,85,2,31,1,1,0
4650,3116,1534,19,44,10,9,0
62,62,0,1,0,1,0,1
66,66,0,1,0,1,0,1
286,102,184,4,45,2,2,0
66,66,0,1,0,1,0,1
8216,2269,5947,42,106,25,17,0
268,87,181,4,35,2,2,0
2338,1407,931,18,200,10,8,0
1134,465,669,9,18,6,3,0
66,66,0,1,0,1,0,1
204,118,86,2,31,1,1,0
70,70,0,1,0,1,0,2
66,66,0,1,0,1,0,2
190,97,93,2,31,1,1,0
330,330,0,6,1199,6,0,0
66,66,0,1,0,1,0,1
60,60,0,1,0,1,0,1
70,70,0,2,8,2,0,0
70,70,0,1,0,1,0,2
70,70,0,1,0,1,0,2
209,110,99,2,29,1,1,0
258,70,188,4,8,2,2,0
7797,1808,5989,20,14,11,9,0
254,78,176,2,30,1,1,0
183,94,89,2,30,1,1,0
66,66,0,1,0,1,0,1
130,70,60,2,14,1,1,0
60,60,0,1,0,1,0,1
7375,1549,5826,31,353,10,21,0
70,70,0,1,0,1,0,2
70,70,0,1,0,1,0,2
143,143,0,1,0,1,0,1
146,146,0,1,0,1,0,1
3486,924,2562,13,122,6,7,0
161,161,0,1,0,1,0,1
198,102,96,2,29,1,1,0
23915,14776,9139,66,136,35,31,0
70,70,0,1,0,1,0,2
70,70,0,1,0,1,0,2
39464,2150,37314,81,20,26,55,0
396,396,0,7,3616,7,0,0
62,62,0,1,0,1,0,1
161,161,0,2,1199,2,0,0
62,62,0,1,0,1,0,1
8439,1840,6599,21,127,11,10,0
70,70,0,1,0,1,0,2
881,126,755,2,31,1,1,0
3647,1221,2426,13,135,6,7,0
881,126,755,2,30,1,1,0
83,83,0,1,0,1,0,1
183,94,89,2,30,1,1,0
9687,5105,4582,30,298,16,14,0
9415,3482,5933,57,16,29,28,0
701,88,613,2,30,1,1,0
481,150,331,2,1200,1,1,0
86,86,0,1,29,1,0,0
70,70,0,1,0,1,0,2
70,70,0,1,0,1,0,2
233,90,143,2,33,1,1,0
62,62,0,1,0,1,0,1
868,150,718,4,1200,2,2,0
8057,2037,6020,20,15,11,9,0
60,60,0,1,0,1,0,1
66,66,0,1,0,1,0,1
70,70,0,1,0,1,0,2
579,181,398,6,84,3,3,0
168,86,82,2,30,1,1,0
1384,88,1296,4,32,2,2,0
233,90,143,2,33,1,1,0
70,70,0,1,0,1,0,2
62,62,0,1,0,1,0,1
78,78,0,1,5,1,0,0
90,90,0,1,0,1,0,1
215,80,135,2,32,1,1,0
1626,126,1500,4,30,2,2,0
1727,926,801,15,30,7,8,0
60,60,0,1,0,1,0,1
66,66,0,1,0,1,0,1
499,425,74,4,0,3,1,0
1394,733,661,14,80,8,6,0
16541,4900,11641,62,131,26,36,0
4521,2256,2265,15,135,7,8,0
247,98,149,2,32,1,1,0
2306,1112,1194,23,76,12,11,0
7169,1715,5454,18,325,9,9,0
66,66,0,1,0,1,0,1
70,70,0,1,0,1,0,2
70,70,0,1,0,1,0,2
760,97,663,2,30,1,1,0
66,66,0,1,0,1,0,1
66,66,0,1,0,1,0,1
9055,2404,6651,24,126,13,11,0
316,136,180,6,9,3,3,0
66,66,0,1,0,1,0,2
184,94,90,2,30,1,1,0
78,78,0,1,0,1,0,1
70,70,0,1,0,1,0,1
146,146,0,1,0,1,0,1
194,87,107,2,30,1,1,0
159,159,0,1,0,1,0,3
859,126,733,2,29,1,1,0
17449456,390704,17058752,16816,383,4917,11899,0
70,70,0,1,0,1,0,2
1328,917,411,10,25,6,4,0
5040,3914,1126,19,32,12,7,0
66,66,0,1,0,1,0,2
8429792,268889,8160903,8985,135,2983,6002,0
8006,1986,6020,20,15,11,9,0
70,70,0,1,0,1,0,2
62,62,0,1,0,1,0,1
194,99,95,2,30,1,1,0
70,70,0,1,0,1,0,2
62,62,0,1,0,1,0,1
320,320,0,1,0,1,0,1
194,102,92,2,31,1,1,0
450,246,204,8,31,5,3,0
70,70,0,1,0,1,0,2
138,78,60,2,5,1,1,0
418,150,268,2,30,1,1,0
6665,1130,5535,24,287,13,11,0
70,70,0,1,0,1,0,2
124,64,60,2,16,1,1,0
60,60,0,1,0,1,0,1
922046,41258,880788,1106,218,498,608,0
15567,5964,9603,27,21,14,13,0
180,94,86,2,31,1,1,0
4592,1685,2907,19,29,11,8,0
66,66,0,1,0,1,0,1
86,86,0,1,0,1,0,1
233914,10359,223555,294,442,136,158,0
66,66,0,1,0,1,0,1
49212,42366,6846,109,147,59,50,0
70,70,0,1,0,1,0,2
2784,1804,980,17,20,9,8,0
110812,7779,103033,122,49,44,78,0
198,101,97,2,30,1,1,0
214,140,74,4,30,3,1,0
70,70,0,1,0,1,0,2
62,62,0,1,0,1,0,1
793,207,586,6,59,3,3,0
70,70,0,1,0,1,0,2
70,70,0,1,5,1,0,0
66,66,0,1,0,1,0,1
3930,392,3538,9,15,4,5,0
66,66,0,1,0,1,0,1
320,140,180,6,5,3,3,0
70,70,0,1,0,1,0,2
146,146,0,1,0,1,0,1
22293,16437,5856,51,30,27,24,0
159,159,0,1,0,1,0,1
23369,64,23305,65,31,2,63,0
62,62,0,1,0,1,0,1
195,102,93,2,30,1,1,0
124,64,60,2,15,1,1,0
66,66,0,1,0,1,0,2
749,94,655,2,30,1,1,0
4401,1494,2907,19,28,11,8,0
100,100,0,1,0,1,0,1
308,94,214,2,30,1,1,0
6081,844,5237,17,15,9,8,0
70,70,0,1,0,1,0,2
66,66,0,1,0,1,0,1
62,62,0,1,0,1,0,1
66,66,0,1,0,1,0,2
493,111,382,4,57,2,2,0
744,89,655,2,30,1,1,0
70,70,0,1,0,1,0,2
396,94,302,4,41,2,2,0
66,66,0,1,0,1,0,1
878,126,752,2,30,1,1,0
72,72,0,1,0,1,0,1
70,70,0,1,0,1,0,2
213,94,119,2,30,1,1,0
2390,532,1858,11,75,6,5,0
146,146,0,1,0,1,0,1
146,146,0,1,0,1,0,1
2269,815,1454,14,16,7,7,0
212,102,110,2,30,1,1,0
193,102,91,2,31,1,1,0
66,66,0,1,0,1,0,1
240,110,130,2,30,1,1,0
316,136,180,6,7,3,3,0
70,70,0,1,0,1,0,2
578,286,292,9,15,5,4,0
70,70,0,1,0,1,0,2
66,66,0,1,0,1,0,2
4362,1826,2536,18,134,8,10,0
556770,88286,468484,777,202,314,463,0
195,102,93,2,30,1,1,0
66,66,0,1,0,1,0,1
70,70,0,1,0,1,0,2
209,110,99,2,30,1,1,0
66,66,0,1,0,1,0,2
423,102,321,2,30,1,1,0
177,94,83,2,29,1,1,0
62,62,0,1,0,1,0,1
78,78,0,1,0,1,0,1
4295,2123,2172,11,121,6,5,0
262,86,176,4,46,2,2,0
3136,2025,1111,19,26,10,9,0
66,66,0,1,0,1,0,1
62,62,0,1,0,1,0,1
504,318,186,8,16,5,3,0
209,110,99,2,30,1,1,0
70,70,0,1,0,1,0,2
66,66,0,1,0,1,0,2
70,70,0,1,0,1,0,2
416,210,206,7,34,4,3,0
146,146,0,1,0,1,0,1
66,66,0,1,0,1,0,2
66,66,0,1,0,1,0,1
146,146,0,1,0,1,0,1
70,70,0,1,0,1,0,2
60,60,0,1,0,1,0,1
60,60,0,1,0,1,0,1
214,85,129,2,0,1,1,0
62,62,0,1,0,1,0,1
27839,14036,13803,46,36,24,22,0
758,96,662,2,30,1,1,0
9536,2399,7137,32,270,17,15,0
70,70,0,1,0,1,0,2
146,146,0,1,0,1,0,1
6074,865,5209,16,15,9,7,0
197,78,119,2,30,1,1,0
66,66,0,1,0,1,0,2
460,150,310,2,1199,1,1,0
10214,2669,7545,30,170,14,16,0
62,62,0,1,0,1,0,1
66,66,0,1,0,1,0,1
392,124,268,4,35,2,2,0
62,62,0,1,0,1,0,1
5167,700,4467,16,14,7,9,0
499,425,74,4,0,3,1,0
70,70,0,1,0,1,0,2
199,102,97,2,30,1,1,0
94,94,0,1,30,1,0,0
3022,1567,1455,16,15,8,8,0
170,87,83,2,31,1,1,0
62,62,0,1,0,1,0,1
54975,32043,22932,71,319,40,31,0
613,539,74,7,15,6,1,0
7276,1763,5513,22,77,12,10,0
70,70,0,1,0,1,0,2
543,303,240,8,5,4,4,0
62,62,0,1,0,1,0,1
70,70,0,1,0,1,0,2
62,62,0,1,0,1,0,1
167,86,81,2,30,1,1,0
98,98,0,1,30,1,0,0
507,193,314,6,57,3,3,0
735,462,273,2,30,1,1,0
66,66,0,1,0,1,0,1
478,196,282,6,63,3,3,0
552,306,246,9,15,5,4,0
4660,1915,2745,23,120,12,11,0
62,62,0,1,0,1,0,1
62,62,0,1,0,1,0,1
178,94,84,2,30,1,1,0
1243,769,474,9,123,6,3,0
62,62,0,1,0,1,0,1
146,146,0,1,0,1,0,1
898,460,438,12,39,5,7,0
3867,2403,1464,17,15,8,9,0
184,94,90,2,30,1,1,0
179,94,85,2,30,1,1,0
7907,1918,5989,20,15,11,9,0
150,150,0,1,1200,1,0,0
456,390,66,4,0,3,1,0
132,132,0,3,1199,3,0,0
209,110,99,2,31,1,1,0
60,60,0,1,0,1,0,1
819,102,717,2,29,1,1,0
14212,8194,6018,38,104,21,17,0
70,70,0,1,0,1,0,2
193,102,91,2,31,1,1,0
62,62,0,1,0,1,0,1
66,66,0,1,0,1,0,1
9201,2130,7071,41,5528,21,20,0
168,78,90,2,30,1,1,0
66,66,0,1,0,1,0,1
254,128,126,5,15,3,2,0
1484,877,607,11,34,6,5,0
264,91,173,4,38,2,2,0
70,70,0,2,7,2,0,0
62,62,0,1,0,1,0,1
66,66,0,1,0,1,0,2
7252,2147,5105,18,136,8,10,0
66,66,0,1,0,1,0,1
70,70,0,1,4,1,0,0
62,62,0,1,0,1,0,1
70,70,0,1,0,1,0,2
924,924,0,3,30,3,0,0
9989,3003,6986,30,46,17,13,0
4067,1750,2317,16,16,9,7,0
7894,1557,6337,20,150,9,11,0
354,294,60,2,5,1,1,0
197,102,95,2,30,1,1,0
218,78,140,2,30,1,1,0
233,90,143,2,32,1,1,0
747,462,285,2,31,1,1,0
66,66,0,1,0,1,0,1
66,66,0,1,0,1,0,1
70,70,0,1,0,1,0,2
62,62,0,1,0,1,0,1
70,70,0,1,4,1,0,0
70,70,0,1,0,1,0,2
293,223,70,4,0,3,1,3
70,70,0,2,8,2,0,0
66,66,0,1,0,1,0,2
204,118,86,2,31,1,1,0
70,70,0,1,0,1,0,2
66,66,0,1,0,1,0,2
47445,16812,30633,144,870,65,79,0
917,126,791,2,30,1,1,0
3643,607,3036,13,120,6,7,0
193,102,91,2,30,1,1,0
198,93,105,2,31,1,1,0
70,70,0,1,0,1,0,2
7890,1901,5989,20,15,11,9,0
183116,16652,166464,279,486,59,220,0
70,70,0,1,0,1,0,2
70,70,0,1,0,1,0,2
42932,2883,40049,63,14,31,32,0
66,66,0,1,0,1,0,1
5167,700,4467,16,15,7,9,0
7876,1511,6365,29,42,14,15,0
66,66,0,1,0,1,0,2
8057,2037,6020,20,15,11,9,0
305,93,212,4,48,2,2,0
6695,2021,4674,23,45,11,12,0
2098,1239,859,22,20,12,10,0
7989,4098,3891,34,136,15,19,0
5045,2187,2858,16,136,8,8,0
192,90,102,2,30,1,1,0
183,94,89,2,30,1,1,0
6131,1384,4747,27,50,15,12,0
70,70,0,1,0,1,0,2
62,62,0,1,0,1,0,1
66,66,0,1,0,1,0,2
18950,788,18162,23,89,8,15,0
62,62,0,1,0,1,0,1
70,70,0,1,0,1,0,2
168,86,82,2,30,1,1,0
70,70,0,1,0,1,0,2
193,102,91,2,31,1,1,0
5594,3484,2110,16,15,8,8,0
72,72,0,1,0,1,0,1
184,94,90,2,30,1,1,0
272,110,162,2,29,1,1,0
190,97,93,2,31,1,1,0
200,102,98,2,33,1,1,0
5962,1621,4341,16,75,9,7,0
5714,1536,4178,24,21,13,11,0
167,86,81,2,30,1,1,0
4646,2347,2299,17,34,9,8,0
3159,1237,1922,14,19,8,6,0
214,140,74,4,15,3,1,0
3195,1426,1769,15,141,8,7,0
70,70,0,1,5,1,0,0
70,70,0,1,0,1,0,2
192,98,94,2,31,1,1,0
146,146,0,1,0,1,0,1
237,91,146,2,33,1,1,0
7442,1260,6182,19,15,10,9,0
70,70,0,1,0,1,0,2
6271,1191,5080,24,94,14,10,0
196,102,94,2,31,1,1,0
204,104,100,2,30,1,1,0
97,97,0,1,0,1,0,1
62,62,0,1,0,1,0,1
606,300,306,11,60,6,5,0
318,192,126,6,30,4,2,0
392,90,302,4,55,2,2,0
10803,2906,7897,20,135,10,10,0
62,62,0,1,0,1,0,1
178,94,84,2,30,1,1,0
196,102,94,2,29,1,1,0
184,94,90,2,30,1,1,0
1323,738,585,10,16,6,4,0
70,70,0,1,0,1,0,2
60,60,0,1,0,1,0,1
62,62,0,1,0,1,0,1
69348,4180,65168,86,45,37,49,0
6102,782,5320,17,67,8,9,0
179,94,85,2,30,1,1,0
489,114,375,2,31,1,1,0
6933,1677,5256,22,305,12,10,0
66,66,0,1,0,1,0,1
6028,1958,4070,34,124,14,20,0
62,62,0,1,0,1,0,1
62,62,0,1,0,1,0,1
66,66,0,1,5,1,0,0
62,62,0,1,0,1,0,1
13551,5488,8063,33,95,16,17,0
70,70,0,1,0,1,0,2
82321,4061,78260,109,61,50,59,0
177,94,83,2,30,1,1,0
70,70,0,1,4,1,0,0
70,70,0,1,0,1,0,2
10379,2361,8018,27,20,16,11,0
12825,8114,4711,63,269,25,38,0
62,62,0,1,0,1,0,1
330,118,212,2,30,1,1,0
70,70,0,1,0,1,0,2
66,66,0,1,0,1,0,1
46682,3447,43235,61,135,27,34,0
60,60,0,1,0,1,0,1
66,66,0,1,0,1,0,1
4577,1670,2907,19,26,11,8,0
6133,1343,4790,22,275,12,10,0
177,94,83,2,29,1,1,0
738,86,652,2,30,1,1,0
199,102,97,2,29,1,1,0
210,78,132,2,30,1,1,0
197,102,95,2,33,1,1,0
231,111,120,2,1200,1,1,0
9678,4552,5126,22,76,12,10,0
177,94,83,2,30,1,1,0
66,66,0,1,0,1,0,1
60,60,0,1,0,1,0,1
70,70,0,1,4,1,0,0
62,62,0,1,0,1,0,1
316,190,126,5,16,3,2,0
109880,24958,84922,154,20,83,71,0
62,62,0,1,0,1,0,1
212,102,110,2,29,1,1,0
3354,1792,1562,46,192,23,23,0
62,62,0,1,0,1,0,1
20048,9134,10914,96,92,39,57,0
177,94,83,2,30,1,1,0
66,66,0,1,0,1,0,2
177,94,83,2,29,1,1,0
70,70,0,2,8,2,0,0
62,62,0,1,0,1,0,1
216,110,106,2,30,1,1,0
62,62,0,1,0,1,0,1
146,146,0,1,0,1,0,1
66,66,0,1,0,1,0,1
10137,4019,6118,42,8169,24,18,0
198,102,96,2,29,1,1,0
27233,4047,23186,44,27,20,24,0
735,88,647,2,30,1,1,0
70,70,0,1,0,1,0,2
70,70,0,1,0,1,0,2
66,66,0,1,0,1,0,2
70,70,0,1,0,1,0,2
130,70,60,2,15,1,1,0
70,70,0,1,0,1,0,2
21789,7672,14117,78,115,39,39,0
62,62,0,1,0,1,0,1
124,60,64,2,5,1,1,0
247438,52606,194832,305,237,124,181,0
3477,1216,2261,16,136,8,8,0
66,66,0,1,0,1,0,2
70,70,0,1,0,1,0,2
62,62,0,1,0,1,0,1
146,146,0,1,0,1,0,1
7269,1978,5291,28,39,14,14,0
7141,2507,4634,28,42,13,15,0
70,70,0,1,0,1,0,2
66,66,0,1,0,1,0,1
62,62,0,1,0,1,0,1
66,66,0,1,0,1,0,1
28301,21778,6523,88,125,49,39,0
4530,1623,2907,19,26,11,8,0
66,66,0,1,0,1,0,2
10325,2594,7731,28,27,16,12,0
66,66,0,1,0,1,0,1
8152,4874,3278,22,138,11,11,0
273283,194709,78574,1567,3312,746,821,0
5468,1991,3477,27,34,15,12,0
66,66,0,1,0,1,0,1
62,62,0,1,0,1,0,1
62,62,0,1,0,1,0,1
237,91,146,2,32,1,1,0
70,70,0,1,0,1,0,2
2567,1173,1394,19,179,8,11,0
70,70,0,1,0,1,0,2
20651533,655694,19995839,24885,362,8746,16139,0
168,86,82,2,30,1,1,0
156,156,0,3,8,3,0,0
62,62,0,1,0,1,0,1
134322,10347,123975,220,304,77,143,0
70,70,0,2,8,2,0,0
1281,398,883,16,393,4,12,0
62,62,0,1,0,1,0,1
216,82,134,2,33,1,1,0
70,70,0,1,0,1,0,2
197,102,95,2,35,1,1,0
70,70,0,1,0,1,0,2
7760,1599,6161,23,80,13,10,0
70,70,0,1,0,1,0,2
82,82,0,1,31,1,0,0
66,66,0,1,0,1,0,2
5168,700,4468,16,14,7,9,0
177,94,83,2,30,1,1,0
183,94,89,2,30,1,1,0
1566,684,882,10,15,5,5,0
66,66,0,1,0,1,0,2
281,78,203,2,31,1,1,0
829275,26662,802613,884,129,295,589,0
70,70,0,1,0,1,0,2
198,102,96,2,31,1,1,0
504,382,122,8,16,6,2,0
70,70,0,1,0,1,0,2
66,66,0,1,0,1,0,1
70,70,0,1,0,1,0,2
62,62,0,1,0,1,0,1
86,86,0,1,30,1,0,0
184,94,90,2,30,1,1,0
70,70,0,1,4,1,0,0
66,66,0,1,0,1,0,2
66,66,0,1,0,1,0,2
70,70,0,1,0,1,0,2
32396,2695,29701,46,135,22,24,0
66,66,0,1,0,1,0,1
70,70,0,1,0,1,0,2
7613,2230,5383,22,360,11,11,0
66,66,0,1,0,1,0,2
183,94,89,2,30,1,1,0
66,66,0,1,0,1,0,1
66,66,0,1,0,1,0,1
18745,11713,7032,67,77,37,30,0
5000,4058,942,15,15,8,7,0
879,126,753,2,29,1,1,0
438,180,258,6,30,3,3,0
70,70,0,1,0,1,0,2
62,62,0,1,0,1,0,1
761,102,659,2,29,1,1,0
228,118,110,2,1199,1,1,0
170,87,83,2,30,1,1,0
8057,1135,6922,19,129,9,10,0
70,70,0,1,0,1,0,2
1474,697,777,18,82,8,10,0
177,94,83,2,30,1,1,0
372,246,126,6,27,4,2,0
28872,5086,23786,50,24,24,26,0
66,66,0,1,0,1,0,1
195,102,93,2,30,1,1,0
32206,1049,31157,37,89,11,26,0
66,66,0,1,0,1,0,2
146,146,0,1,0,1,0,1
178,94,84,2,30,1,1,0
60,60,0,1,0,1,0,1
373,126,247,2,30,1,1,0
66,66,0,1,0,1,0,1
234,78,156,2,30,1,1,0
212,110,102,2,29,1,1,0
60,60,0,1,0,1,0,1
66,66,0,1,0,1,0,1
3518,1654,1864,10,120,5,5,0
66,66,0,1,0,1,0,1
3163,716,2447,12,28,7,5,0
4890,1219,3671,17,28,10,7,0
70,70,0,1,0,1,0,2
199,102,97,2,30,1,1,0
62,62,0,1,0,1,0,1
62,62,0,1,0,1,0,1
66,66,0,1,0,1,0,1
4642,1735,2907,19,30,11,8,0
109,109,0,1,0,1,0,1
7502,2299,5203,37,18,21,16,0
62,62,0,1,0,1,0,1
70,70,0,1,0,1,0,2
66,66,0,1,0,1,0,1
70,70,0,1,0,1,0,2
199,102,97,2,30,1,1,0
146,146,0,1,0,1,0,1
66,66,0,1,0,1,0,1
350,94,256,2,30,1,1,0
2494,1643,851,17,25,9,8,0
498,210,288,8,26,4,4,0
178,118,60,2,15,1,1,0
268,78,190,2,29,1,1,0
195,102,93,2,30,1,1,0
62,62,0,1,0,1,0,1
4708,1753,2955,27,4133,12,15,0
447,94,353,4,54,2,2,0
70,70,0,1,0,1,0,2
789,110,679,2,31,1,1,0
70,70,0,1,0,1,0,2
762,98,664,2,30,1,1,0
9611,2412,7199,44,20,22,22,0
66,66,0,1,0,1,0,1
235,90,145,2,32,1,1,0
66,66,0,1,0,1,0,2
62,62,0,1,0,1,0,1
21024,14637,6387,46,271,26,20,0
62,62,0,1,0,1,0,1
183,94,89,2,29,1,1,0
273,90,183,4,32,2,2,0
772,102,670,2,30,1,1,0
78,78,0,1,0,1,0,1
60,60,0,1,0,1,0,1
7515,2022,5493,21,144,11,10,0
70,70,0,1,0,1,0,2
152,86,66,2,6,1,1,0
264,102,162,2,30,1,1,0
8059,2039,6020,20,16,11,9,0
66,66,0,1,0,1,0,2
538,328,210,3,29,2,1,0
70,70,0,1,0,1,0,2
183,94,89,2,30,1,1,0
66,66,0,1,0,1,0,1
66,66,0,1,0,1,0,1
888,126,762,3,31,2,1,0
15944,6988,8956,135,324,72,63,0
184,94,90,2,29,1,1,0
414,268,146,3,32,2,1,0
301,102,199,2,30,1,1,0
199,102,97,2,29,1,1,0
178,94,84,2,30,1,1,0
70,70,0,1,0,1,0,2
183,94,89,2,29,1,1,0
10174,2163,8011,25,81,14,11,0
324,94,230,2,30,1,1,0
499,192,307,6,42,4,2,0
70,70,0,1,0,1,0,2
62,62,0,1,0,1,0,1
277,134,143,2,30,1,1,0
244,98,146,2,33,1,1,0
216,110,106,2,30,1,1,0
70,70,0,2,8,2,0,0
70,70,0,1,0,1,0,2
216,110,106,2,30,1,1,0
231,90,141,2,31,1,1,0
176,90,86,2,31,1,1,0
70,70,0,1,4,1,0,0
70,70,0,1,0,1,0,2
183,94,89,2,30,1,1,0
66,66,0,1,0,1,0,1
66,66,0,1,0,1,0,1
9144,1783,7361,19,16,10,9,0
5045,2009,3036,14,120,7,7,0
66,66,0,1,0,1,0,1
66,66,0,1,0,1,0,2
3068,1678,1390,17,241,9,8,0
466,93,373,4,50,2,2,0
60,60,0,1,0,1,0,1
1854,945,909,13,106,7,6,0
62,62,0,1,0,1,0,1
7139,3570,3569,22,166,11,11,0
66,66,0,1,0,1,0,1
827,484,343,8,15,5,3,0
66,66,0,1,0,1,0,1
5507,3397,2110,13,120,7,6,0
70,70,0,1,0,1,0,2
74,74,0,1,0,1,0,1
2699,1007,1692,14,64,7,7,0
168,78,90,2,30,1,1,0
228,118,110,2,1199,1,1,0
66,66,0,1,0,1,0,1
70,70,0,1,0,1,0,2
4162,3455,707,14,15,8,6,0
811,94,717,2,31,1,1,0
193,102,91,2,31,1,1,0
70,70,0,1,0,1,0,2
38155,33545,4610,79,26,42,37,0
177,94,83,2,30,1,1,0
195,94,101,2,30,1,1,0
146,146,0,1,0,1,0,1
70,70,0,1,0,1,0,2
345,345,0,1,0,1,0,1
8735,1819,6916,23,23,14,9,0
13054,6885,6169,27,26,13,14,0
66,66,0,2,7,2,0,0
66,66,0,1,0,1,0,1
15485,8351,7134,71,130,40,31,0
66,66,0,1,0,1,0,1
70,70,0,1,0,1,0,2
54416,3219,51197,76,240,30,46,0
181,94,87,2,30,1,1,0
62,62,0,1,0,1,0,1
881,126,755,2,30,1,1,0
2556,1470,1086,17,16,8,9,0
196,100,96,2,31,1,1,0
70,70,0,1,0,1,0,2
209,110,99,2,30,1,1,0
166,166,0,1,1200,1,0,0
66,66,0,1,0,1,0,2
66,66,0,1,0,1,0,1
86,86,0,1,30,1,0,0
760,97,663,2,31,1,1,0
195,102,93,2,30,1,1,0
70,70,0,1,0,1,0,2
62,62,0,1,0,1,0,1
10956,1757,9199,21,37,10,11,0
185,102,83,2,30,1,1,0
62,62,0,1,0,1,0,1
66,66,0,1,0,1,0,1
6061,1884,4177,27,16,15,12,0
252,102,150,2,29,1,1,0
62,62,0,1,0,1,0,1
60,60,0,1,0,1,0,1
66,66,0,1,0,1,0,2
4398,1491,2907,19,30,11,8,0
170,87,83,2,0,1,1,0
70,70,0,1,0,1,0,2
7791,3373,4418,54,36,26,28,0
66,66,0,1,0,1,0,2
246,246,0,4,47,4,0,0
70,70,0,1,5,1,0,0
70,70,0,1,5,1,0,0
1176793,65077,1111716,1528,85,788,740,0
66,66,0,1,0,1,0,1
258,102,156,2,29,1,1,0
66,66,0,1,0,1,0,1
86,86,0,1,30,1,0,0
66,66,0,1,0,1,0,1
266,118,148,2,29,1,1,0
66,66,0,1,0,1,0,1
767,102,665,2,30,1,1,0
66,66,0,1,0,1,0,1
70,70,0,1,0,1,0,2
96485,4565,91920,119,150,45,74,0
234,96,138,2,31,1,1,0
66,66,0,1,0,1,0,1
70,70,0,2,8,2,0,0
34914,5279,29635,47,543,18,29,0
3978,2714,1264,24,83,13,11,0
74,74,0,1,0,1,0,1
881,126,755,2,30,1,1,0
62,62,0,1,0,1,0,1
17237,1717,15520,36,152,16,20,0
30171,25514,4657,77,37,42,35,0
731,85,646,2,30,1,1,0
1350,773,577,15,107,8,7,0
70,70,0,1,0,1,0,2
147506,3521,143985,125,32,23,102,0
66,66,0,1,0,1,0,2
66,66,0,1,0,1,0,2
179,94,85,2,30,1,1,0
723,102,621,2,30,1,1,0
8894,1633,7261,18,15,9,9,0
4615,664,3951,15,15,9,6,0
14746,3097,11649,34,19,19,15,0
25629,5823,19806,44,179,25,19,0
60,60,0,1,0,1,0,1
66,66,0,1,0,1,0,1
74,74,0,1,0,1,0,1
499,425,74,4,0,3,1,0
66,66,0,1,0,1,0,2
66,66,0,1,0,1,0,2
62,62,0,1,0,1,0,1
366,240,126,7,25,5,2,0
66,66,0,1,0,1,0,2
73400,4542,68858,87,136,37,50,0
66,66,0,1,0,1,0,2
62,62,0,1,0,1,0,1
66,66,0,1,0,1,0,1
70,70,0,1,0,1,0,2
66,66,0,1,0,1,0,1
70,70,0,1,5,1,0,0
199,102,97,2,31,1,1,0
66,66,0,1,0,1,0,1
5617,1559,4058,22,138,13,9,0
2109,420,1689,11,121,6,5,0
8578,2549,6029,22,16,13,9,0
256,93,163,2,30,1,1,0
78,78,0,1,0,1,0,1
62,62,0,1,0,1,0,1
146,146,0,1,0,1,0,1
66,66,0,1,0,1,0,1
331,331,0,1,0,1,0,1
70,70,0,1,0,1,0,2
21267,5407,15860,36,361,17,19,0
9198,2279,6919,18,18,9,9,0
139,70,69,2,30,1,1,0
453,251,202,4,1199,2,2,0
70,70,0,1,0,1,0,2
398300,18473,379827,492,72,222,270,0
462,462,0,8,3631,8,0,0
12577,3687,8890,63,415,30,33,0
70,70,0,1,0,1,0,2
4623,1716,2907,19,26,11,8,0
177,94,83,2,30,1,1,0
66,66,0,1,0,1,0,2
70,70,0,1,0,1,0,2
6861,2809,4052,33,407,11,22,0
4485,1578,2907,19,28,11,8,0
66,66,0,1,0,1,0,2
8117874,148550,7969324,7318,25,2033,5285,0
1659,653,1006,10,16,6,4,0
366,240,126,7,25,5,2,0
234,174,60,2,4,1,1,0
1426,98,1328,4,53,2,2,0
5438,2832,2606,18,56,10,8,0
198,102,96,2,30,1,1,0
195,71,124,4,58,2,2,0
66,66,0,1,0,1,0,1
70,70,0,1,0,1,0,2
1058,571,487,10,24,6,4,0
14518,10453,4065,43,120,21,22,0
893,126,767,2,30,1,1,0
6068,1047,5021,20,50,11,9,0
70,70,0,2,7,2,0,0
808,272,536,8,78,4,4,0
205,86,119,2,30,1,1,0
70,70,0,1,0,1,0,2
60,60,0,1,0,1,0,1
247,98,149,2,33,1,1,0
214,110,104,2,31,1,1,0
200,102,98,2,29,1,1,0
70,70,0,1,0,1,0,2
7634,4417,3217,35,197,19,16,0
70,70,0,1,0,1,0,2
613,539,74,7,15,6,1,0
9150,2109,7041,27,32,15,12,0
70,70,0,1,0,1,0,2
62,62,0,1,0,1,0,1
148,148,0,1,0,1,0,1
62,62,0,1,0,1,0,1
170,87,83,2,31,1,1,0
194,80,114,2,30,1,1,0
70,70,0,1,0,1,0,2
387,102,285,2,29,1,1,0
184,94,90,2,30,1,1,0
74,74,0,1,0,1,0,1
62,62,0,1,0,1,0,1
278,102,176,2,31,1,1,0
62,62,0,1,0,1,0,1
66,66,0,1,0,1,0,1
70,70,0,1,0,1,0,2
5121090,119252,5001838,5000,55,1680,3320,0
7449,2359,5090,15,120,7,8,0
66,66,0,1,0,1,0,1
7491,1930,5561,26,263,14,12,0
594,594,0,10,1199,10,0,0
321621,14025,307596,408,41,185,223,0
60,60,0,1,0,1,0,1
66,66,0,1,0,1,0,1
3155,2234,921,15,16,8,7,0
134,60,74,3,10,2,1,0
70,70,0,1,0,1,0,2
70,70,0,1,0,1,0,2
62,62,0,1,0,1,0,1
334,90,244,4,38,2,2,0
186,95,91,2,31,1,1,0
70,70,0,2,8,2,0,0
70,70,0,1,0,1,0,2
70,70,0,1,0,1,0,2
70,70,0,1,0,1,0,2
66,66,0,1,0,1,0,1
70,70,0,1,4,1,0,0
140,78,62,2,30,1,1,0
890,420,470,14,27,7,7,0
780,93,687,2,30,1,1,0
17161,1619,15542,18,149,4,14,0
70,70,0,1,0,1,0,2
764,99,665,2,31,1,1,0
197,90,107,2,29,1,1,0
594,594,0,10,1199,10,0,0
230,86,144,2,30,1,1,0
70,70,0,1,0,1,0,2
62,62,0,1,0,1,0,1
2259,1830,429,11,150,6,5,0
889,126,763,2,31,1,1,0
66,66,0,2,8,2,0,0
62,62,0,1,0,1,0,1
499,425,74,4,0,3,1,0
66,66,0,2,7,2,0,0
62,62,0,1,0,1,0,1
70,70,0,1,0,1,0,2
181,94,87,2,30,1,1,0
60,60,0,1,0,1,0,1
286,97,189,4,47,2,2,0
100,100,0,1,0,1,0,1
66,66,0,1,0,1,0,1
62,62,0,1,0,1,0,1
2604,1413,1191,15,83,9,6,0
70,70,0,1,0,1,0,2
15343,3240,12103,23,81,9,14,0
177,94,83,2,30,1,1,0
1495,779,716,10,30,6,4,0
70,70,0,1,0,1,0,2
66,66,0,1,0,1,0,2
70,70,0,1,0,1,0,2
718,94,624,2,30,1,1,0
27659,5508,22151,59,47,31,28,0
60,60,0,1,0,1,0,1
70,70,0,1,0,1,0,2
62,62,0,1,0,1,0,1
196,94,102,2,31,1,1,0
70,70,0,1,4,1,0,0
3260,1646,1614,9,120,5,4,0
244193,7090,237103,260,136,87,173,0
70,70,0,1,0,1,0,2
146,146,0,1,0,1,0,1
7889,1900,5989,20,15,11,9,0
62,62,0,1,0,1,0,1
6337,1378,4959,19,135,9,10,0
66,66,0,1,0,1,0,1
70,70,0,1,5,1,0,0
492,306,186,8,15,5,3,0
366,240,126,7,20,5,2,0
66,66,0,1,0,1,0,1
60,60,0,1,0,1,0,1
280,97,183,4,59,2,2,0
4424,3281,1143,12,27,8,4,0
66,66,0,1,0,1,0,1
70,70,0,1,0,1,0,2
273,94,179,2,30,1,1,0
70,70,0,1,0,1,0,2
209,110,99,2,31,1,1,0
66,66,0,1,0,1,0,1
66,66,0,1,0,1,0,1
316,136,180,6,6,3,3,0
164,78,86,2,29,1,1,0
1601,761,840,10,334,6,4,0
66,66,0,1,0,1,0,2
145,145,0,1,0,1,0,1
60,60,0,1,0,1,0,1
60,60,0,1,0,1,0,1
5106,700,4406,15,15,7,8,0
66,66,0,1,0,1,0,2
7002,4142,2860,46,1485,29,17,0
70,70,0,1,0,1,0,2
66,66,0,1,0,1,0,2
184,86,98,2,29,1,1,0
214,102,112,2,31,1,1,0
322,102,220,2,30,1,1,0
244,244,0,2,0,2,0,0
66,66,0,1,0,1,0,1
70,70,0,1,0,1,0,2
318,192,126,6,37,4,2,0
64386,3122,61264,79,64,35,44,0
305,94,211,4,35,2,2,0
4568,2059,2509,17,33,9,8,0
66,66,0,1,0,1,0,1
301,95,206,4,36,2,2,0
177,94,83,2,30,1,1,0
62,62,0,1,0,1,0,1
66,66,0,1,0,1,0,2
316,136,180,6,6,3,3,0
166,86,80,2,31,1,1,0
70,70,0,2,8,2,0,0
145,145,0,1,0,1,0,1
144717,5580,139137,180,20,81,99,0
66,66,0,1,0,1,0,2
188,96,92,2,31,1,1,0
60,60,0,1,0,1,0,1
66,66,0,1,0,1,0,2
60,60,0,1,0,1,0,1
48494,10293,38201,71,129,26,45,0
66,66,0,1,0,1,0,2
62,62,0,1,0,1,0,1
230,102,128,2,31,1,1,0
247,98,149,2,34,1,1,0
404,261,143,3,30,2,1,0
66,66,0,1,0,1,0,1
183,94,89,2,30,1,1,0
234,234,0,4,11,4,0,0
66,66,0,1,0,1,0,2
66,66,0,1,0,1,0,1
557795,16003,541792,528,76,139,389,0
70,70,0,1,0,1,0,2
180,94,86,2,30,1,1,0
62,62,0,1,0,1,0,1
66,66,0,1,0,1,0,1
6296,1556,4740,22,16,12,10,0
210,110,100,2,29,1,1,0
320,320,0,5,0,5,0,0
66,66,0,1,0,1,0,1
2847,1797,1050,24,85,13,11,0
3571,2892,679,13,23,8,5,0
318,192,126,6,30,4,2,0
70,70,0,1,0,1,0,2
66,66,0,1,0,1,0,2
60,60,0,1,0,1,0,1
70,70,0,1,5,1,0,0
1813,1004,809,16,28,8,8,0
775,103,672,2,31,1,1,0
190,97,93,2,31,1,1,0
316,136,180,6,5,3,3,0
164,86,78,2,30,1,1,0
8710,2009,6701,30,395,10,20,0
66,66,0,1,0,1,0,2
60,60,0,1,0,1,0,1
70,70,0,1,0,1,0,2
66,66,0,1,0,1,0,2
873,280,593,8,80,4,4,0
66,66,0,1,0,1,0,2
62,62,0,1,0,1,0,1
8237,2784,5453,35,16,21,14,0
178,91,87,2,31,1,1,0
1462,703,759,8,16,5,3,0
62,62,0,1,0,1,0,1
166,85,81,2,31,1,1,0
62,62,0,1,0,1,0,1
303,94,209,4,32,2,2,0
66,66,0,1,0,1,0,1
878,126,752,2,31,1,1,0
62,62,0,1,0,1,0,1
156,156,0,1,0,1,0,1
66,66,0,1,0,1,0,1
903,126,777,2,30,1,1,0
8332,1024,7308,21,25,11,10,0
770,102,668,2,31,1,1,0
200,102,98,2,30,1,1,0
7639,2051,5588,33,120,17,16,0
66,66,0,1,0,1,0,2
178,94,84,2,29,1,1,0
70,70,0,1,0,1,0,2
754,94,660,2,30,1,1,0
234,234,0,4,12,4,0,0
168,78,90,2,30,1,1,0
70,70,0,2,8,2,0,0
66,66,0,1,0,1,0,2
145,145,0,1,0,1,0,1
2328,580,1748,12,16,6,6,0
66,66,0,1,0,1,0,1
70,70,0,1,0,1,0,2
760,97,663,2,31,1,1,0
62,62,0,1,0,1,0,1
62,62,0,1,0,1,0,1
3721,1173,2548,18,257,11,7,0
891,126,765,2,31,1,1,0
70,70,0,1,4,1,0,0
10101,2782,7319,22,78,10,12,0
220,90,130,2,30,1,1,0
66,66,0,1,0,1,0,2
3498,1872,1626,48,195,24,24,0
70,70,0,1,0,1,0,2
4819,2304,2515,16,135,8,8,0
66,66,0,1,0,1,0,2
70,70,0,1,0,1,0,2
209,110,99,2,30,1,1,0
199,102,97,2,30,1,1,0
70,70,0,1,0,1,0,2
258,78,180,2,30,1,1,0
70,70,0,1,5,1,0,0
15679,4305,11374,32,43,17,15,0
66,66,0,1,0,1,0,2
272,110,162,2,29,1,1,0
731,85,646,2,31,1,1,0
384,166,218,2,29,1,1,0
70,70,0,1,0,1,0,2
1217451,39642,1177809,1359,39,539,820,0
6611,2169,4442,20,123,12,8,0
66,66,0,1,5,1,0,0
62,62,0,1,0,1,0,1
101021,6173,94848,142,18,65,77,0
4702,1795,2907,19,28,11,8,0
66,66,0,1,0,1,0,2
237,91,146,2,34,1,1,0
70,70,0,1,0,1,0,2
3489,1534,1955,17,18,9,8,0
3835,501,3334,14,15,7,7,0
478,149,329,2,1200,1,1,0
792,792,0,13,1201,13,0,0
70,70,0,1,0,1,0,2
208,86,122,4,30,2,2,0
62,62,0,1,0,1,0,1
62,62,0,1,0,1,0,1
66,66,0,1,0,1,0,1
146,146,0,1,0,1,0,1
70,70,0,1,4,1,0,0
1410,933,477,11,3601,6,5,0
934,420,514,15,30,7,8,0
70,70,0,1,0,1,0,2
173,94,79,2,30,1,1,0
62,62,0,1,0,1,0,1
182,93,89,2,31,1,1,0
881,126,755,2,30,1,1,0
70,70,0,1,0,1,0,2
66,66,0,1,0,1,0,1
62,62,0,1,0,1,0,1
4281,1160,3121,12,122,6,6,0
351,94,257,2,30,1,1,0
187,78,109,2,30,1,1,0
1622,126,1496,4,31,2,2,0
499,425,74,4,1,3,1,0
209,110,99,2,30,1,1,0
62,62,0,1,0,1,0,1
821,102,719,2,30,1,1,0
83,83,0,1,0,1,0,1
60,60,0,1,0,1,0,1
8049289,98432,7950857,6501,125,717,5784,0
66,66,0,1,0,1,0,2
422,164,258,6,30,3,3,0
26995,3729,23266,40,137,16,24,0
174,89,85,2,30,1,1,0
60,60,0,1,0,1,0,1
70,70,0,1,0,1,0,2
3283,665,2618,16,160,7,9,0
165,86,79,2,30,1,1,0
198,78,120,4,11,2,2,0
216,110,106,2,31,1,1,0
66,66,0,1,0,1,0,1
62,62,0,1,0,1,0,1
260,86,174,2,30,1,1,0
60,60,0,1,0,1,0,1
2853,1289,1564,30,1555,12,18,0
9024,1533,7491,25,110,11,14,0
66,66,0,1,0,1,0,2
62,62,0,1,0,1,0,1
12753,6074,6679,44,88,23,21,0
4115,3452,663,13,15,7,6,0
209,102,107,2,30,1,1,0
5736,1990,3746,25,16,14,11,0
25546,5284,20262,48,149,26,22,0
62,62,0,1,0,1,0,1
70,70,0,1,0,1,0,2
72,72,0,1,0,1,0,1
62,62,0,1,5,1,0,0
70,70,0,1,0,1,0,2
62,62,0,1,0,1,0,1
751,95,656,2,30,1,1,0
70,70,0,1,0,1,0,2
70,70,0,1,0,1,0,2
62,62,0,1,0,1,0,1
70,70,0,1,0,1,0,2
70,70,0,1,0,1,0,2
821,102,719,2,30,1,1,0
168,78,90,2,30,1,1,0
564,108,456,4,50,2,2,0
66,66,0,1,0,1,0,2
66,66,0,1,0,1,0,2
70,70,0,1,0,1,0,2
194,102,92,2,31,1,1,0
66,66,0,1,0,1,0,1
199,94,105,2,30,1,1,0
38898,1623,37275,49,15,21,28,0
70,70,0,1,0,1,0,2
4539,1632,2907,19,27,11,8,0
62,62,0,1,0,1,0,1
215,94,121,2,30,1,1,0
5337,2090,3247,22,39,13,9,0
1217,486,731,8,43,5,3,0
62,62,0,1,0,1,0,1
156,156,0,1,0,1,0,1
733,94,639,2,29,1,1,0
66,66,0,1,0,1,0,2
7222,1633,5589,24,201,13,11,0
66,66,0,1,0,1,0,1
66,66,0,1,0,1,0,1
78,78,0,1,0,1,0,1
31660,3248,28412,58,93,23,35,0
1515,481,1034,11,16,6,5,0
168,86,82,2,30,1,1,0
70,70,0,1,0,1,0,2
62,62,0,1,0,1,0,1
70,70,0,1,0,1,0,2
146,146,0,1,0,1,0,1
2494,1643,851,17,24,9,8,0
62,62,0,1,0,1,0,1
339,94,245,2,30,1,1,0
70,70,0,1,0,1,0,2
215,80,135,2,32,1,1,0
5304,1112,4192,19,31,10,9,0
56910,3384,53526,85,115,33,52,0
70,70,0,1,0,1,0,2
62,62,0,1,0,1,0,1
145,145,0,1,0,1,0,1
62,62,0,1,0,1,0,1
492,306,186,8,15,5,3,0
166,86,80,2,29,1,1,0
414,268,146,3,32,2,1,0
60,60,0,1,0,1,0,1
416,210,206,7,27,4,3,0
66,66,0,1,0,1,0,1
5150,3987,1163,18,38,11,7,0
17380,7747,9633,52,121,23,29,0
70,70,0,1,30,1,0,0
146,146,0,1,0,1,0,1
70,70,0,2,8,2,0,0
62,62,0,1,0,1,0,1
60,60,0,1,0,1,0,1
60,60,0,1,0,1,0,1
66,66,0,1,0,1,0,2
718,94,624,2,30,1,1,0
62,62,0,1,0,1,0,1
62,62,0,1,0,1,0,1
66,66,0,1,0,1,0,2
62,62,0,1,0,1,0,1
711,87,624,2,31,1,1,0
304,86,218,2,29,1,1,0
228,90,138,2,32,1,1,0
62,62,0,1,0,1,0,1
66,66,0,1,0,1,0,1
62,62,0,1,0,1,0,1
183,94,89,2,30,1,1,0
60441,6260,54181,79,29,35,44,0
62,62,0,1,0,1,0,1
11459959,142694,11317265,9719,135,1994,7725,0
136,136,0,3,13,3,0,0
148,86,62,2,29,1,1,0
70,70,0,1,0,1,0,2
70,70,0,1,0,1,0,1
66,66,0,1,0,1,0,1
241,98,143,2,30,1,1,0
70,70,0,1,0,1,0,2
66,66,0,1,0,1,0,2
422,164,258,6,30,3,3,0
168,86,82,2,30,1,1,0
432,240,192,8,101,5,3,0
70,70,0,1,0,1,0,2
10630,3315,7315,27,46,15,12,0
177,94,83,2,30,1,1,0
7975,423,7552,15,119,6,9,0
70,70,0,1,4,1,0,0
136775,6729,130046,181,18,82,99,0
1729,1125,604,14,16,8,6,0
22480,2705,19775,49,109,22,27,0
70,70,0,1,0,1,0,2
1370,496,874,16,16,8,8,0
66,66,0,1,0,1,0,2
190,97,93,2,30,1,1,0
184,94,90,2,30,1,1,0
66,66,0,1,0,1,0,1
62,62,0,1,0,1,0,1
13706,5958,7748,78,202,42,36,0
182,93,89,3,33,2,1,0
70,70,0,1,0,1,0,2
70,70,0,1,5,1,0,0
62,62,0,1,0,1,0,1
202,103,99,2,31,1,1,0
66,66,0,1,0,1,0,2
218,99,119,2,31,1,1,0
70,70,0,2,8,2,0,0
66,66,0,1,0,1,0,2
8613,1465,7148,22,15,13,9,0
24410,6698,17712,32,16,13,19,0
70,70,0,1,0,1,0,2
4283,2038,2245,14,135,7,7,0
60,60,0,1,0,1,0,1
66,66,0,1,0,1,0,1
31965,26754,5211,63,22,34,29,0
17201,10578,6623,57,145,27,30,0
1894028,31411,1862617,1579,122,209,1370,0
66,66,0,1,0,1,0,2
9192,4788,4404,30,126,17,13,0
814,110,704,2,30,1,1,0
70,70,0,1,0,1,0,2
7199,2528,4671,18,76,10,8,0
100,100,0,1,0,1,0,1
1413,688,725,3,30,2,1,0
170,87,83,2,30,1,1,0
143,143,0,1,0,1,0,3
70,70,0,1,5,1,0,0
19134,2422,16712,49,120,22,27,0
66,66,0,1,0,1,0,2
62,62,0,1,0,1,0,1
43491,8521,34970,69,50,34,35,0
160,160,0,1,0,1,0,1
199,102,97,2,30,1,1,0
35574,868,34706,36,104,10,26,0
178,94,84,2,31,1,1,0
711,87,624,2,30,1,1,0
70,70,0,1,0,1,0,2
70,70,0,1,0,1,0,2
9631,4184,5447,33,271,17,16,0
8328,1611,6717,25,121,14,11,0
66,66,0,1,0,1,0,2
168,86,82,2,30,1,1,0
70,70,0,1,5,1,0,0
6947,833,6114,20,53,9,11,0
66,66,0,1,0,1,0,2
174,89,85,2,31,1,1,0
304,86,218,2,29,1,1,0
66,66,0,1,0,1,0,1
70,70,0,1,0,1,0,2
60,60,0,1,0,1,0,1
70,70,0,1,4,1,0,0
60,60,0,1,0,1,0,1
66,66,0,1,0,1,0,2
242,78,164,2,30,1,1,0
17197,1551,15646,29,27,13,16,0
130,70,60,2,5,1,1,0
438,180,258,6,30,3,3,0
301,102,199,2,30,1,1,0
70,70,0,1,0,1,0,2
146,146,0,1,0,1,0,1
62,62,0,1,0,1,0,1
1778,1386,392,8,30,4,4,0
66,66,0,1,0,1,0,1
3347,1458,1889,15,18,8,7,0
62,62,0,1,0,1,0,1
211,102,109,2,30,1,1,0
66,66,0,1,0,1,0,1
62,62,0,1,0,1,0,1
7980,1434,6546,24,19,13,11,0
70,70,0,1,0,1,0,2
1680,1386,294,7,30,4,3,0
66,66,0,1,0,1,0,1
70,70,0,1,0,1,0,2
62,62,0,1,0,1,0,1
70,70,0,1,0,1,0,2
900,126,774,2,31,1,1,0
4227,1086,3141,15,29,8,7,0
66,66,0,1,0,1,0,2
173,94,79,2,30,1,1,0
168,78,90,2,29,1,1,0
74,74,0,1,0,1,0,1
2315,979,1336,10,30,5,5,0
183,94,89,2,30,1,1,0
825,99,726,2,30,1,1,0
12150,2950,9200,35,341,17,18,0
166,166,0,1,1199,1,0,0
198,93,105,2,30,1,1,0
70,70,0,1,5,1,0,0
62,62,0,1,0,1,0,1
168,86,82,2,29,1,1,0
260,86,174,2,30,1,1,0
238,118,120,2,1200,1,1,0
3721,1477,2244,15,121,8,7,0
244,98,146,2,32,1,1,0
193,102,91,2,30,1,1,0
258,107,151,2,31,1,1,0
5586,1404,4182,17,212,10,7,0
70,70,0,1,0,1,0,2
70,70,0,1,0,1,0,2
70,70,0,1,0,1,0,2
208,106,102,2,31,1,1,0
212,108,104,2,31,1,1,0
130,70,60,2,15,1,1,0
198,101,97,2,31,1,1,0
62,62,0,1,0,1,0,1
66,66,0,1,0,1,0,1
70,70,0,1,0,1,0,2
70,70,0,1,0,1,0,2
755,102,653,2,29,1,1,0
20635942,626393,20009549,21680,138,6969,14711,0
70,70,0,1,0,1,0,2
192,192,0,4,1200,4,0,0
184,102,82,2,30,1,1,0
170,87,83,2,30,1,1,0
70,70,0,1,0,1,0,2
198,102,96,2,30,1,1,0
62,62,0,1,0,1,0,1
66,66,0,1,0,1,0,2
70,70,0,1,0,1,0,2
66,66,0,1,0,1,0,1
212,110,102,2,29,1,1,0
756,95,661,2,31,1,1,0
4712,908,3804,18,75,9,9,0
62,62,0,1,0,1,0,1
82,82,0,1,0,1,0,1
70,70,0,1,0,1,0,2
60,60,0,1,0,1,0,1
170,87,83,2,31,1,1,0
70,70,0,2,7,2,0,0
6092,775,5317,17,28,9,8,0
243,78,165,2,31,1,1,0
97608,4852,92756,108,121,37,71,0
70,70,0,1,0,1,0,2
70,70,0,1,0,1,0,2
70,70,0,1,0,1,0,2
66,66,0,1,0,1,0,2
66,66,0,1,0,1,0,2
66,66,0,1,0,1,0,2
14912,9611,5301,36,57,21,15,0
1343,616,727,14,82,7,7,0
70,70,0,1,0,1,0,2
70,70,0,2,8,2,0,0
417,417,0,4,13,4,0,0
16055,5856,10199,97,92,42,55,0
787462,10645,776817,653,131,87,566,0
254,78,176,2,29,1,1,0
356,101,255,4,55,2,2,0
184,94,90,2,30,1,1,0
882,126,756,2,30,1,1,0
70,70,0,1,0,1,0,2
24527,2438,22089,43,329,19,24,0
209,110,99,2,31,1,1,0
70,70,0,2,8,2,0,0
238,78,160,2,31,1,1,0
4239,2487,1752,19,16,11,8,0
195,102,93,2,30,1,1,0
70,70,0,1,0,1,0,2
195,102,93,2,31,1,1,0
214,140,74,4,15,3,1,0
145,145,0,1,0,1,0,1
281,101,180,4,58,2,2,0
66,66,0,1,0,1,0,1
573,425,148,5,1,3,2,0
354,294,60,2,4,1,1,0
153,93,60,2,5,1,1,0
209,110,99,2,30,1,1,0
143,143,0,1,0,1,0,1
66,66,0,1,0,1,0,1
499,425,74,4,0,3,1,0
70,70,0,1,0,1,0,2
4107,2486,1621,20,24,10,10,0
66,66,0,1,0,1,0,2
190,97,93,2,31,1,1,0
146,146,0,1,0,1,0,1
247,102,145,2,30,1,1,0
1527,940,587,14,90,8,6,0
756,95,661,2,30,1,1,0
70,70,0,1,0,1,0,2
9710,2136,7574,26,363,11,15,0
30620,20855,9765,91,112,45,46,0
66,66,0,1,0,1,0,2
66,66,0,2,8,2,0,0
145,145,0,1,0,1,0,1
9075,3727,5348,38,50,18,20,0
6106,5420,686,13,30,7,6,0
66,66,0,1,0,1,0,2
181,94,87,2,30,1,1,0
66,66,0,1,0,1,0,1
172,88,84,2,31,1,1,0
146,146,0,1,0,1,0,1
1654,916,738,16,126,7,9,0
194,102,92,2,30,1,1,0
70,70,0,1,0,1,0,2
209,77,132,2,32,1,1,0
7866,2680,5186,26,16,14,12,0
66,66,0,1,0,1,0,1
164,78,86,2,30,1,1,0
25890,3442,22448,33,21,13,20,0
146,146,0,1,0,1,0,1
169,169,0,1,0,1,0,1
3093,868,2225,10,120,5,5,0
430,60,370,7,24,2,5,0
66,66,0,1,0,1,0,2
2666,1542,1124,17,17,9,8,0
312,82,230,2,31,1,1,0
4747,1840,2907,19,27,11,8,0
70,70,0,1,0,1,0,2
70,70,0,2,8,2,0,0
6435,1089,5346,18,75,9,9,0
66,66,0,1,0,1,0,2
170,87,83,2,31,1,1,0
197,76,121,2,30,1,1,0
146,146,0,1,0,1,0,1
66,66,0,1,0,1,0,2
14476,2843,11633,45,55,22,23,0
480,149,331,2,1200,1,1,0
70,70,0,1,0,1,0,2
211,94,117,2,30,1,1,0
66,66,0,1,0,1,0,2
182,93,89,2,31,1,1,0
62,62,0,1,0,1,0,1
168,78,90,2,30,1,1,0
70,70,0,1,0,1,0,2
1622,1137,485,11,26,7,4,0
2693,841,1852,13,16,8,5,0
70,70,0,2,8,2,0,0
66,66,0,1,0,1,0,1
70,70,0,1,0,1,0,2
185,102,83,2,29,1,1,0
3338,2337,1001,18,45,11,7,0
10500,2835,7665,34,114,14,20,0
414,268,146,3,32,2,1,0
62,62,0,1,0,1,0,1
66,66,0,1,0,1,0,1
62,62,0,1,0,1,0,1
10017,2436,7581,22,138,10,12,0
62,62,0,1,0,1,0,1
2809,1884,925,19,24,11,8,0
62,62,0,1,0,1,0,1
193,102,91,2,30,1,1,0
66,66,0,1,0,1,0,2
70,70,0,2,7,2,0,0
70,70,0,1,0,1,0,2
130,70,60,2,30,1,1,0
60,60,0,1,0,1,0,1
216,110,106,2,30,1,1,0
70,70,0,1,5,1,0,0
66,66,0,1,0,1,0,2
66,66,0,1,0,1,0,1
70,70,0,1,0,1,0,2
9842,4572,5270,22,76,12,10,0
21703,2433,19270,44,76,18,26,0
62,62,0,1,0,1,0,1
822,102,720,2,30,1,1,0
5778,661,5117,17,75,8,9,0
182,93,89,2,31,1,1,0
66,66,0,1,0,1,0,1
166,86,80,2,31,1,1,0
66,66,0,1,5,1,0,0
9320,3888,5432,21,119,10,11,0
70,70,0,1,0,1,0,2
253,102,151,2,30,1,1,0
66,66,0,1,0,1,0,1
70,70,0,1,0,1,0,2
13409,3033,10376,29,124,15,14,0
62,62,0,1,0,1,0,1
226465,10306,216159,292,104,135,157,0
237,91,146,2,32,1,1,0
62,62,0,1,0,1,0,1
70,70,0,1,0,1,0,2
753,96,657,2,30,1,1,0
62,62,0,1,0,1,0,1
62,62,0,1,0,1,0,1
66,66,0,1,0,1,0,1
6692,1642,5050,24,275,11,13,0
4393,1151,3242,22,165,13,9,0
1233,730,503,12,25,7,5,0
70,70,0,1,0,1,0,2
196,102,94,2,30,1,1,0
66,66,0,2,7,2,0,0
5723,1105,4618,27,473,10,17,0
204,96,108,2,0,1,1,0
70,70,0,2,7,2,0,0
9488,2196,7292,25,26,14,11,0
70,70,0,1,4,1,0,0
176,90,86,2,31,1,1,0
39628,2279,37349,63,255,23,40,0
177,94,83,2,30,1,1,0
70,70,0,1,0,1,0,2
1312,651,661,13,184,7,6,0
70,70,0,1,0,1,0,2
281,97,184,4,56,2,2,0
40332,2476,37856,57,130,26,31,0
195,102,93,2,30,1,1,0
216,102,114,2,30,1,1,0
62,62,0,1,0,1,0,1
11085,2554,8531,48,19,24,24,0
378,192,186,7,26,4,3,0
70,70,0,2,7,2,0,0
70,70,0,1,0,1,0,2
62,62,0,1,0,1,0,1
62,62,0,1,0,1,0,1
91198,3990,87208,113,19,49,64,0
177,94,83,2,31,1,1,0
177,94,83,2,29,1,1,0
326,102,224,2,29,1,1,0
109128,4773,104355,197,15,68,129,0
198,102,96,2,31,1,1,0
1377,300,1077,6,1200,3,3,0
78,78,0,1,4,1,0,0
78,78,0,1,30,1,0,0
728,102,626,2,30,1,1,0
70,70,0,1,0,1,0,2
78,78,0,1,30,1,0,0
70,70,0,1,0,1,0,2
320,140,180,6,6,3,3,0
66,66,0,1,0,1,0,2
209,110,99,2,30,1,1,0
70,70,0,1,0,1,0,2
70,70,0,2,8,2,0,0
62,62,0,1,0,1,0,1
244,78,166,2,30,1,1,0
1507,951,556,13,78,7,6,0
168,86,82,2,30,1,1,0
110507,3940,106567,129,118,37,92,0
62,62,0,1,0,1,0,1
70,70,0,1,0,1,0,2
28728581,857403,27871178,29322,132,8944,20378,0
214,102,112,2,30,1,1,0
7792,2318,5474,38,27,22,16,0
92975,3289,89686,107,316,40,67,0
70,70,0,1,0,1,0,2
70,70,0,1,0,1,0,2
70,70,0,1,0,1,0,2
70,70,0,1,4,1,0,0
9646,3396,6250,23,79,12,11,0
60,60,0,1,0,1,0,1
198,102,96,2,30,1,1,0
290,86,204,2,30,1,1,0
12192,3788,8404,36,18,18,18,0
70,70,0,1,5,1,0,0
56199,3856,52343,81,216,39,42,0
214,140,74,4,35,3,1,0
71,71,0,1,30,1,0,0
66,66,0,1,0,1,0,2
60,60,0,1,0,1,0,1
66,66,0,1,0,1,0,2
532,198,334,6,50,3,3,0
159,159,0,1,0,1,0,1
70,70,0,1,0,1,0,2
620,320,300,11,166,6,5,0
114867,4243,110624,128,120,44,84,0
62,62,0,1,0,1,0,1
70,70,0,1,0,1,0,2
66,66,0,1,0,1,0,1
66,66,0,1,0,1,0,2
70,70,0,1,0,1,0,2
150,88,62,2,30,1,1,0
85,85,0,1,0,1,0,1
162,162,0,1,0,1,0,1
66,66,0,1,0,1,0,1
62,62,0,1,0,1,0,1
25824,14215,11609,65,757,32,33,0
66,66,0,1,4,1,0,0
156,156,0,2,0,2,0,1
66,66,0,1,0,1,0,2
166,85,81,2,30,1,1,0
184,94,90,2,31,1,1,0
502,310,192,9,31,6,3,0
86,86,0,1,30,1,0,0
70,70,0,1,0,1,0,2
78,78,0,1,4,1,0,0
216,110,106,2,30,1,1,0
24299,8382,15917,69,93,35,34,0
199,102,97,2,33,1,1,0
62,62,0,1,0,1,0,1
70,70,0,1,0,1,0,2
181,94,87,2,29,1,1,0
4774,553,4221,13,20,6,7,0
174,89,85,2,30,1,1,0
70,70,0,2,8,2,0,0
1566,332,1234,11,1199,5,6,0
481,150,331,2,1200,1,1,0
1524,1028,496,10,20,7,3,0
62,62,0,1,0,1,0,1
15474,4188,11286,14,139,4,10,0
62,62,0,1,0,1,0,1
66,66,0,1,0,1,0,1
86,86,0,1,29,1,0,0
66,66,0,1,0,1,0,1
62,62,0,1,0,1,0,1
66,66,0,1,0,1,0,2
62,62,0,1,0,1,0,1
184,94,90,2,30,1,1,0
66,66,0,1,0,1,0,1
52574,2783,49791,61,129,19,42,0
7855,1850,6005,24,187,14,10,0
261,94,167,2,30,1,1,0
70,70,0,1,0,1,0,2
62,62,0,1,0,1,0,1
15714,2748,12966,58,21,23,35,0
578,286,292,9,15,5,4,0
62,62,0,1,0,1,0,1
66,66,0,1,0,1,0,1
244,94,150,2,30,1,1,0
62,62,0,1,0,1,0,1
4945,431,4514,12,15,6,6,0
70,70,0,1,0,1,0,2
66,66,0,1,0,1,0,1
66,66,0,1,0,1,0,1
196,102,94,2,30,1,1,0
70,70,0,2,7,2,0,0
66,66,0,1,0,1,0,2
66,66,0,1,0,1,0,2
298,101,197,4,31,2,2,0
60,60,0,1,0,1,0,1
1615,941,674,15,20,7,8,0
198,102,96,2,30,1,1,0
62,62,0,1,0,1,0,1
3717,2233,1484,34,80,20,14,0
212,94,118,2,29,1,1,0
70,70,0,1,0,1,0,2
66,66,0,1,0,1,0,1
82,82,0,1,0,1,0,1
70,70,0,1,0,1,0,2
1945,1002,943,11,20,7,4,0
66,66,0,1,0,1,0,2
200,90,110,2,30,1,1,0
479,152,327,2,1200,1,1,0
70,70,0,1,4,1,0,0
5065,1658,3407,21,16,13,8,0
55503,7279,48224,79,22,32,47,0
74,74,0,1,0,1,0,1
513839,16341,497498,453,210,104,349,0
738,86,652,2,30,1,1,0
70,70,0,1,0,1,0,2
70,70,0,1,0,1,0,2
193,102,91,2,31,1,1,0
23886,6994,16892,26,129,12,14,0
170,87,83,2,31,1,1,0
70,70,0,1,0,1,0,2
146,146,0,1,0,1,0,1
198,93,105,2,30,1,1,0
14519,9445,5074,35,15,20,15,0
209,110,99,2,30,1,1,0
247,98,149,2,33,1,1,0
5968,985,4983,17,28,8,9,0
61771,2713,59058,80,45,35,45,0
62,62,0,1,0,1,0,1
652,209,443,6,50,3,3,0
784,94,690,2,30,1,1,0
198,102,96,2,30,1,1,0
9725,3931,5794,46,48,25,21,0
316,136,180,6,5,3,3,0
334,92,242,4,49,2,2,0
60,60,0,1,0,1,0,1
62,62,0,1,0,1,0,1
70,70,0,1,0,1,0,2
70,70,0,1,0,1,0,2
7840,1829,6011,24,85,14,10,0
70657,70002,655,845,88,839,6,0
6311,1229,5082,18,16,8,10,0
62,62,0,1,0,1,0,1
62,62,0,1,0,1,0,1
26747,8027,18720,58,92,25,33,0
164,84,80,2,31,1,1,0
184,94,90,2,31,1,1,0
199,102,97,2,30,1,1,0
778,103,675,2,31,1,1,0
6094,954,5140,15,3601,8,7,0
70,70,0,2,8,2,0,0
146,146,0,1,0,1,0,1
6548,4210,2338,23,18,12,11,0
258,71,187,2,30,1,1,0
62,62,0,1,0,1,0,1
62,62,0,1,0,1,0,1
374,192,182,7,41,4,3,0
214,110,104,2,30,1,1,0
70,70,0,1,5,1,0,0
66,66,0,1,0,1,0,2
15584,2721,12863,44,103,21,23,0
70,70,0,1,0,1,0,2
66,66,0,1,0,1,0,2
70,70,0,1,0,1,0,2
5530,2343,3187,22,128,10,12,0
336,150,186,6,89,3,3,0
82,82,0,1,30,1,0,0
196,102,94,2,30,1,1,0
62,62,0,1,0,1,0,1
168,86,82,2,30,1,1,0
70,70,0,1,0,1,0,2
66,66,0,1,0,1,0,1
66,66,0,1,0,1,0,2
214,102,112,2,30,1,1,0
47137,10210,36927,80,477,38,42,0
234,234,0,4,12,4,0,0
60,60,0,1,0,1,0,1
146,146,0,1,0,1,0,1
102,102,0,1,30,1,0,0
4067,1750,2317,16,15,9,7,0
177,94,83,2,31,1,1,0
66,66,0,1,0,1,0,2
1856,1217,639,18,176,11,7,0
66,66,0,1,0,1,0,1
66,66,0,1,0,1,0,2
177,94,83,2,30,1,1,0
480,244,236,4,0,2,2,0
4616,1709,2907,19,28,11,8,0
6351,4202,2149,35,94,18,17,0
60,60,0,1,0,1,0,1
8062,2186,5876,29,136,15,14,0
3120,1862,1258,18,15,11,7,0
177,94,83,2,29,1,1,0
613,539,74,7,15,6,1,0
62,62,0,1,0,1,0,1
179,94,85,2,29,1,1,0
66,66,0,1,0,1,0,1
753,96,657,2,31,1,1,0
1047,560,487,10,16,6,4,0
975832,29038,946794,991,51,341,650,0
481,150,331,2,1200,1,1,0
70,70,0,1,0,1,0,2
66,66,0,1,0,1,0,2
180,94,86,2,31,1,1,0
2494,1643,851,17,25,9,8,0
26924,4418,22506,34,25,13,21,0
306802,26705,280097,395,21,190,205,0
2272,1679,593,10,34,6,4,0
233,90,143,2,32,1,1,0
62,62,0,1,0,1,0,1
66,66,0,1,0,1,0,2
86,86,0,1,0,1,0,1
287,102,185,2,30,1,1,0
7086,2173,4913,20,16,10,10,0
66,66,0,1,0,1,0,2
62,62,0,1,0,1,0,1
1821,1088,733,17,15,9,8,0
257,94,163,2,30,1,1,0
62,62,0,1,0,1,0,1
66,66,0,1,0,1,0,1
14264,4441,9823,74,386,38,36,0
78,78,0,1,30,1,0,0
70,70,0,1,0,1,0,2
86,86,0,1,30,1,0,0
12716,2575,10141,55,141,27,28,0
1514,480,1034,11,15,6,5,0
176,90,86,2,30,1,1,0
184,94,90,2,30,1,1,0
6578,1571,5007,24,17,13,11,0
509,150,359,2,1200,1,1,0
183,94,89,2,30,1,1,0
146,146,0,1,0,1,0,1
297,102,195,4,34,2,2,0
4866,3323,1543,25,94,14,11,0
194,102,92,2,30,1,1,0
66,66,0,1,0,1,0,2
763,101,662,2,31,1,1,0
183,94,89,2,30,1,1,0
66,66,0,1,0,1,0,2
277,110,167,2,30,1,1,0
70,70,0,1,0,1,0,2
70,70,0,1,0,1,0,2
3942042,47512,3894530,3167,53,526,2641,0
62,62,0,1,0,1,0,1
262,94,168,2,29,1,1,0
66,66,0,1,0,1,0,2
1582,965,617,15,18,7,8,0
3085,1404,1681,15,15,7,8,0
70,70,0,1,0,1,0,2
225,110,115,2,30,1,1,0
62,62,0,1,0,1,0,1
70,70,0,1,0,1,0,2
195,102,93,2,31,1,1,0
146,146,0,1,0,1,0,1
186,95,91,2,30,1,1,0
66,66,0,1,90,1,0,0
62,62,0,1,0,1,0,1
167,86,81,2,30,1,1,0
216,110,106,2,31,1,1,0
318,192,126,6,25,4,2,0
5029,2608,2421,15,25,9,6,0
398,255,143,3,33,2,1,0
121935,7839,114096,175,255,82,93,0
196,94,102,2,31,1,1,0
62,62,0,1,0,1,0,1
70,70,0,1,0,1,0,2
369,102,267,2,30,1,1,0
70,70,0,1,0,1,0,2
7165,1099,6066,16,15,9,7,0
840,700,140,13,59,11,2,0
39091,9981,29110,93,208,42,51,0
66,66,0,1,0,1,0,1
12302,5509,6793,43,1061,16,27,0
244,98,146,2,32,1,1,0
15550,1508,14042,28,19,13,15,0
177,94,83,2,30,1,1,0
273,94,179,2,30,1,1,0
66,66,0,1,0,1,0,2
15611,1501,14110,32,361,14,18,0
82,82,0,1,30,1,0,0
146,146,0,1,0,1,0,1
70,70,0,1,0,1,0,2
4371,1115,3256,19,19,9,10,0
168,78,90,2,30,1,1,0
70,70,0,1,5,1,0,0
156,94,62,2,30,1,1,0
92799,4939,87860,111,16,45,66,0
70,70,0,1,0,1,0,1
66,66,0,1,0,1,0,1
276,70,206,5,32,2,3,0
79561,11513,68048,183,94,95,88,0
170,87,83,2,30,1,1,0
66,66,0,2,8,2,0,0
62,62,0,1,0,1,0,3
66,66,0,1,0,1,0,2
66,66,0,1,0,1,0,2
70,70,0,1,0,1,0,2
789,110,679,2,31,1,1,0
3427,2159,1268,20,17,11,9,0
66,66,0,1,0,1,0,1
350,210,140,6,28,4,2,0
233778,8502,225276,276,34,109,167,0
70,70,0,1,0,1,0,2
70,70,0,1,0,1,0,2
66,66,0,1,0,1,0,1
70,70,0,1,0,1,0,2
66,66,0,1,0,1,0,2
66,66,0,1,30,1,0,0
199,102,97,2,29,1,1,0
136,136,0,3,14,3,0,0
2450,1451,999,19,315,10,9,0
62,62,0,1,0,1,0,1
62,62,0,1,0,1,0,1
70,70,0,1,0,1,0,2
70,70,0,1,0,1,0,2
62,62,0,1,0,1,0,1
772,100,672,2,31,1,1,0
70,70,0,1,5,1,0,0
10420,3506,6914,33,274,18,15,0
212,92,120,2,30,1,1,0
209,110,99,2,30,1,1,0
92479,4869,87610,109,16,44,65,0
62,62,0,1,0,1,0,1
136,136,0,3,14,3,0,0
5167,700,4467,16,15,7,9,0
62,62,0,1,0,1,0,1
26064,2233,23831,44,97,23,21,0
218,90,128,2,30,1,1,0
499,425,74,4,1,3,1,0
70,70,0,1,0,1,0,2
93673,74276,19397,194,67,111,83,0
146,146,0,1,0,1,0,1
28707,2793,25914,58,115,29,29,0
66,66,0,1,0,1,0,1
196,102,94,2,31,1,1,0
9911,2041,7870,34,120,17,17,0
70,70,0,1,0,1,0,2
443,182,261,6,30,3,3,0
66,66,0,1,0,1,0,2
194,102,92,2,30,1,1,0
5092,2574,2518,14,135,7,7,0
255,102,153,2,30,1,1,0
74654,9673,64981,221,616,106,115,0
62,62,0,1,0,1,0,1
730,548,182,4,30,2,2,0
70,70,0,1,0,1,0,2
816,102,714,2,30,1,1,0
306,94,212,4,33,2,2,0
193,102,91,2,31,1,1,0
70,70,0,1,0,1,0,2
1658,1247,411,8,15,5,3,0
11894,2661,9233,32,32,18,14,0
70,70,0,1,0,1,0,2
82,82,0,1,31,1,0,0
70,70,0,1,0,1,0,2
70,70,0,2,8,2,0,0
517,163,354,2,1200,1,1,0
499,425,74,4,0,3,1,0
70,70,0,1,0,1,0,2
66,66,0,1,0,1,0,1
70,70,0,1,0,1,0,2
66,66,0,1,0,1,0,1
70,70,0,1,0,1,0,2
66,66,0,1,0,1,0,2
70,70,0,1,0,1,0,2
66,66,0,1,0,1,0,1
7511,2237,5274,17,16,9,8,0
1687,951,736,10,93,6,4,0
7819,2474,5345,25,82,13,12,0
62,62,0,1,0,1,0,1
130,70,60,3,5,2,1,0
70,70,0,1,0,1,0,2
1266,383,883,16,393,4,12,0
90030,13137,76893,92,47,29,63,0
209,102,107,2,30,1,1,0
214,110,104,2,29,1,1,0
178,94,84,2,29,1,1,0
208,60,148,4,11,2,2,0
74,74,0,1,0,1,0,1
62,62,0,1,0,1,0,1
66,66,0,1,0,1,0,2
214,110,104,2,30,1,1,0
4209,2221,1988,25,157,12,13,0
66,66,0,1,0,1,0,2
170,87,83,2,31,1,1,0
364,89,275,4,33,2,2,0
62,62,0,1,0,1,0,1
177,94,83,2,29,1,1,0
481,150,331,2,1199,1,1,0
2971,1509,1462,10,15,6,4,0
70,70,0,1,0,1,0,2
4609,1702,2907,19,29,11,8,0
192,98,94,2,31,1,1,0
283,110,173,2,29,1,1,0
70,70,0,1,0,1,0,2
214,110,104,2,30,1,1,0
70,70,0,1,0,1,0,2
7942,870,7072,22,15,10,12,0
66,66,0,1,0,1,0,1
70,70,0,1,0,1,0,2
25125,2681,22444,36,318,19,17,0
62,62,0,1,0,1,0,1
7959,3288,4671,19,97,11,8,0
2080,1126,954,17,150,10,7,0
60,60,0,1,0,1,0,1
198,93,105,2,30,1,1,0
66,66,0,1,0,1,0,1
66,66,0,1,0,1,0,1
178,94,84,2,29,1,1,0
5613,733,4880,16,15,9,7,0
166,86,80,2,30,1,1,0
312,192,120,6,41,4,2,0
70,70,0,2,8,2,0,0
70,70,0,1,0,1,0,2
195,102,93,2,31,1,1,0
66,66,0,1,0,1,0,1
198,101,97,2,31,1,1,0
552,306,246,9,16,5,4,0
70,70,0,1,0,1,0,2
150,150,0,1,1199,1,0,0
62,62,0,1,0,1,0,1
22639,7456,15183,32,16,17,15,0
146,146,0,1,0,1,0,1
3433,1192,2241,13,136,6,7,0
6337,1378,4959,19,140,9,10,0
97211,3043,94168,109,121,37,72,0
70,70,0,1,0,1,0,2
66,66,0,1,0,1,0,1
66,66,0,1,0,1,0,2
66,66,0,1,0,1,0,2
66,66,0,1,0,1,0,1
819,102,717,2,30,1,1,0
709,523,186,6,16,3,3,0
62,62,0,1,0,1,0,1
62,62,0,1,0,1,0,1
726,726,0,12,1200,12,0,0
5331564,43954,5287610,4171,80,672,3499,0
66,66,0,1,0,1,0,1
4804,866,3938,19,26,10,9,0
70,70,0,1,0,1,0,2
2334,1575,759,11,148,6,5,0
66,66,0,1,0,1,0,1
60,60,0,1,0,1,0,1
70,70,0,1,0,1,0,2
198,101,97,2,31,1,1,0
9246,1808,7438,35,92,17,18,0
70,70,0,1,0,1,0,2
66,66,0,1,0,1,0,2
70,70,0,1,0,1,0,2
199,102,97,2,29,1,1,0
7738,879,6859,19,27,10,9,0
66,66,0,1,0,1,0,2
208,94,114,2,30,1,1,0
216,110,106,2,30,1,1,0
70,70,0,1,0,1,0,2
183,94,89,2,30,1,1,0
187,98,89,3,52,2,1,0
318,192,126,6,25,4,2,0
1577,949,628,16,71,9,7,0
243,94,149,2,30,1,1,0
244,98,146,2,33,1,1,0
3937,1210,2727,18,134,8,10,0
793,101,692,2,30,1,1,0
2924,653,2271,13,135,6,7,0
13059,5161,7898,34,84,19,15,0
86,86,0,1,30,1,0,0
66,66,0,1,0,1,0,1
870,330,540,12,1316,6,6,0
9741,4687,5054,36,165,21,15,0
459,149,310,2,1200,1,1,0
1386,1386,0,22,2342,22,0,0
726,726,0,12,1200,12,0,0
183,86,97,2,30,1,1,0
1299,793,506,12,15,6,6,0
62,62,0,1,0,1,0,1
60,60,0,1,0,1,0,1
70,70,0,2,8,2,0,0
70,70,0,1,0,1,0,2
66,66,0,1,0,1,0,1
66,66,0,2,8,2,0,0
177,94,83,2,30,1,1,0
6035,1758,4277,27,1169,15,12,0
66,66,0,1,0,1,0,1
211,110,101,2,29,1,1,0
66,66,0,1,0,1,0,1
305,101,204,4,44,2,2,0
166,86,80,2,30,1,1,0
70,70,0,1,0,1,0,2
4731,2270,2461,18,15,10,8,0
74,74,0,1,0,1,0,1
305,126,179,2,30,1,1,0
819,102,717,2,29,1,1,0
198,101,97,2,31,1,1,0
211,78,133,2,30,1,1,0
66,66,0,1,0,1,0,2
6158,654,5504,15,16,8,7,0
66,66,0,1,0,1,0,1
215,80,135,2,33,1,1,0
231110,14545,216565,307,18,154,153,0
214,140,74,4,15,3,1,0
192,98,94,2,31,1,1,0
775,103,672,2,30,1,1,0
70,70,0,1,0,1,0,2
130,70,60,3,5,2,1,0
62,62,0,1,0,1,0,1
906,126,780,2,30,1,1,0
5640,3241,2399,22,120,11,11,0
198,102,96,2,30,1,1,0
195,78,117,2,29,1,1,0
422,164,258,6,30,3,3,0
70,70,0,1,0,1,0,2
456259,379546,76713,1179,364,656,523,0
62,62,0,1,0,1,0,1
66,66,0,1,0,1,0,1
183,94,89,2,30,1,1,0
70,70,0,2,8,2,0,0
5819,1571,4248,26,58,14,12,0
192,98,94,2,31,1,1,0
1113,589,524,12,28,6,6,0
2600,844,1756,13,136,7,6,0
16012,6573,9439,43,175,20,23,0
194,87,107,2,30,1,1,0
366,102,264,4,46,2,2,0
146,146,0,1,0,1,0,1
70,70,0,1,0,1,0,2
2316,1353,963,17,276,9,8,0
6847,1658,5189,21,25,12,9,0
146,146,0,1,0,1,0,1
83,83,0,2,31,2,0,0
5574,999,4575,21,256,11,10,0
7402,2429,4973,40,139,22,18,0
184,94,90,2,30,1,1,0
70,70,0,1,0,1,0,2
70,70,0,1,0,1,0,2
177,94,83,2,30,1,1,0
70,70,0,1,0,1,0,2
4824,671,4153,13,29,7,6,0
211,102,109,2,30,1,1,0
184,94,90,2,30,1,1,0
196,102,94,2,30,1,1,0
70,70,0,2,8,2,0,0
66,66,0,1,0,1,0,1
14166,2015,12151,27,127,11,16,0
194,99,95,2,30,1,1,0
66,66,0,1,0,1,0,1
26959,1764,25195,42,48,18,24,0
66,66,0,1,0,1,0,2
811,94,717,2,30,1,1,0
62,62,0,1,0,1,0,1
448,166,282,2,30,1,1,0
1207,605,602,10,25,5,5,0
499,425,74,4,0,3,1,0
324,250,74,5,3605,4,1,0
60,60,0,1,0,1,0,1
244,98,146,2,31,1,1,0
748,95,653,2,30,1,1,0
70,70,0,1,0,1,0,2
70,70,0,1,0,1,0,2
193,102,91,2,29,1,1,0
378,192,186,7,26,4,3,0
60,60,0,1,0,1,0,1
2419,330,2089,12,135,5,7,0
74325,3719,70606,98,200,44,54,0
100,100,0,1,0,1,0,1
66,66,0,1,0,1,0,1
70,70,0,1,0,1,0,2
199,102,97,2,30,1,1,0
8028,1787,6241,32,28,17,15,0
72,72,0,1,0,1,0,1
62,62,0,1,0,1,0,1
70,70,0,1,0,1,0,2
66,66,0,1,0,1,0,1
66,66,0,1,0,1,0,2
66,66,0,1,0,1,0,2
5570,901,4669,16,27,8,8,0
66,66,0,1,5,1,0,0
146,146,0,1,0,1,0,1
6439,1702,4737,21,68,13,8,0
10615,5909,4706,28,42,14,14,0
167,78,89,2,30,1,1,0
70,70,0,1,0,1,0,2
143399,8522,134877,208,153,101,107,0
66,66,0,1,0,1,0,1
70,70,0,1,0,1,0,2
70,70,0,1,0,1,0,2
66,66,0,1,0,1,0,1
62,62,0,1,0,1,0,1
366,240,126,7,26,5,2,0
198,101,97,2,31,1,1,0
62,62,0,1,0,1,0,1
630054,19786,610268,711,381,261,450,0
308,128,180,6,30,3,3,0
62,62,0,1,0,1,0,1
6162,925,5237,18,179,10,8,0
182,93,89,2,31,1,1,0
767,102,665,2,30,1,1,0
78,78,0,1,0,1,0,1
70,70,0,1,0,1,0,2
66,66,0,1,0,1,0,2
66,66,0,1,0,1,0,2
2756,1594,1162,20,27,11,9,0
217,87,130,2,31,1,1,0
196,102,94,2,31,1,1,0
463,128,335,4,41,2,2,0
146,146,0,1,0,1,0,1
66,66,0,1,0,1,0,2
60,60,0,1,0,1,0,1
151,151,0,1,0,1,0,1
62,62,0,1,0,1,0,1
70,70,0,2,8,2,0,0
274,110,164,2,30,1,1,0
10840,6789,4051,143,4379,82,61,0
711,87,624,2,30,1,1,0
60,60,0,1,0,1,0,1
1251,722,529,11,147,6,5,0
9667,4709,4958,27,88,14,13,0
177,94,83,2,30,1,1,0
177,94,83,2,30,1,1,0
62,62,0,1,0,1,0,1
193,102,91,2,30,1,1,0
371,94,277,2,30,1,1,0
70,70,0,1,0,1,0,2
156,156,0,2,0,2,0,1
469,149,320,2,1200,1,1,0
199,94,105,2,30,1,1,0
62,62,0,1,0,1,0,1
8480,2236,6244,27,81,15,12,0
70,70,0,1,5,1,0,0
66,66,0,1,0,1,0,2
177,94,83,2,29,1,1,0
1302,849,453,10,126,6,4,0
70,70,0,1,0,1,0,2
1134364,30994,1103370,1170,175,403,767,0
50093,8331,41762,75,48,36,39,0
70,70,0,1,0,1,0,2
320,140,180,6,6,3,3,0
66,66,0,1,0,1,0,1
70,70,0,1,0,1,0,2
70,70,0,2,8,2,0,0
122815,48545,74270,164,95,76,88,0
499,425,74,4,0,3,1,0
70,70,0,1,0,1,0,2
70,70,0,1,0,1,0,2
63696,4774,58922,83,125,32,51,0
1114,534,580,12,16,7,5,0
62,62,0,1,0,1,0,1
70,70,0,1,0,1,0,2
196,102,94,2,29,1,1,0
66,66,0,1,0,1,0,1
66,66,0,1,0,1,0,1
8641,955,7686,19,259,8,11,0
11565,5557,6008,52,16,27,25,0
66,66,0,1,0,1,0,2
66,66,0,1,0,1,0,1
311,102,209,2,30,1,1,0
70,70,0,1,0,1,0,2
179,94,85,2,29,1,1,0
70,70,0,1,0,1,0,2
5212,1037,4175,20,115,10,10,0
170,87,83,2,30,1,1,0
214,90,124,2,29,1,1,0
70,70,0,1,0,1,0,2
301,102,199,2,30,1,1,0
66,66,0,1,0,1,0,1
70,70,0,1,5,1,0,0
178,94,84,2,31,1,1,0
66,66,0,1,0,1,0,2
62,62,0,1,0,1,0,1
66,66,0,1,0,1,0,1
825,99,726,2,30,1,1,0
136,136,0,3,14,3,0,0
349,94,255,2,30,1,1,0
66,66,0,1,5,1,0,0
66,66,0,1,0,1,0,1
184,94,90,2,30,1,1,0
70,70,0,1,0,1,0,2
350,89,261,4,53,2,2,0
499,425,74,4,0,3,1,0
66,66,0,1,0,1,0,2
167,86,81,2,30,1,1,0
168,86,82,2,31,1,1,0
177,94,83,2,30,1,1,0
460,150,310,2,1200,1,1,0
70,70,0,1,4,1,0,0
155471,20626,134845,193,95,92,101,0
244,110,134,2,30,1,1,0
60,60,0,1,0,1,0,1
481,150,331,2,1200,1,1,0
62,62,0,1,0,1,0,1
167,86,81,2,30,1,1,0
66,66,0,1,0,1,0,1
66,66,0,1,0,1,0,1
6128,1356,4772,20,978,10,10,0
70,70,0,1,0,1,0,2
2631,1207,1424,14,16,9,5,0
47589,17003,30586,283,238,128,155,0
145,145,0,1,0,1,0,1
184,102,82,2,30,1,1,0
62,62,0,1,0,1,0,1
66,66,0,1,0,1,0,1
168,86,82,2,31,1,1,0
70,70,0,1,0,1,0,2
74,74,0,1,0,1,0,1
14956,2081,12875,30,20,16,14,0
289,94,195,4,31,2,2,0
66,66,0,1,0,1,0,2
184,102,82,2,29,1,1,0
200808,6612,194196,217,3669,83,134,0
62,62,0,1,0,1,0,1
78,78,0,1,0,1,0,1
70,70,0,1,0,1,0,2
4734755,152171,4582584,5334,405,2083,3251,0
62,62,0,1,0,1,0,1
62,62,0,1,0,1,0,1
66,66,0,1,0,1,0,1
70,70,0,1,0,1,0,2
3688274,86827,3601447,3622,32,1228,2394,0
70,70,0,1,0,1,0,2
210,110,100,2,29,1,1,0
66,66,0,1,0,1,0,2
62,62,0,1,0,1,0,1
70,70,0,1,0,1,0,2
62,62,0,1,0,1,0,1
62,62,0,1,0,1,0,1
66,66,0,1,0,1,0,1
66,66,0,1,0,1,0,1
196,102,94,2,30,1,1,0
24544,10921,13623,171,1095,89,82,0
66,66,0,1,0,1,0,1
66,66,0,1,0,1,0,1
70,70,0,1,0,1,0,2
1411,921,490,12,15,7,5,0
62,62,0,1,0,1,0,1
330,330,0,6,1200,6,0,0
66,66,0,1,0,1,0,2
70,70,0,1,0,1,0,2
62,62,0,1,0,1,0,1
134,60,74,3,10,2,1,0
66,66,0,1,0,1,0,1
66,66,0,1,0,1,0,1
170,87,83,2,30,1,1,0
209,94,115,2,29,1,1,0
66,66,0,1,0,1,0,1
145,145,0,1,0,1,0,1
216,94,122,2,29,1,1,0
60,60,0,1,0,1,0,1
62,62,0,1,0,1,0,1
70,70,0,1,0,1,0,2
146,146,0,1,0,1,0,1
31161,4934,26227,73,115,32,41,0
146,146,0,1,0,1,0,1
209,110,99,2,30,1,1,0
70,70,0,1,0,1,0,2
5052,2873,2179,26,15,14,12,0
70,70,0,1,0,1,0,2
70,70,0,1,0,1,0,2
93540,22718,70822,155,918,65,90,0
70,70,0,1,0,1,0,2
184,94,90,2,30,1,1,0
66,66,0,1,0,1,0,1
199,102,97,2,30,1,1,0
70,70,0,1,0,1,0,2
194,87,107,2,30,1,1,0
257,101,156,2,32,1,1,0
318,192,126,6,28,4,2,0
197,90,107,2,30,1,1,0
1903,968,935,16,16,9,7,0
66,66,0,1,0,1,0,2
230,110,120,2,29,1,1,0
8600,1437,7163,18,144,10,8,0
2637658,83234,2554424,2794,140,929,1865,0
166,86,80,2,29,1,1,0
62,62,0,1,0,1,0,1
62,62,0,1,0,1,0,1
752,93,659,2,30,1,1,0
60,60,0,1,0,1,0,1
70,70,0,1,0,1,0,2
247,98,149,2,32,1,1,0
70,70,0,1,0,1,0,2
157,157,0,1,0,1,0,1
314,192,122,6,26,4,2,0
62,62,0,1,0,1,0,1
62,62,0,1,0,1,0,1
66,66,0,1,0,1,0,1
62,62,0,1,0,1,0,1
66,66,0,1,0,1,0,2
70,70,0,1,5,1,0,0
70,70,0,1,0,1,0,2
216,90,126,2,30,1,1,0
60,60,0,1,5,1,0,0
229,98,131,2,30,1,1,0
170,87,83,2,30,1,1,0
168,78,90,2,29,1,1,0
512,166,346,2,29,1,1,0
70,70,0,1,0,1,0,2
70,70,0,1,5,1,0,0
196,102,94,2,31,1,1,0
70,70,0,1,0,1,0,2
454,262,192,8,42,5,3,0
156,62,94,2,10,1,1,0
70,70,0,1,0,1,0,2
365,233,132,3,34,2,1,0
193,102,91,2,30,1,1,0
241,94,147,2,29,1,1,0
66,66,0,1,5,1,0,0
216,110,106,2,30,1,1,0
481,150,331,2,1200,1,1,0
156,94,62,2,30,1,1,0
66,66,0,1,0,1,0,2
62,62,0,1,0,1,0,1
1717,1247,470,9,15,5,4,0
275,94,181,2,30,1,1,0
7537,2310,5227,19,142,8,11,0
11007,2491,8516,44,4411,18,26,0
66,66,0,1,0,1,0,1
1786,172,1614,7,120,3,4,0
492,91,401,4,56,2,2,0
189,78,111,2,30,1,1,0
70,70,0,1,0,1,0,2
460,150,310,2,1200,1,1,0
66,66,0,2,8,2,0,0
430,152,278,7,32,3,4,0
60,60,0,1,0,1,0,1
195,102,93,2,31,1,1,0
70,70,0,1,0,1,0,2
70,70,0,1,0,1,0,2
509,150,359,2,1200,1,1,0
196,102,94,2,31,1,1,0
197,102,95,2,31,1,1,0
70,70,0,1,0,1,0,2
62,62,0,1,0,1,0,1
154,94,60,2,5,1,1,0
66,66,0,1,0,1,0,1
66,66,0,1,0,1,0,1
62,62,0,1,0,1,0,1
184,94,90,2,30,1,1,0
578,286,292,9,15,5,4,0
66,66,0,1,0,1,0,1
5440,4368,1072,19,34,11,8,0
7488,2474,5014,23,3600,12,11,0
70,70,0,1,0,1,0,2
60,60,0,1,0,1,0,1
463,90,373,4,34,2,2,0
60,60,0,1,0,1,0,1
315567,15410,300157,404,46,189,215,0
308,97,211,4,33,2,2,0
60,60,0,1,0,1,0,1
241,98,143,2,30,1,1,0
228,118,110,2,1200,1,1,0
66,66,0,1,0,1,0,1
70,70,0,1,5,1,0,0
70,70,0,1,0,1,0,2
70,70,0,1,5,1,0,0
151,89,62,2,30,1,1,0
66,66,0,1,0,1,0,1
348,132,216,6,26,3,3,0
66,66,0,1,0,1,0,2
70,70,0,1,0,1,0,2
288525,15601,272924,383,33,193,190,0
159,159,0,1,0,1,0,1
70,70,0,1,5,1,0,0
62,62,0,1,0,1,0,1
1504,926,578,15,36,9,6,0
195,102,93,2,30,1,1,0
506,292,214,8,16,5,3,0
29945,19086,10859,98,736,50,48,0
62,62,0,1,0,1,0,1
62,62,0,1,0,1,0,1
330,94,236,4,48,2,2,0
193,102,91,2,29,1,1,0
14923,1978,12945,32,49,17,15,0
66,66,0,1,0,1,0,1
168,78,90,2,30,1,1,0
2734,1250,1484,16,15,10,6,0
66,66,0,1,0,1,0,2
74,74,0,1,0,1,0,1
62,62,0,1,0,1,0,1
613606,29392,584214,757,42,337,420,0
70,70,0,2,8,2,0,0
66,66,0,1,0,1,0,1
146,146,0,1,0,1,0,1
60,60,0,1,0,1,0,1
146,146,0,1,0,1,0,1
7956,1967,5989,20,15,11,9,0
7551,2453,5098,22,126,12,10,0
60,60,0,1,0,1,0,1
62,62,0,1,0,1,0,1
70,70,0,1,0,1,0,2
366,180,186,7,28,4,3,0
70,70,0,1,0,1,0,2
62,62,0,1,0,1,0,1
323,94,229,2,30,1,1,0
177,94,83,2,30,1,1,0
66,66,0,1,0,1,0,1
132,132,0,3,1199,3,0,0
74,74,0,1,0,1,0,1
66,66,0,1,0,1,0,1
66,66,0,1,0,1,0,1
452,118,334,2,30,1,1,0
62,62,0,1,0,1,0,1
66,66,0,1,0,1,0,1
66,66,0,1,0,1,0,2
70,70,0,1,0,1,0,2
66,66,0,1,0,1,0,2
206,83,123,2,31,1,1,0
11019,4673,6346,32,423,17,15,0
116680,5773,110907,126,21,46,80,0
66,66,0,1,0,1,0,2
146,146,0,1,0,1,0,1
2807,587,2220,13,16,7,6,0
212,102,110,2,30,1,1,0
62,62,0,1,0,1,0,1
78,78,0,1,0,1,0,1
70,70,0,1,0,1,0,2
62,62,0,1,0,1,0,1
178,94,84,2,30,1,1,0
70,70,0,1,0,1,0,2
4378,1471,2907,19,27,11,8,0
70,70,0,1,0,1,0,2
70,70,0,1,0,1,0,2
70,70,0,2,8,2,0,0
66,66,0,1,0,1,0,1
66,66,0,2,8,2,0,0
6178,1669,4509,19,15,11,8,0
44881,949,43932,47,15,14,33,0
1356,300,1056,6,1200,3,3,0
62,62,0,1,0,1,0,1
7330,1565,5765,20,134,10,10,0
323,102,221,2,30,1,1,0
4209,2056,2153,50,277,24,26,0
8773,1538,7235,25,15,14,11,0
66,66,0,1,0,1,0,2
66,66,0,1,0,1,0,1
62,62,0,1,0,1,0,1
66,66,0,1,0,1,0,1
271,94,177,2,30,1,1,0
166956,16834,150122,187,161,72,115,0
438,89,349,4,44,2,2,0
62,62,0,1,0,1,0,1
580,121,459,4,1199,2,2,0
62,62,0,1,0,1,0,1
66,66,0,1,0,1,0,1
7710,3375,4335,32,131,18,14,0
374,94,280,2,30,1,1,0
66,66,0,1,0,1,0,1
288,83,205,2,30,1,1,0
66,66,0,1,0,1,0,1
62,62,0,1,0,1,0,1
66,66,0,1,0,1,0,1
70,70,0,2,8,2,0,0
3651,2020,1631,16,65,9,7,0
62,62,0,1,0,1,0,1
342,142,200,2,30,1,1,0
260,140,120,5,6,3,2,0
62,62,0,1,0,1,0,1
62,62,0,1,0,1,0,1
66,66,0,1,0,1,0,1
6527,1142,5385,23,32,13,10,0
198,102,96,2,30,1,1,0
6575,1995,4580,26,100,13,13,0
8937,3934,5003,18,120,9,9,0
138,69,69,2,30,1,1,0
66,66,0,1,0,1,0,1
1272,389,883,16,394,4,12,0
366,240,126,7,21,5,2,0
184,102,82,2,30,1,1,0
8884,4067,4817,24,19,11,13,0
199,102,97,2,30,1,1,0
184,94,90,2,30,1,1,0
4603,2152,2451,14,22,8,6,0
3150,831,2319,13,135,6,7,0
193,102,91,2,30,1,1,0
66,66,0,1,0,1,0,1
266,110,156,2,30,1,1,0
293424,16379,277045,410,93,193,217,0
70,70,0,1,0,1,0,2
292,87,205,4,42,2,2,0
60,60,0,1,0,1,0,1
12499310,161518,12337792,10496,70,2325,8171,0
70,70,0,1,0,1,0,2
145,145,0,1,0,1,0,1
62,62,0,1,0,1,0,1
184,102,82,2,30,1,1,0
5518,527,4991,13,75,6,7,0
2113,1181,932,10,127,6,4,0
145,145,0,1,0,1,0,1
146,146,0,1,0,1,0,1
66,66,0,1,0,1,0,1
70,70,0,1,0,1,0,2
7162,780,6382,18,50,8,10,0
62,62,0,1,0,1,0,1
66,66,0,1,0,1,0,2
79399,4048,75351,90,120,32,58,0
62,62,0,1,0,1,0,1
70,70,0,1,0,1,0,2
66,66,0,2,8,2,0,0
70,70,0,2,7,2,0,0
70,70,0,1,0,1,0,2
70,70,0,1,0,1,0,2
199,102,97,2,30,1,1,0
211,102,109,2,30,1,1,0
66,66,0,1,0,1,0,1
4514,1928,2586,17,241,8,9,0
66,66,0,1,0,1,0,1
274,94,180,2,30,1,1,0
6266,4430,1836,22,358,13,9,0
62,62,0,1,0,1,0,1
66,66,0,1,0,1,0,1
70,70,0,1,0,1,0,2
62,62,0,1,0,1,0,1
66,66,0,1,0,1,0,1
619,102,517,4,43,2,2,0
7434,1695,5739,23,27,12,11,0
2782,1480,1302,17,15,9,8,0
186,95,91,2,31,1,1,0
186,95,91,2,31,1,1,0
66,66,0,1,0,1,0,2
158,158,0,1,1200,1,0,0
774,101,673,2,30,1,1,0
66,66,0,2,8,2,0,0
793,101,692,2,31,1,1,0
228,118,110,2,1200,1,1,0
70,70,0,1,0,1,0,2
74,74,0,1,0,1,0,1
66,66,0,1,0,1,0,2
184,94,90,2,30,1,1,0
70,70,0,2,8,2,0,0
60,60,0,1,0,1,0,1
89322,8569,80753,102,316,31,71,0
70,70,0,1,0,1,0,2
3855,2679,1176,28,45,15,13,0
2680,255,2425,9,120,4,5,0
130,70,60,3,5,2,1,0
66,66,0,1,0,1,0,2
60,60,0,1,0,1,0,1
70,70,0,1,0,1,0,2
10841,821,10020,19,15,9,10,0
198,102,96,2,29,1,1,0
5577,1977,3600,29,56,16,13,0
66,66,0,2,7,2,0,0
6058,1038,5020,20,66,11,9,0
229,102,127,2,29,1,1,0
168,86,82,2,30,1,1,0
70,70,0,1,0,1,0,2
499,425,74,4,0,3,1,0
42792,12402,30390,98,370,45,53,0
14077960,171956,13906004,11755,133,2437,9318,0
672,306,366,11,16,5,6,0
15561,8186,7375,44,47,26,18,0
62,62,0,1,0,1,0,1
817,102,715,2,30,1,1,0
211,102,109,2,30,1,1,0
60,60,0,1,0,1,0,1
199,102,97,2,30,1,1,0
177,94,83,2,30,1,1,0
52864,3584,49280,86,95,39,47,0
1887,1152,735,18,28,9,9,0
62,62,0,1,0,1,0,1
8415,3119,5296,26,73,9,17,0
66,66,0,2,8,2,0,0
6035,782,5253,16,109,8,8,0
220,78,142,2,30,1,1,0
66,66,0,1,0,1,0,1
1977,921,1056,9,16,5,4,0
62,62,0,1,0,1,0,1
70,70,0,1,0,1,0,2
62,62,0,1,0,1,0,1
1472,98,1374,4,54,2,2,0
701,88,613,2,30,1,1,0
62,62,0,1,0,1,0,1
70,70,0,1,0,1,0,2
865,126,739,2,30,1,1,0
5341,1386,3955,19,649,11,8,0
70,70,0,1,0,1,0,2
70,70,0,1,0,1,0,2
62,62,0,1,0,1,0,1
5663,2416,3247,26,159,14,12,0
332,332,0,1,0,1,0,1
66,66,0,1,0,1,0,2
70,70,0,2,8,2,0,0
62,62,0,1,0,1,0,1
66,66,0,1,0,1,0,1
76969,3534,73435,97,34,40,57,0
345,345,0,1,0,1,0,1
186,95,91,2,30,1,1,0
66,66,0,1,0,1,0,1
232,94,138,2,30,1,1,0
62,62,0,1,0,1,0,1
4051,2587,1464,18,16,9,9,0
216,90,126,2,30,1,1,0
194,99,95,2,31,1,1,0
70,70,0,1,0,1,0,2
70,70,0,1,0,1,0,2
66,66,0,1,0,1,0,2
469,150,319,2,1199,1,1,0
832,832,0,14,95,14,0,0
66,66,0,1,0,1,0,1
8975,1129,7846,19,31,10,9,0
5576,2436,3140,21,26,12,9,0
198,102,96,2,32,1,1,0
1162,1162,0,1,0,1,0,1
199,94,105,2,30,1,1,0
195,102,93,2,29,1,1,0
2959,1819,1140,19,86,10,9,0
70,70,0,1,0,1,0,2
70,70,0,1,5,1,0,0
74,74,0,1,0,1,0,1
70,70,0,1,0,1,0,2
62,62,0,1,0,1,0,1
66,66,0,1,0,1,0,1
422,240,182,8,25,5,3,0
66,66,0,1,0,1,0,2
62,62,0,1,0,1,0,1
10109,3480,6629,72,615,38,34,0
70,70,0,1,0,1,0,2
62,62,0,1,0,1,0,1
66,66,0,1,0,1,0,2
66,66,0,1,0,1,0,1
3687037,41923,3645114,3002,34,534,2468,0
177,94,83,2,29,1,1,0
5541,2623,2918,28,144,15,13,0
318,192,126,6,41,4,2,0
178,94,84,2,30,1,1,0
275,110,165,2,29,1,1,0
62,62,0,1,0,1,0,1
193,102,91,2,30,1,1,0
66,66,0,1,0,1,0,2
66,66,0,1,0,1,0,2
60,60,0,1,0,1,0,1
70,70,0,1,0,1,0,2
1315,786,529,12,36,7,5,0
70,70,0,1,0,1,0,2
166,86,80,2,31,1,1,0
180,86,94,2,30,1,1,0
168,78,90,2,29,1,1,0
66,66,0,1,0,1,0,1
66,66,0,1,0,1,0,1
62,62,0,1,0,1,0,1
180,94,86,2,30,1,1,0
70,70,0,2,4,2,0,0
519,158,361,2,1199,1,1,0
62,62,0,1,0,1,0,1
194,87,107,2,30,1,1,0
184,94,90,2,29,1,1,0
195,102,93,2,30,1,1,0
70,70,0,1,0,1,0,2
5656,1936,3720,23,57,11,12,0
70,70,0,1,0,1,0,2
66,66,0,1,0,1,0,1
177,94,83,2,31,1,1,0
814,110,704,2,29,1,1,0
66,66,0,1,0,1,0,2
9091,2988,6103,47,19,22,25,0
1625,1038,587,14,26,8,6,0
66,66,0,1,0,1,0,2
80199,66182,14017,134,163,87,47,0
66,66,0,1,0,1,0,2
15135,12791,2344,43,81,22,21,0
775,103,672,2,30,1,1,0
62,62,0,1,0,1,0,1
7128,865,6263,19,127,9,10,0
414,268,146,3,32,2,1,0
490,149,341,2,1200,1,1,0
11839,7753,4086,30,17,15,15,0
7601,1919,5682,24,76,13,11,0
183,94,89,2,30,1,1,0
1696,126,1570,4,31,2,2,0
183,94,89,2,29,1,1,0
9868,2027,7841,24,20,12,12,0
66,66,0,1,5,1,0,0
70,70,0,1,0,1,0,2
194,102,92,2,29,1,1,0
62,62,0,1,0,1,0,1
70,70,0,1,0,1,0,2
216,110,106,2,31,1,1,0
70,70,0,1,5,1,0,0
148,148,0,1,0,1,0,1
5474,1920,3554,20,65,12,8,0
66,66,0,1,0,1,0,1
10387,2575,7812,26,108,13,13,0
1786,172,1614,7,121,3,4,0
6812,2910,3902,31,282,8,23,0
6610,1106,5504,23,361,12,11,0
2800,2800,0,28,111,28,0,0
70,70,0,2,8,2,0,0
70,70,0,1,0,1,0,2
3346,1219,2127,15,136,7,8,0
66,66,0,1,0,1,0,2
66,66,0,1,5,1,0,0
70,70,0,1,0,1,0,2
66,66,0,1,90,1,0,0
62,62,0,1,0,1,0,1
198,102,96,2,30,1,1,0
2575,635,1940,12,36,7,5,0
166,86,80,2,29,1,1,0
66,66,0,1,0,1,0,1
414,268,146,3,32,2,1,0
66,66,0,1,0,1,0,1
172,88,84,2,31,1,1,0
168,78,90,2,30,1,1,0
70,70,0,1,5,1,0,0
15609,1298,14311,26,75,14,12,0
492,306,186,8,16,5,3,0
70,70,0,1,0,1,0,2
70,70,0,1,0,1,0,2
7855,1866,5989,20,15,11,9,0
70,70,0,1,0,1,0,2
66,66,0,1,0,1,0,1
62,62,0,1,0,1,0,1
62,62,0,1,0,1,0,1
3723,2372,1351,18,18,10,8,0
8785,2057,6728,31,396,10,21,0
66,66,0,1,0,1,0,2
420,156,264,7,18,3,4,0
177,94,83,2,30,1,1,0
66,66,0,2,8,2,0,0
194,102,92,2,30,1,1,0
1882441,60775,1821666,2129,129,795,1334,0
195,79,116,2,30,1,1,0
66,66,0,1,0,1,0,2
178,94,84,2,29,1,1,0
492,306,186,8,16,5,3,0
460338,13340,446998,472,16,165,307,0
62,62,0,1,0,1,0,1
70,70,0,1,0,1,0,2
70,70,0,1,0,1,0,2
60,60,0,1,0,1,0,1
11086,2564,8522,42,186,21,21,0
3021,960,2061,14,135,7,7,0
184,94,90,2,31,1,1,0
185,102,83,2,30,1,1,0
70,70,0,1,0,1,0,2
62,62,0,1,0,1,0,1
3562,1936,1626,48,195,24,24,0
8388,760,7628,20,145,6,14,0
209,94,115,2,30,1,1,0
164,84,80,2,30,1,1,0
214,140,74,4,35,3,1,0
66,66,0,1,0,1,0,1
70,70,0,1,0,1,0,2
230,82,148,4,1199,2,2,0
573,425,148,5,0,3,2,0
166,86,80,2,30,1,1,0
70,70,0,1,0,1,0,2
66,66,0,1,0,1,0,2
60,60,0,1,0,1,0,1
2357,1467,890,15,140,8,7,0
70,70,0,1,0,1,0,2
62,62,0,1,0,1,0,1
1295,572,723,12,15,7,5,0
146,146,0,1,0,1,0,1
195,102,93,2,30,1,1,0
8735,1819,6916,23,30,14,9,0
70,70,0,1,0,1,0,2
62,62,0,1,0,1,0,1
156,94,62,2,30,1,1,0
62,62,0,1,0,1,0,1
492,306,186,8,15,5,3,0
66,66,0,1,0,1,0,1
351,105,246,4,57,2,2,0
170,87,83,2,30,1,1,0
70,70,0,1,0,1,0,2
66,66,0,1,0,1,0,2
23664,2213,21451,41,323,17,24,0
66,66,0,1,0,1,0,2
70,70,0,1,0,1,0,2
62,62,0,1,4,1,0,0
66,66,0,1,0,1,0,2
22643,7456,15187,32,15,17,15,0
66,66,0,1,0,1,0,1
28376,3058,25318,42,63,17,25,0
772,103,669,2,30,1,1,0
4622,860,3762,16,17,9,7,0
2180,1555,625,9,86,6,3,0
70,70,0,1,0,1,0,2
66,66,0,1,0,1,0,1
678861,22499,656362,749,19,290,459,0
177,94,83,2,30,1,1,0
176,90,86,2,30,1,1,0
168,86,82,2,30,1,1,0
66,66,0,1,0,1,0,1
62,62,0,1,0,1,0,1
70,70,0,1,0,1,0,2
66,66,0,1,0,1,0,2
60,60,0,1,0,1,0,1
8932,2039,6893,23,24,12,11,0
3944,902,3042,14,26,8,6,0
66,66,0,1,0,1,0,1
66,66,0,1,0,1,0,1
490,149,341,2,1200,1,1,0
6723,1881,4842,25,16,15,10,0
60,60,0,1,0,1,0,1
1494,898,596,12,142,6,6,0
134,60,74,3,6,2,1,0
66,66,0,1,0,1,0,1
1630,1089,541,14,15,8,6,0
186,95,91,2,30,1,1,0
259,71,188,2,31,1,1,0
168,86,82,2,30,1,1,0
166,86,80,2,30,1,1,0
38442,16213,22229,67,46,30,37,0
711879,19394,692485,724,98,238,486,0
7470,2479,4991,20,135,9,11,0
199,102,97,2,30,1,1,0
60,60,0,1,0,1,0,1
62,62,0,1,0,1,0,1
276,94,182,2,30,1,1,0
70,70,0,1,5,1,0,0
146,146,0,1,0,1,0,1
62,62,0,1,0,1,0,1
66,66,0,1,0,1,0,1
168,86,82,2,30,1,1,0
70,70,0,1,0,1,0,2
66,66,0,1,0,1,0,1
70,70,0,1,0,1,0,2
1473,890,583,13,140,7,6,0
10216,3380,6836,26,120,12,14,0
181,86,95,2,30,1,1,0
184,102,82,2,29,1,1,0
62,62,0,1,0,1,0,1
66,66,0,1,0,1,0,1
66,66,0,1,0,1,0,1
70,70,0,1,0,1,0,2
66,66,0,1,5,1,0,0
7747,1737,6010,27,316,13,14,0
199,102,97,2,30,1,1,0
499,425,74,4,0,3,1,0
305,102,203,2,30,1,1,0
8156,1586,6570,24,82,11,13,0
196,102,94,2,30,1,1,0
7071,2628,4443,32,23,16,16,0
70,70,0,1,4,1,0,0
168,78,90,2,30,1,1,0
193,102,91,2,30,1,1,0
2809,1729,1080,18,80,10,8,0
28037,2069,25968,40,26,16,24,0
62,62,0,1,0,1,0,1
9218,1776,7442,28,23,13,15,0
771,101,670,2,30,1,1,0
132577,21019,111558,348,236,142,206,0
60,60,0,1,0,1,0,1
60,60,0,1,0,1,0,1
66,66,0,1,0,1,0,2
196,102,94,2,30,1,1,0
17236,1691,15545,19,146,5,14,0
66,66,0,1,0,1,0,1
62,62,0,1,0,1,0,1
66,66,0,1,0,1,0,2
70,70,0,1,0,1,0,2
66,66,0,1,0,1,0,2
6414386,102255,6312131,5812,182,1634,4178,0
60,60,0,1,0,1,0,1
669,669,0,1,0,1,0,1
70,70,0,1,4,1,0,0
66,66,0,1,0,1,0,1
62,62,0,1,0,1,0,1
70,70,0,1,0,1,0,2
199,94,105,2,30,1,1,0
66,66,0,1,0,1,0,2
42986,7555,35431,69,125,29,40,0
86,86,0,1,30,1,0,0
66,66,0,1,0,1,0,2
316,136,180,6,6,3,3,0
145,145,0,1,0,1,0,1
193,102,91,2,29,1,1,0
70,70,0,1,0,1,0,2
5576,1388,4188,19,15,9,10,0
70,70,0,1,0,1,0,2
416,198,218,7,27,4,3,0
110,110,0,1,30,1,0,0
13670,11470,2200,39,231,20,19,0
11003,3821,7182,35,257,14,21,0
66,66,0,1,0,1,0,2
226,102,124,2,30,1,1,0
66,66,0,1,0,1,0,2
66,66,0,1,0,1,0,1
2394,630,1764,9,16,6,3,0
167,86,81,2,30,1,1,0
199,102,97,2,30,1,1,0
196,102,94,2,30,1,1,0
66,66,0,1,0,1,0,2
14780,11289,3491,59,219,32,27,0
66,66,0,1,0,1,0,1
347,91,256,4,56,2,2,0
1415,94,1321,4,31,2,2,0
366,240,126,7,20,5,2,0
168,86,82,2,32,1,1,0
153,93,60,2,5,1,1,0
226,106,120,2,29,1,1,0
70,70,0,1,0,1,0,2
216,102,114,2,30,1,1,0
62,62,0,1,0,1,0,1
1193,451,742,10,15,6,4,0
9308,2125,7183,27,34,13,14,0
186,64,122,4,28,2,2,0
192,98,94,2,30,1,1,0
183,94,89,2,30,1,1,0
60,60,0,1,0,1,0,1
70,70,0,1,0,1,0,2
115875,6637,109238,158,80,71,87,0
184,94,90,2,30,1,1,0
66,66,0,1,0,1,0,2
70,70,0,1,0,1,0,2
62,62,0,1,0,1,0,1
1114,534,580,12,15,7,5,0
12507,6114,6393,30,90,18,12,0
62,62,0,1,0,1,0,1
176,90,86,2,30,1,1,0
179,94,85,2,30,1,1,0
773,279,494,4,1200,2,2,0
3354,1792,1562,46,195,23,23,0
70,70,0,2,8,2,0,0
70,70,0,1,0,1,0,2
1726,940,786,8,55,5,3,0
70,70,0,1,0,1,0,2
236,108,128,2,31,1,1,0
70,70,0,1,0,1,0,2
285,94,191,2,30,1,1,0
199,102,97,2,29,1,1,0
257,126,131,2,29,1,1,0
25195,16739,8456,60,20,35,25,0
7762,1777,5985,22,80,13,9,0
70,70,0,1,0,1,0,2
259593,12828,246765,308,156,118,190,0
70,70,0,1,0,1,0,2
70,70,0,1,0,1,0,2
2016,552,1464,8,16,5,3,0
72,72,0,1,0,1,0,1
70,70,0,1,5,1,0,0
4466,1914,2552,32,116,18,14,0
98,98,0,1,31,1,0,0
193,102,91,2,30,1,1,0
199,102,97,2,30,1,1,0
70,70,0,1,0,1,0,2
66,66,0,1,0,1,0,1
66,66,0,1,0,1,0,2
147637,6160,141477,164,121,56,108,0
2057,1263,794,10,15,6,4,0
131,131,0,1,0,1,0,1
176,90,86,2,31,1,1,0
70,70,0,1,0,1,0,2
66,66,0,1,0,1,0,2
400,70,330,6,24,1,5,0
332,94,238,2,29,1,1,0
66,66,0,1,0,1,0,1
211,102,109,2,30,1,1,0
9977,4364,5613,19,121,9,10,0
60,60,0,1,0,1,0,1
3989,1104,2885,12,122,5,7,0
156587,46628,109959,307,314,203,104,0
5614,733,4881,16,15,9,7,0
210,110,100,2,30,1,1,0
82,82,0,1,0,1,0,1
146,146,0,1,0,1,0,1
9852,2190,7662,49,257,22,27,0
259,78,181,2,30,1,1,0
4941,429,4512,12,15,6,6,0
70,70,0,2,8,2,0,0
4682,1775,2907,19,28,11,8,0
9225,1878,7347,28,21,14,14,0
214,110,104,2,31,1,1,0
174,89,85,2,31,1,1,0
7975,3304,4671,19,86,11,8,0
422,240,182,8,26,5,3,0
321,102,219,2,30,1,1,0
7701,2215,5486,28,373,14,14,0
18290,3012,15278,46,136,24,22,0
66,66,0,1,0,1,0,1
512444,20822,491622,555,159,191,364,0
70,70,0,1,0,1,0,2
62,62,0,1,0,1,0,1
331,102,229,2,30,1,1,0
70,70,0,2,7,2,0,0
235,90,145,2,33,1,1,0
237,94,143,2,30,1,1,0
174,89,85,2,31,1,1,0
156,156,0,1,0,1,0,1
182,93,89,2,30,1,1,0
62,62,0,1,0,1,0,1
218,94,124,2,30,1,1,0
1541965,48559,1493406,1663,51,623,1040,0
70,70,0,1,0,1,0,2
70,70,0,1,0,1,0,2
82,82,0,1,31,1,0,0
209,110,99,2,30,1,1,0
349769,6527,343242,368,22,100,268,0
24750,1845,22905,39,171,17,22,0
66,66,0,2,8,2,0,0
130,70,60,2,6,1,1,0
450,246,204,8,29,5,3,0
1614,1300,314,10,15,5,5,0
70,70,0,1,0,1,0,2
70,70,0,1,0,1,0,2
6915,3106,3809,21,144,10,11,0
66,66,0,1,0,1,0,2
193,102,91,2,29,1,1,0
62,62,0,1,0,1,0,1
316,136,180,6,6,3,3,0
66,66,0,1,0,1,0,1
350,210,140,6,25,4,2,0
7206,1897,5309,20,21,11,9,0
14401,2712,11689,52,19,23,29,0
66,66,0,1,0,1,0,1
1114,534,580,12,16,7,5,0
469,403,66,4,0,3,1,0
199,94,105,2,30,1,1,0
70,70,0,2,7,2,0,0
193,102,91,2,30,1,1,0
66,66,0,1,0,1,0,1
1210,637,573,14,51,7,7,0
146,146,0,1,0,1,0,1
755529,16895,738634,785,16,264,521,0
184,94,90,2,30,1,1,0
66,66,0,1,0,1,0,2
3171,1473,1698,15,93,9,6,0
2573,1859,714,9,47,5,4,0
7011,2541,4470,19,15,11,8,0
146,146,0,1,0,1,0,1
70,70,0,1,0,1,0,2
70,70,0,1,0,1,0,2
235,90,145,2,32,1,1,0
66,66,0,1,0,1,0,1
5341,3636,1705,30,76,16,14,0
202,70,132,3,11,1,2,0
316,91,225,4,32,2,2,0
154,94,60,2,5,1,1,0
178,94,84,2,30,1,1,0
66,66,0,1,0,1,0,1
4005,1421,2584,14,136,7,7,0
70,70,0,1,0,1,0,2
4595,3120,1475,18,33,10,8,0
462,158,304,4,31,2,2,0
82,82,0,1,30,1,0,0
66,66,0,1,0,1,0,2
177,94,83,2,30,1,1,0
194,87,107,2,30,1,1,0
193,102,91,2,30,1,1,0
5747,1892,3855,19,17,11,8,0
195,102,93,2,31,1,1,0
475,150,325,2,1200,1,1,0
70,70,0,1,5,1,0,0
70,70,0,1,0,1,0,2
303,85,218,2,31,1,1,0
744,89,655,2,30,1,1,0
62,62,0,1,0,1,0,1
62,62,0,1,0,1,0,1
173,94,79,2,30,1,1,0
369,94,275,4,49,2,2,0
161,161,0,1,1200,1,0,0
312,186,126,5,15,3,2,0
318,192,126,6,29,4,2,0
448,166,282,2,30,1,1,0
240,98,142,2,30,1,1,0
8933,1938,6995,21,16,12,9,0
1396,735,661,14,80,8,6,0
316,136,180,6,6,3,3,0
198,101,97,2,31,1,1,0
66,66,0,1,0,1,0,1
7156,1187,5969,20,16,10,10,0
366,240,126,7,21,5,2,0
146,146,0,1,0,1,0,1
70,70,0,1,0,1,0,2
70,70,0,1,0,1,0,2
60,60,0,1,0,1,0,1
499,425,74,4,0,3,1,0
3060,1219,1841,11,19,7,4,0
300,88,212,4,51,2,2,0
176,90,86,2,31,1,1,0
257,102,155,2,30,1,1,0
66,66,0,1,0,1,0,1
209,110,99,2,30,1,1,0
66,66,0,1,0,1,0,2
181,94,87,2,31,1,1,0
4478,1133,3345,13,26,8,5,0
66,66,0,1,0,1,0,2
206737,25710,181027,212,180,75,137,0
186,95,91,2,31,1,1,0
196,102,94,2,30,1,1,0
179,94,85,2,30,1,1,0
182,93,89,2,31,1,1,0
9807,2542,7265,47,19,24,23,0
1012,531,481,8,25,5,3,0
6903,1481,5422,33,612,12,21,0
46452,6817,39635,103,299,45,58,0
70,70,0,1,0,1,0,2
3192,624,2568,10,155,5,5,0
720,94,626,2,30,1,1,0
280,140,140,5,130,3,2,0
156,156,0,3,8,3,0,0
70,70,0,1,0,1,0,2
8971,1094,7877,17,15,7,10,0
4329,2374,1955,23,520,8,15,0
184,94,90,2,29,1,1,0
574,448,126,10,25,8,2,0
70,70,0,1,0,1,0,2
148,148,0,1,0,1,0,1
70,70,0,1,0,1,0,2
146,146,0,1,0,1,0,1
70,70,0,1,0,1,0,2
711,87,624,2,31,1,1,0
52365,3013,49352,53,51,13,40,0
350,210,140,6,15,4,2,0
197,90,107,2,30,1,1,0
138,78,60,2,5,1,1,0
214,110,104,2,30,1,1,0
184,94,90,2,30,1,1,0
3296,1329,1967,14,135,7,7,0
70,70,0,2,8,2,0,0
70,70,0,1,0,1,0,2
70,70,0,1,0,1,0,2
7439,1156,6283,19,75,11,8,0
66,66,0,1,0,1,0,1
214,140,74,4,35,3,1,0
780,104,676,2,31,1,1,0
70,70,0,1,0,1,0,2
66,66,0,1,0,1,0,1
148,148,0,1,0,1,0,1
66,66,0,1,0,1,0,2
6162,925,5237,18,52,10,8,0
70,70,0,1,0,1,0,2
340,140,200,6,15,3,3,0
404,259,145,3,33,2,1,0
66,66,0,1,0,1,0,1
275,102,173,2,30,1,1,0
66,66,0,1,0,1,0,2
70,70,0,1,0,1,0,2
2871,1671,1200,17,179,9,8,0
438,130,308,4,35,2,2,0
6058,1749,4309,22,200,13,9,0
260,106,154,2,33,1,1,0
2320,327,1993,11,135,5,6,0
8918,2361,6557,35,255,18,17,0
944,944,0,1,0,1,0,1
66,66,0,1,0,1,0,2
66,66,0,1,0,1,0,2
146,146,0,1,0,1,0,1
417,417,0,4,9,4,0,0
66,66,0,1,5,1,0,0
207,85,122,4,29,2,2,0
5168,700,4468,16,15,7,9,0
293,94,199,2,30,1,1,0
62,62,0,1,0,1,0,1
66,66,0,1,0,1,0,2
70,70,0,1,0,1,0,2
62,62,0,1,0,1,0,1
70,70,0,1,0,1,0,2
260,86,174,2,30,1,1,0
2865,2000,865,12,16,7,5,0
70,70,0,1,0,1,0,2
1053,566,487,10,16,6,4,0
66,66,0,1,0,1,0,1
70,70,0,1,0,1,0,2
183,94,89,2,30,1,1,0
11664,7921,3743,23,16,14,9,0
177,94,83,2,30,1,1,0
2505,1460,1045,21,102,10,11,0
62,62,0,1,0,1,0,1
194,87,107,2,30,1,1,0
196092,6387,189705,189,108,57,132,0
66,66,0,1,0,1,0,2
66,66,0,1,0,1,0,1
7896,1207,6689,20,26,10,10,0
164773,6196,158577,200,135,83,117,0
125213,5113,120100,153,96,58,95,0
630930,27504,603426,812,74,381,431,0
7293,1544,5749,22,256,11,11,0
177,94,83,2,31,1,1,0
146,146,0,1,0,1,0,1
1614,1300,314,10,18,5,5,0
66,66,0,1,0,1,0,2
70,70,0,1,0,1,0,2
3309,2152,1157,18,150,10,8,0
60,60,0,1,0,1,0,1
66,66,0,1,0,1,0,1
7343,2586,4757,23,19,11,12,0
195,102,93,2,30,1,1,0
4869,699,4170,14,15,8,6,0
66,66,0,2,8,2,0,0
6983,1629,5354,17,15,9,8,0
146,146,0,1,0,1,0,1
2781,1400,1381,11,87,6,5,0
70,70,0,1,0,1,0,2
3157,1827,1330,23,15,11,12,0
6096,777,5319,17,25,9,8,0
66,66,0,1,0,1,0,1
66,66,0,1,0,1,0,1
183,94,89,2,30,1,1,0
2772,2772,0,43,2311,43,0,0
66,66,0,1,0,1,0,1
70,70,0,1,5,1,0,0
6305,1352,4953,19,16,10,9,0
333522,14341,319181,347,129,109,238,0
62,62,0,1,0,1,0,1
78,78,0,1,30,1,0,0
70,70,0,1,0,1,0,2
193,102,91,2,30,1,1,0
168,78,90,2,30,1,1,0
7298,2661,4637,21,17,11,10,0
13018,3066,9952,65,361,33,32,0
181,94,87,2,30,1,1,0
62,62,0,1,0,1,0,1
66,66,0,1,0,1,0,2
4162,3455,707,14,15,8,6,0
66,66,0,1,0,1,0,1
199,102,97,2,30,1,1,0
179,94,85,2,30,1,1,0
235,90,145,2,32,1,1,0
138,78,60,2,5,1,1,0
172,76,96,2,30,1,1,0
66,66,0,1,0,1,0,1
258,70,188,4,9,2,2,0
70,70,0,1,0,1,0,2
146,146,0,1,0,1,0,1
7843,2397,5446,23,256,12,11,0
146,146,0,1,0,1,0,1
66,66,0,1,0,1,0,1
248,75,173,2,30,1,1,0
70,70,0,1,0,1,0,2
92202,65396,26806,193,3454,68,125,0
340,90,250,2,31,1,1,0
62,62,0,1,0,1,0,1
62,62,0,1,0,1,0,1
6016,1284,4732,18,984,8,10,0
337727,11283,326444,367,208,126,241,0
4586,1216,3370,17,28,10,7,0
70,70,0,1,5,1,0,0
733,94,639,2,29,1,1,0
12708,2798,9910,36,258,13,23,0
196,100,96,2,31,1,1,0
70,70,0,1,0,1,0,2
9061,3443,5618,64,121,27,37,0
70,70,0,1,0,1,0,2
196,102,94,2,30,1,1,0
62,62,0,1,0,1,0,1
66,66,0,1,0,1,0,2
70,70,0,1,0,1,0,2
66,66,0,1,0,1,0,2
70,70,0,2,8,2,0,0
2010,664,1346,11,84,7,4,0
70,70,0,1,5,1,0,0
70,70,0,1,0,1,0,2
66,66,0,1,0,1,0,2
70,70,0,1,0,1,0,2
70,70,0,1,0,1,0,2
148,148,0,1,0,1,0,1
751,95,656,2,31,1,1,0
178,94,84,2,30,1,1,0
1786,172,1614,7,120,3,4,0
374,254,120,4,5,2,2,0
249,71,178,2,30,1,1,0
749,94,655,2,31,1,1,0
66,66,0,1,0,1,0,1
28633618,753499,27880119,30116,102,8846,21270,0
70,70,0,1,0,1,0,2
168,86,82,2,31,1,1,0
188,96,92,2,30,1,1,0
253,190,63,2,31,1,1,0
8008,1988,6020,20,15,11,9,0
70,70,0,1,0,1,0,2
70,70,0,1,0,1,0,2
3182,1568,1614,8,120,4,4,0
62,62,0,1,0,1,0,1
70,70,0,2,8,2,0,0
70,70,0,1,0,1,0,2
70,70,0,1,0,1,0,2
7941,2678,5263,25,122,12,13,0
10784,5831,4953,33,521,15,18,0
492,306,186,8,15,5,3,0
62,62,0,1,0,1,0,1
78,78,0,1,0,1,0,1
774,101,673,2,0,1,1,0
70,70,0,1,0,1,0,2
66,66,0,1,0,1,0,1
174,89,85,2,30,1,1,0
70,70,0,2,8,2,0,0
66,66,0,1,0,1,0,1
10273,2573,7700,24,305,8,16,0
66,66,0,1,0,1,0,1
2568,1944,624,20,29,13,7,0
8558,1869,6689,31,236,14,17,0
422,164,258,6,30,3,3,0
98472,44922,53550,491,658,181,310,0
60,60,0,1,0,1,0,1
320,140,180,6,7,3,3,0
283,163,120,4,15,2,2,0
70,70,0,2,7,2,0,0
1656,677,979,21,16,10,11,0
661695,28430,633265,779,118,335,444,0
70,70,0,1,0,1,0,2
216,84,132,2,30,1,1,0
873,126,747,2,30,1,1,0
161,161,0,1,0,1,0,1
480,244,236,4,0,2,2,0
146,146,0,1,0,1,0,1
6574,1935,4639,14,121,7,7,0
195,102,93,2,29,1,1,0
4262,3329,933,17,19,9,8,0
3179,954,2225,10,120,5,5,0
60838,1648,59190,68,27,25,43,0
879,126,753,2,29,1,1,0
1119,665,454,12,15,7,5,0
70,70,0,1,0,1,0,2
70,70,0,1,0,1,0,2
182,93,89,2,30,1,1,0
499,425,74,4,0,3,1,0
5440,846,4594,15,15,9,6,0
172,88,84,2,30,1,1,0
402,97,305,4,31,2,2,0
62,62,0,1,0,1,0,1
70,70,0,1,0,1,0,2
195,102,93,2,29,1,1,0
7941,1952,5989,20,15,11,9,0
199,102,97,2,30,1,1,0
7583,607,6976,18,119,7,11,0
177,94,83,2,30,1,1,0
62,62,0,1,0,1,0,1
186,95,91,2,31,1,1,0
60,60,0,1,0,1,0,1
66,66,0,1,0,1,0,1
66,66,0,1,0,1,0,2
66,66,0,1,0,1,0,2
22930,2512,20418,37,75,17,20,0
5166,700,4466,16,15,7,9,0
94,94,0,1,29,1,0,0
177,94,83,2,29,1,1,0
66,66,0,1,0,1,0,1
70,70,0,1,0,1,0,2
199,102,97,2,30,1,1,0
168,86,82,2,30,1,1,0
166,86,80,2,29,1,1,0
233,102,131,2,29,1,1,0
184,94,90,2,31,1,1,0
158,158,0,1,1200,1,0,0
74,74,0,1,0,1,0,1
330,330,0,6,1200,6,0,0
70,70,0,1,0,1,0,2
265,85,180,4,41,2,2,0
62,62,0,1,0,1,0,1
66,66,0,1,0,1,0,2
224,88,136,2,30,1,1,0
236,94,142,2,30,1,1,0
3028365,2245986,782379,11999,627,7647,4352,0
66,66,0,1,0,1,0,1
66,66,0,1,0,1,0,2
66,66,0,1,0,1,0,1
62,62,0,1,0,1,0,1
66,66,0,1,0,1,0,2
62,62,0,1,0,1,0,1
504,382,122,8,15,6,2,0
6563,1656,4907,22,318,13,9,0
320,140,180,6,5,3,3,0
3034,1547,1487,12,16,7,5,0
184,94,90,2,31,1,1,0
74,74,0,1,0,1,0,1
136,136,0,3,14,3,0,0
66,66,0,1,0,1,0,1
4185,3462,723,14,15,7,7,0
183,94,89,2,30,1,1,0
78,78,0,1,0,1,0,1
70,70,0,1,0,1,0,2
62,62,0,1,0,1,0,1
1437,659,778,11,45,6,5,0
70,70,0,1,0,1,0,2
197,90,107,2,30,1,1,0
70,70,0,1,0,1,0,2
180,94,86,2,30,1,1,0
62,62,0,1,0,1,0,1
178,94,84,2,31,1,1,0
18594,5204,13390,42,26,25,17,0
7324,1017,6307,16,20,8,8,0
92044,4379,87665,102,16,37,65,0
184,94,90,2,30,1,1,0
5205,1474,3731,9,88,5,4,0
315,98,217,4,58,2,2,0
209,110,99,2,30,1,1,0
70,70,0,1,0,1,0,2
6845,1743,5102,22,81,13,9,0
46983,4167,42816,66,44,28,38,0
70,70,0,1,0,1,0,2
150,150,0,1,1200,1,0,0
6732,2308,4424,21,141,9,12,0
66,66,0,2,7,2,0,0
66,66,0,1,0,1,0,1
66,66,0,1,0,1,0,2
10588,1664,8924,29,631,11,18,0
66,66,0,1,0,1,0,2
62,62,0,1,0,1,0,1
36865,3692,33173,61,47,30,31,0
70,70,0,1,0,1,0,2
70,70,0,2,8,2,0,0
197,76,121,2,30,1,1,0
197,90,107,2,30,1,1,0
1475,837,638,10,15,5,5,0
66,66,0,1,0,1,0,2
70,70,0,2,8,2,0,0
62,62,0,1,0,1,0,1
70,70,0,1,0,1,0,2
70,70,0,1,0,1,0,2
214,110,104,2,30,1,1,0
62,62,0,1,0,1,0,1
70,70,0,1,0,1,0,2
258,102,156,2,29,1,1,0
145038,9857,135181,162,23,62,100,0
11342,3715,7627,28,92,17,11,0
70,70,0,1,0,1,0,2
6550678,172191,6378487,6426,82,2117,4309,0
210,102,108,2,29,1,1,0
86,86,0,2,34,2,0,0
62,62,0,1,0,1,0,1
27816,7362,20454,69,240,41,28,0
70,70,0,1,0,1,0,2
70,70,0,1,5,1,0,0
66,66,0,1,0,1,0,2
70,70,0,1,0,1,0,2
70,70,0,1,0,1,0,2
754,94,660,2,31,1,1,0
233,91,142,2,31,1,1,0
9251,6353,2898,25,120,13,12,0
4920,2738,2182,33,259,16,17,0
36345,2308,34037,52,83,23,29,0
257,106,151,2,30,1,1,0
288,83,205,2,31,1,1,0
197,90,107,2,30,1,1,0
60,60,0,1,0,1,0,1
8466,3146,5320,30,20,15,15,0
60,60,0,1,0,1,0,1
1574859,55851,1519008,1758,185,656,1102,0
199,102,97,2,30,1,1,0
62,62,0,1,0,1,0,1
70,70,0,1,0,1,0,2
7952,3638,4314,36,149,17,19,0
6349,1071,5278,18,42,10,8,0
130,70,60,2,5,1,1,0
157,157,0,1,0,1,0,3
320,140,180,6,5,3,3,0
8209,1695,6514,21,23,13,8,0
70,70,0,1,0,1,0,2
194,102,92,2,30,1,1,0
66,66,0,1,0,1,0,2
194,102,92,2,30,1,1,0
70,70,0,1,0,1,0,2
181,86,95,2,30,1,1,0
740,93,647,2,31,1,1,0
82,82,0,1,31,1,0,0
62,62,0,1,0,1,0,1
66,66,0,1,0,1,0,2
13565,6019,7546,35,112,19,16,0
66,66,0,1,0,1,0,2
62,62,0,1,0,1,0,1
195,102,93,2,30,1,1,0
70,70,0,1,0,1,0,2
70,70,0,1,0,1,0,2
648,86,562,4,51,2,2,0
66,66,0,1,0,1,0,2
177,94,83,2,30,1,1,0
70,70,0,1,0,1,0,2
193,102,91,2,30,1,1,0
70,70,0,1,0,1,0,2
70,70,0,2,8,2,0,0
66,66,0,1,0,1,0,2
62,62,0,1,0,1,0,1
3562,1936,1626,48,195,24,24,0
199,102,97,2,30,1,1,0
66,66,0,1,0,1,0,1
70,70,0,1,0,1,0,2
481,150,331,2,1200,1,1,0
66,66,0,1,0,1,0,2
250,78,172,2,30,1,1,0
70,70,0,1,0,1,0,2
504,382,122,8,14,6,2,0
66,66,0,1,0,1,0,1
70,70,0,1,0,1,0,2
62,62,0,1,0,1,0,1
66,66,0,1,0,1,0,1
257,71,186,2,30,1,1,0
66,66,0,1,0,1,0,2
70,70,0,2,8,2,0,0
70,70,0,1,0,1,0,2
815,95,720,2,30,1,1,0
70,70,0,1,0,1,0,2
70,70,0,1,0,1,0,2
460,394,66,4,0,3,1,0
66,66,0,1,0,1,0,2
70,70,0,1,0,1,0,2
188,96,92,2,31,1,1,0
178,94,84,2,30,1,1,0
66,66,0,1,0,1,0,1
70,70,0,1,0,1,0,2
70,70,0,2,7,2,0,0
66,66,0,1,0,1,0,1
70,70,0,2,8,2,0,0
260,86,174,2,30,1,1,0
172,94,78,2,29,1,1,0
62,62,0,1,0,1,0,1
66,66,0,1,0,1,0,2
70,70,0,1,0,1,0,2
62,62,0,1,0,1,0,1
60,60,0,1,0,1,0,1
198,90,108,2,29,1,1,0
70,70,0,1,0,1,0,2
8429,1098,7331,16,20,8,8,0
66,66,0,1,0,1,0,2
66,66,0,1,0,1,0,1
70,70,0,1,0,1,0,2
2838,944,1894,12,135,7,5,0
66,66,0,1,0,1,0,1
62,62,0,1,0,1,0,1
198,94,104,2,30,1,1,0
70,70,0,1,4,1,0,0
168,78,90,2,30,1,1,0
194,94,100,2,30,1,1,0
70,70,0,1,0,1,0,2
66,66,0,1,0,1,0,2
20124,12085,8039,54,385,29,25,0
66,66,0,1,0,1,0,1
178,94,84,2,30,1,1,0
6718,3126,3592,16,78,8,8,0
9278,6126,3152,27,16,15,12,0
87970,5355,82615,141,483,55,86,0
9932735,85391,9847344,7875,123,1237,6638,0
18959,1799,17160,35,110,15,20,0
283,103,180,4,54,2,2,0
66,66,0,1,0,1,0,2
170,87,83,2,31,1,1,0
14455,6007,8448,45,120,26,19,0
66,66,0,1,0,1,0,1
918,461,457,9,15,6,3,0
62,62,0,1,0,1,0,1
3910,2223,1687,24,3676,8,16,0
1056,682,374,10,15,6,4,0
85,85,0,1,0,1,0,1
70,70,0,1,0,1,0,2
70,70,0,1,5,1,0,0
70,70,0,1,0,1,0,2
66,66,0,1,0,1,0,1
62,62,0,1,0,1,0,1
70,70,0,1,0,1,0,2
101524,1673,99851,94,15,24,70,0
180,94,86,2,30,1,1,0
66,66,0,1,0,1,0,1
200,102,98,2,31,1,1,0
70,70,0,2,8,2,0,0
9232,3149,6083,55,40,31,24,0
66,66,0,1,0,1,0,1
928,928,0,1,0,1,0,1
70,70,0,1,0,1,0,2
1160,638,522,13,113,7,6,0
70,70,0,1,0,1,0,2
70,70,0,1,0,1,0,2
66,66,0,1,0,1,0,2
62,62,0,1,0,1,0,1
241,110,131,2,30,1,1,0
17128,1499,15629,24,25,9,15,0
166,86,80,2,31,1,1,0
62,62,0,1,0,1,0,1
213,79,134,2,32,1,1,0
738,70,668,12,394,2,10,0
168,78,90,2,29,1,1,0
60,60,0,1,0,1,0,1
66,66,0,1,0,1,0,1
178,94,84,2,29,1,1,0
452,280,172,5,30,3,2,0
66,66,0,1,0,1,0,1
182,94,88,2,30,1,1,0
146,146,0,1,0,1,0,1
70,70,0,2,8,2,0,0
62,62,0,1,0,1,0,1
70,70,0,1,0,1,0,2
62,62,0,1,0,1,0,1
66,66,0,1,0,1,0,1
66,66,0,1,0,1,0,1
5806,2153,3653,33,24,18,15,0
70,70,0,1,0,1,0,2
70,70,0,1,0,1,0,2
62,62,0,1,0,1,0,1
11907,10409,1498,28,52,16,12,0
60,60,0,1,0,1,0,1
70,70,0,2,8,2,0,0
1468,1468,0,1,5,1,0,0
1307,594,713,17,1657,10,7,0
66,66,0,1,0,1,0,1
178,94,84,2,30,1,1,0
70,70,0,1,5,1,0,0
66,66,0,1,0,1,0,2
66,66,0,1,0,1,0,2
267,94,173,4,55,2,2,0
66,66,0,1,0,1,0,1
1658,1247,411,8,15,5,3,0
481,150,331,2,1199,1,1,0
316,136,180,6,6,3,3,0
66,66,0,1,0,1,0,1
66,66,0,1,0,1,0,1
66,66,0,1,0,1,0,2
5572,1446,4126,17,129,10,7,0
66,66,0,1,0,1,0,1
216,102,114,2,30,1,1,0
507235,15454,491781,534,136,188,346,0
70,70,0,1,0,1,0,2
20511,4206,16305,24,134,7,17,0
8957,4075,4882,32,416,17,15,0
173,94,79,2,29,1,1,0
3428,1714,1714,16,32,8,8,0
66,66,0,1,0,1,0,2
195,102,93,2,29,1,1,0
9276,2422,6854,25,186,14,11,0
62,62,0,1,0,1,0,1
62,62,0,1,0,1,0,1
62,62,0,1,0,1,0,1
873,126,747,2,31,1,1,0
177,94,83,2,30,1,1,0
194,102,92,2,30,1,1,0
70,70,0,1,0,1,0,2
70,70,0,1,0,1,0,2
66,66,0,1,0,1,0,2
2394,1365,1029,18,275,9,9,0
62,62,0,1,0,1,0,1
66,66,0,1,0,1,0,1
66,66,0,1,0,1,0,1
254,78,176,2,30,1,1,0
97,97,0,1,0,1,0,1
8760,1218,7542,25,15,14,11,0
177,94,83,2,30,1,1,0
889,404,485,10,30,5,5,0
4555,2276,2279,27,244,9,18,0
231,102,129,2,30,1,1,0
764,99,665,2,31,1,1,0
70,70,0,1,0,1,0,2
66,66,0,1,0,1,0,1
62,62,0,1,0,1,0,1
190,97,93,2,30,1,1,0
7061,2943,4118,16,23,9,7,0
180,92,88,2,31,1,1,0
66,66,0,1,0,1,0,1
788,108,680,2,30,1,1,0
62,62,0,1,0,1,0,1
184,94,90,2,29,1,1,0
66,66,0,1,0,1,0,2
70,70,0,1,0,1,0,2
70,70,0,2,7,2,0,0
60,60,0,1,0,1,0,1
244,244,0,2,0,2,0,0
66,66,0,1,0,1,0,1
416,210,206,7,28,4,3,0
2965,715,2250,9,75,5,4,0
70,70,0,2,8,2,0,0
66,66,0,1,0,1,0,1
116686,4968,111718,116,53,31,85,0
130,70,60,2,15,1,1,0
70,70,0,1,0,1,0,2
62,62,0,1,0,1,0,1
4719,2313,2406,15,132,7,8,0
304,86,218,2,29,1,1,0
167,86,81,2,30,1,1,0
621,196,425,6,59,3,3,0
8935,3175,5760,17,41,8,9,0
322,98,224,4,32,2,2,0
1281,398,883,16,392,4,12,0
209,110,99,2,31,1,1,0
264,110,154,2,30,1,1,0
199,94,105,2,30,1,1,0
186,95,91,2,30,1,1,0
13342,2357,10985,25,18,14,11,0
66,66,0,1,0,1,0,1
199,102,97,2,30,1,1,0
145,145,0,1,0,1,0,1
60,60,0,1,0,1,0,1
621,77,544,2,29,1,1,0
4932,1046,3886,21,173,10,11,0
62,62,0,1,0,1,0,1
268,114,154,2,29,1,1,0
9679,1633,8046,25,20,14,11,0
190,97,93,2,31,1,1,0
70,70,0,1,0,1,0,2
74,74,0,1,0,1,0,1
199,102,97,2,30,1,1,0
66,66,0,1,0,1,0,1
66,66,0,1,0,1,0,2
177,94,83,2,29,1,1,0
66,66,0,1,0,1,0,2
168,86,82,2,30,1,1,0
66,66,0,1,0,1,0,1
247,118,129,2,30,1,1,0
66,66,0,1,0,1,0,2
913,126,787,2,31,1,1,0
66,66,0,1,0,1,0,1
78,78,0,1,0,1,0,1
62,62,0,1,0,1,0,1
184,94,90,2,30,1,1,0
2393,551,1842,10,21,6,4,0
199,102,97,2,30,1,1,0
60,60,0,1,0,1,0,1
148,86,62,2,30,1,1,0
319,126,193,2,30,1,1,0
70,70,0,1,5,1,0,0
1820,1101,719,18,76,10,8,0
62,62,0,1,0,1,0,1
177,94,83,2,30,1,1,0
66,66,0,1,0,1,0,2
66,66,0,1,0,1,0,1
261,102,159,2,30,1,1,0
70,70,0,1,0,1,0,2
66,66,0,1,0,1,0,2
70,70,0,1,0,1,0,2
86,86,0,1,29,1,0,0
785,110,675,2,30,1,1,0
7208,2237,4971,26,32,16,10,0
208,78,130,2,30,1,1,0
70,70,0,1,0,1,0,2
6804,914,5890,22,257,10,12,0
183,102,81,2,30,1,1,0
70,70,0,1,0,1,0,2
160989,10162,150827,189,31,81,108,0
62,62,0,1,0,1,0,1
66,66,0,1,0,1,0,1
202,103,99,2,31,1,1,0
999955,25445,974510,1003,171,325,678,0
70,70,0,2,7,2,0,0
199,102,97,2,30,1,1,0
62,62,0,1,0,1,0,1
62,62,0,1,0,1,0,1
62,62,0,1,0,1,0,1
66,66,0,1,0,1,0,1
183,94,89,2,30,1,1,0
66,66,0,1,0,1,0,1
66,66,0,1,0,1,0,2
70,70,0,1,5,1,0,0
18285,8756,9529,29,27,15,14,0
306,120,186,6,25,3,3,0
3387,1672,1715,24,270,11,13,0
74,74,0,1,0,1,0,1
70,70,0,1,5,1,0,0
12735,10573,2162,33,316,16,17,0
502,150,352,2,1200,1,1,0
185,102,83,2,30,1,1,0
70,70,0,1,0,1,0,2
4933,771,4162,18,28,8,10,0
184,94,90,2,31,1,1,0
82266,4947,77319,94,136,37,57,0
62,62,0,1,0,1,0,1
70785,3306,67479,99,80,34,65,0
66,66,0,1,0,1,0,2
873,126,747,2,30,1,1,0
66,66,0,1,0,1,0,1
62,62,0,1,0,1,0,1
66,66,0,1,0,1,0,2
167,86,81,2,30,1,1,0
178,94,84,2,31,1,1,0
306,99,207,2,31,1,1,0
70,70,0,1,0,1,0,2
183,94,89,2,30,1,1,0
339,94,245,2,30,1,1,0
5693,499,5194,14,15,7,7,0
346,161,185,2,1200,1,1,0
70,70,0,1,0,1,0,2
1346,918,428,10,23,6,4,0
130,66,64,2,5,1,1,0
4484,1063,3421,15,10,7,8,0
173,94,79,2,30,1,1,0
66,66,0,1,0,1,0,1
6815,3817,2998,23,143,11,12,0
757,98,659,2,30,1,1,0
762,98,664,2,31,1,1,0
70,70,0,1,5,1,0,0
400,257,143,3,32,2,1,0
179,94,85,2,31,1,1,0
242,98,144,2,30,1,1,0
7127,3015,4112,24,144,12,12,0
1111949,11633,1100316,906,37,173,733,0
66,66,0,1,30,1,0,0
146,146,0,1,0,1,0,1
62,62,0,1,0,1,0,1
214,110,104,2,30,1,1,0
66,66,0,1,0,1,0,2
62,62,0,1,0,1,0,1
825,99,726,2,30,1,1,0
366,240,126,7,25,5,2,0
183,94,89,2,31,1,1,0
1648,114,1534,5,120,2,3,0
70,70,0,1,0,1,0,2
316,136,180,6,6,3,3,0
876,126,750,2,30,1,1,0
11297,8141,3156,52,508,34,18,0
20540,5514,15026,52,76,29,23,0
5243,1898,3345,34,3005,18,16,0
70,70,0,1,0,1,0,2
210,102,108,2,30,1,1,0
198,110,88,2,29,1,1,0
146,146,0,1,0,1,0,1
70,70,0,1,5,1,0,0
74,74,0,1,0,1,0,1
66,66,0,1,0,1,0,1
66,66,0,1,0,1,0,2
83,83,0,1,0,1,0,1
1658,126,1532,4,30,2,2,0
260,86,174,2,30,1,1,0
177,94,83,2,30,1,1,0
1515,481,1034,11,15,6,5,0
40726,3421,37305,52,121,20,32,0
66,66,0,1,0,1,0,1
8007,1987,6020,20,15,11,9,0
60,60,0,1,0,1,0,1
62,62,0,1,0,1,0,1
177,94,83,2,29,1,1,0
70,70,0,1,0,1,0,2
70,70,0,1,4,1,0,0
193,102,91,2,30,1,1,0
1517,481,1036,11,15,6,5,0
184,94,90,2,31,1,1,0
20868,10484,10384,34,32,17,17,0
146,146,0,1,0,1,0,1
477,87,390,4,37,2,2,0
62,62,0,1,0,1,0,1
167,86,81,2,30,1,1,0
70,70,0,1,0,1,0,2
184,94,90,2,30,1,1,0
2227,1018,1209,17,15,8,9,0
146,82,64,2,5,1,1,0
66,66,0,1,0,1,0,2
320,140,180,6,6,3,3,0
760,97,663,2,30,1,1,0
66,66,0,1,0,1,0,1
66,66,0,1,0,1,0,1
103941,6635,97306,158,76,81,77,0
70,70,0,1,5,1,0,0
366,240,126,7,25,5,2,0
166,86,80,2,30,1,1,0
70,70,0,1,0,1,0,2
146,146,0,1,0,1,0,1
74,74,0,1,0,1,0,1
1664,126,1538,4,30,2,2,0
271,103,168,4,59,2,2,0
66,66,0,1,0,1,0,1
17583,1529,16054,30,255,16,14,0
492,306,186,8,17,5,3,0
776,102,674,2,30,1,1,0
66,66,0,1,0,1,0,1
70,70,0,1,0,1,0,2
146,146,0,1,0,1,0,1
62,62,0,1,0,1,0,1
3370,1595,1775,16,15,9,7,0
98,98,0,1,0,1,0,1
70,70,0,1,0,1,0,2
2681,1044,1637,22,255,12,10,0
1213557,27203,1186354,1120,133,327,793,0
320,320,0,5,0,5,0,0
66,66,0,1,0,1,0,2
66,66,0,1,0,1,0,1
66,66,0,1,0,1,0,2
32504,1730,30774,44,122,17,27,0
145,145,0,1,0,1,0,1
211,110,101,2,30,1,1,0
194,102,92,2,35,1,1,0
479,150,329,2,1199,1,1,0
184,94,90,2,30,1,1,0
60,60,0,1,0,1,0,1
66,66,0,1,0,1,0,1
70,70,0,1,0,1,0,2
146,146,0,1,0,1,0,1
70,70,0,1,4,1,0,0
14051,6332,7719,43,92,21,22,0
240,78,162,2,29,1,1,0
62,62,0,1,0,1,0,1
66,66,0,1,0,1,0,1
184,94,90,2,30,1,1,0
2995,1894,1101,20,46,11,9,0
1173681,52597,1121084,1428,177,642,786,0
330,330,0,6,3609,6,0,0
2604,1413,1191,15,98,9,6,0
70,70,0,1,0,1,0,2
161,161,0,1,1200,1,0,0
70,70,0,1,0,1,0,2
70,70,0,1,0,1,0,2
199,102,97,2,31,1,1,0
60,60,0,1,0,1,0,1
177,94,83,2,30,1,1,0
17704,1456,16248,25,123,11,14,0
10063,2126,7937,36,120,18,18,0
186,95,91,2,31,1,1,0
70,70,0,1,0,1,0,2
70,70,0,1,0,1,0,2
314,192,122,6,15,4,2,0
18715,10778,7937,39,96,16,23,0
70,70,0,1,0,1,0,2
62,62,0,1,0,1,0,1
88797,5446,83351,137,76,70,67,0
66,66,0,1,0,1,0,2
362,302,60,2,5,1,1,0
5581,1388,4193,19,15,9,10,0
2233,1347,886,23,135,13,10,0
146,146,0,1,0,1,0,1
184,94,90,2,30,1,1,0
66,66,0,1,0,1,0,2
146,146,0,1,0,1,0,1
66,66,0,1,0,1,0,2
136,136,0,1,0,1,0,1
664348,23858,640490,757,119,292,465,0
62,62,0,1,0,1,0,1
66,66,0,1,0,1,0,2
335,78,257,2,29,1,1,0
17924,7867,10057,45,88,24,21,0
60,60,0,1,0,1,0,1
231,90,141,2,29,1,1,0
62,62,0,1,0,1,0,1
277,102,175,2,30,1,1,0
60,60,0,1,0,1,0,1
70,70,0,1,0,1,0,2
60,60,0,1,0,1,0,1
182,93,89,2,31,1,1,0
179,94,85,2,30,1,1,0
614,239,375,6,53,3,3,0
62,62,0,1,0,1,0,1
4886,895,3991,16,31,9,7,0
3530,1002,2528,12,120,6,6,0
199,102,97,2,30,1,1,0
8886,2767,6119,52,17,28,24,0
578,286,292,9,0,5,4,0
70,70,0,1,0,1,0,2
4173,2324,1849,14,42,8,6,0
183,94,89,2,30,1,1,0
66,66,0,1,0,1,0,2
5533,2632,2901,20,46,12,8,0
177,94,83,2,30,1,1,0
66,66,0,1,0,1,0,2
3134,1983,1151,15,15,8,7,0
62,62,0,1,0,1,0,1
156324,6993,149331,192,108,81,111,0
70,70,0,1,5,1,0,0
5082,896,4186,16,70,8,8,0
66,66,0,1,0,1,0,1
70,70,0,2,8,2,0,0
70,70,0,1,0,1,0,2
466,392,74,4,0,3,1,0
62,62,0,1,0,1,0,1
318,192,126,6,25,4,2,0
1739,740,999,17,235,5,12,0
768,99,669,2,30,1,1,0
70,70,0,1,0,1,0,2
60,60,0,1,5,1,0,0
146,146,0,1,0,1,0,1
6754,2219,4535,21,77,11,10,0
13710,4975,8735,22,121,9,13,0
474,200,274,6,44,3,3,0
70,70,0,1,0,1,0,2
66,66,0,1,0,1,0,2
146,146,0,1,0,1,0,1
62,62,0,1,0,1,0,1
78,78,0,1,5,1,0,0
234,234,0,4,12,4,0,0
66,66,0,1,0,1,0,1
293,126,167,2,30,1,1,0
66,66,0,1,0,1,0,1
62,62,0,1,60,1,0,0
66,66,0,1,0,1,0,1
774,101,673,2,31,1,1,0
284,102,182,4,38,2,2,0
195,102,93,2,30,1,1,0
211,102,109,2,30,1,1,0
179,94,85,2,30,1,1,0
4567,1660,2907,19,28,11,8,0
66,66,0,1,0,1,0,2
62,62,0,1,0,1,0,1
253,190,63,2,30,1,1,0
70,70,0,1,0,1,0,2
318,192,126,6,26,4,2,0
174,89,85,2,31,1,1,0
49823,7236,42587,56,29,20,36,0
11061,1566,9495,25,19,13,12,0
145,145,0,1,0,1,0,1
9869,2395,7474,36,129,20,16,0
62,62,0,1,0,1,0,1
228,118,110,2,1200,1,1,0
200,102,98,2,30,1,1,0
753,93,660,2,30,1,1,0
306,212,94,3,29,2,1,0
62,62,0,1,0,1,0,1
70,70,0,1,0,1,0,2
132,132,0,3,1199,3,0,0
27900,6291,21609,46,515,23,23,0
62,62,0,1,0,1,0,1
198,110,88,2,29,1,1,0
2312,1382,930,19,34,11,8,0
288,78,210,2,30,1,1,0
70,70,0,1,0,1,0,2
240,120,120,5,27,3,2,0
62,62,0,1,0,1,0,1
164,70,94,2,5,1,1,0
60,60,0,1,0,1,0,1
70,70,0,1,0,1,0,2
422,96,326,4,42,2,2,0
6898,2843,4055,21,17,11,10,0
194,87,107,2,30,1,1,0
6288,3354,2934,9,122,5,4,0
90,90,0,1,31,1,0,0
70,70,0,1,0,1,0,2
4544,1637,2907,19,26,11,8,0
62,62,0,1,0,1,0,1
9445,6593,2852,43,96,25,18,0
4809,818,3991,15,15,8,7,0
168,78,90,2,30,1,1,0
1195,634,561,12,21,7,5,0
62,62,0,1,0,1,0,1
170,87,83,2,30,1,1,0
86,86,0,1,30,1,0,0
62,62,0,1,0,1,0,1
62,62,0,1,0,1,0,1
60,60,0,1,0,1,0,1
70,70,0,1,0,1,0,2
138,78,60,2,5,1,1,0
62,62,0,1,0,1,0,1
66,66,0,1,0,1,0,2
214,140,74,4,30,3,1,0
177,94,83,2,29,1,1,0
293,223,70,4,1,3,1,3
62,62,0,1,0,1,0,1
2687,1728,959,23,15,12,11,0
24575,6565,18010,86,275,32,54,0
206,97,109,2,30,1,1,0
62,62,0,1,0,1,0,1
5265,1647,3618,16,88,9,7,0
280,140,140,5,130,3,2,0
62,62,0,1,0,1,0,1
62,62,0,1,0,1,0,1
5541,3309,2232,19,61,11,8,0
262,106,156,2,32,1,1,0
66,66,0,1,0,1,0,1
7284,1353,5931,26,186,14,12,0
66,66,0,1,0,1,0,2
12008,2367,9641,32,151,18,14,0
18055,904,17151,22,15,7,15,0
195,102,93,2,29,1,1,0
181,94,87,2,31,1,1,0
66,66,0,1,0,1,0,2
70,70,0,1,4,1,0,0
257,114,143,2,30,1,1,0
182,94,88,2,31,1,1,0
211,110,101,2,30,1,1,0
282,96,186,4,47,2,2,0
168,86,82,2,30,1,1,0
89,89,0,1,30,1,0,0
70,70,0,1,0,1,0,2
70,70,0,1,0,1,0,2
8426,4752,3674,37,122,18,19,0
66,66,0,1,0,1,0,2
70,70,0,1,0,1,0,2
70,70,0,1,0,1,0,2
66,66,0,1,0,1,0,1
184,94,90,2,30,1,1,0
190,97,93,2,30,1,1,0
70,70,0,1,0,1,0,2
821,102,719,2,30,1,1,0
6263,1804,4459,21,361,11,10,0
70,70,0,1,0,1,0,2
8586,1714,6872,25,43,14,11,0
402,118,284,2,30,1,1,0
8627,2906,5721,10,121,4,6,0
5601,1187,4414,24,80,13,11,0
209,110,99,2,29,1,1,0
4712,908,3804,18,75,9,9,0
448,256,192,8,25,5,3,0
66,66,0,1,0,1,0,1
4701,2758,1943,41,93,22,19,0
70,70,0,1,0,1,0,2
792,792,0,13,1200,13,0,0
588,86,502,2,30,1,1,0
3060,1569,1491,12,16,7,5,0
6971,1510,5461,21,80,11,10,0
1584,1130,454,15,39,10,5,0
2895,1428,1467,12,38,7,5,0
711172,27430,683742,812,104,342,470,0
168,78,90,2,30,1,1,0
1053,1053,0,1,0,1,0,1
733,86,647,2,31,1,1,0
1614,1300,314,10,15,5,5,0
3290,2776,514,12,15,7,5,0
70,70,0,1,0,1,0,2
62,62,0,1,0,1,0,1
70,70,0,1,0,1,0,2
199,102,97,2,30,1,1,0
166,85,81,2,31,1,1,0
1302,1302,0,1,0,1,0,1
5518,527,4991,13,75,6,7,0
70,70,0,1,0,1,0,2
887,635,252,7,23,3,4,0
168,86,82,2,31,1,1,0
60,60,0,1,0,1,0,1
3564,1625,1939,12,131,6,6,0
62,62,0,1,0,1,0,1
70,70,0,1,0,1,0,2
66,66,0,1,0,1,0,1
146,146,0,1,0,1,0,1
178,75,103,2,30,1,1,0
70,70,0,1,0,1,0,2
110,110,0,1,5,1,0,0
196,102,94,2,30,1,1,0
9107,2358,6749,24,3600,13,11,0
22768,6548,16220,31,149,14,17,0
2494,1643,851,17,23,9,8,0
66,66,0,1,0,1,0,1
216,110,106,2,31,1,1,0
1614,1300,314,10,15,5,5,0
62,62,0,1,0,1,0,1
5042,2002,3040,14,119,7,7,0
183,94,89,2,29,1,1,0
62,62,0,1,0,1,0,1
145,145,0,1,0,1,0,1
252,70,182,3,120,1,2,0
70,70,0,1,5,1,0,0
42348,4871,37477,71,150,40,31,0
12986,6816,6170,26,26,12,14,0
70,70,0,2,8,2,0,0
2387,1435,952,16,3600,8,8,0
224,78,146,2,30,1,1,0
70,70,0,2,9,2,0,0
5106,766,4340,16,45,9,7,0
14465,1797,12668,30,170,14,16,0
2872,717,2155,14,135,6,8,0
613,539,74,7,15,6,1,0
167,86,81,2,30,1,1,0
1435,98,1337,4,34,2,2,0
1467,880,587,13,21,7,6,0
66,66,0,1,0,1,0,1
70,70,0,1,5,1,0,0
70,70,0,1,0,1,0,2
8510,3207,5303,25,324,13,12,0
66,66,0,1,5,1,0,0
1056,682,374,10,15,6,4,0
70,70,0,1,4,1,0,0
8143,3033,5110,26,18,14,12,0
62,62,0,1,0,1,0,1
70,70,0,1,0,1,0,2
16187,11705,4482,33,159,19,14,0
2339,1680,659,11,17,6,5,0
66,66,0,1,0,1,0,1
66,66,0,1,0,1,0,2
256,114,142,2,30,1,1,0
196,102,94,2,30,1,1,0
70,70,0,1,0,1,0,2
2118,1493,625,9,82,6,3,0
1286,403,883,16,400,4,12,0
254,128,126,5,16,3,2,0
492,306,186,8,15,5,3,0
300,300,0,3,1200,3,0,0
481,150,331,2,1200,1,1,0
183,94,89,2,30,1,1,0
5968,985,4983,17,29,8,9,0
145,145,0,1,0,1,0,1
78,78,0,1,4,1,0,0
70319,5815,64504,146,67,52,94,0
450,246,204,8,26,5,3,0
70,70,0,1,0,1,0,2
146,146,0,1,0,1,0,1
62,62,0,1,0,1,0,1
70,70,0,1,0,1,0,2
207,86,121,2,30,1,1,0
146,146,0,1,0,1,0,1
82,82,0,1,0,1,0,1
60,60,0,1,0,1,0,1
8779,1861,6918,34,120,17,17,0
62,62,0,1,0,1,0,1
26284,21857,4427,72,83,39,33,0
12516,2906,9610,41,427,17,24,0
70,70,0,1,0,1,0,2
66,66,0,1,0,1,0,1
3063,1068,1995,12,134,6,6,0
250,86,164,4,31,2,2,0
70,70,0,1,0,1,0,2
2487,680,1807,9,17,6,3,0
60,60,0,1,0,1,0,1
259,71,188,2,31,1,1,0
70,70,0,1,4,1,0,0
66,66,0,1,0,1,0,2
70,70,0,1,0,1,0,2
66,66,0,1,0,1,0,2
66,66,0,1,90,1,0,0
168,86,82,2,30,1,1,0
66,66,0,1,5,1,0,0
167,86,81,2,29,1,1,0
62,62,0,1,0,1,0,1
366,240,126,7,25,5,2,0
70,70,0,1,0,1,0,2
814,110,704,2,30,1,1,0
6114,862,5252,17,71,9,8,0
145,145,0,1,0,1,0,1
6292,1492,4800,22,17,11,11,0
342,110,232,2,30,1,1,0
62,62,0,1,0,1,0,1
70,70,0,1,0,1,0,2
70321,956,69365,62,52,11,51,0
70,70,0,1,0,1,0,2
66,66,0,1,0,1,0,1
177,94,83,2,30,1,1,0
44756,824,43932,45,15,12,33,0
332,332,0,1,0,1,0,1
66,66,0,1,0,1,0,2
198,102,96,2,30,1,1,0
66,66,0,1,0,1,0,1
74,74,0,1,0,1,0,1
66,66,0,1,0,1,0,2
70,70,0,1,5,1,0,0
60,60,0,1,0,1,0,1
146,146,0,1,0,1,0,1
811,94,717,2,29,1,1,0
70,70,0,1,0,1,0,2
200,102,98,2,30,1,1,0
1165,94,1071,2,29,1,1,0
307,86,221,2,31,1,1,0
66,66,0,1,0,1,0,1
3114,1695,1419,15,196,11,4,0
62,62,0,1,0,1,0,1
70,70,0,1,0,1,0,2
196,94,102,2,31,1,1,0
66,66,0,1,0,1,0,2
66,66,0,1,0,1,0,1
146,146,0,1,0,1,0,1
170706,9877,160829,260,46,110,150,0
70,70,0,1,0,1,0,2
70,70,0,1,0,1,0,2
148,148,0,1,0,1,0,1
70,70,0,1,0,1,0,2
70,70,0,1,0,1,0,2
194,102,92,2,30,1,1,0
10391,7059,3332,27,27,15,12,0
66,66,0,1,0,1,0,1
1126,609,517,11,15,6,5,0
4657,1750,2907,19,31,11,8,0
60,60,0,1,0,1,0,1
66,66,0,2,7,2,0,0
177,94,83,2,30,1,1,0
10514,2031,8483,28,149,12,16,0
8517,2719,5798,24,360,12,12,0
195,102,93,2,30,1,1,0
763,102,661,2,30,1,1,0
303,88,215,4,40,2,2,0
30475,26737,3738,62,26,35,27,0
177,94,83,2,30,1,1,0
1056,682,374,10,15,6,4,0
196,102,94,2,30,1,1,0
268,120,148,5,10,3,2,0
3642,606,3036,13,119,6,7,0
6780,710,6070,16,50,7,9,0
70,70,0,1,0,1,0,2
62,62,0,1,0,1,0,1
302,97,205,4,43,2,2,0
9001,4087,4914,59,39,27,32,0
146,146,0,1,0,1,0,1
751,95,656,2,31,1,1,0
70,70,0,1,0,1,0,2
70,70,0,2,8,2,0,0
4089,2456,1633,53,1773,31,22,0
143,143,0,1,0,1,0,1
70,70,0,1,0,1,0,2
209,110,99,2,30,1,1,0
4168,2906,1262,11,15,6,5,0
164,78,86,2,31,1,1,0
3056958,73055,2983903,3016,43,1023,1993,0
280,140,140,5,151,3,2,0
66,66,0,1,0,1,0,1
70,70,0,1,0,1,0,2
246,102,144,2,29,1,1,0
248,102,146,2,30,1,1,0
216,110,106,2,29,1,1,0
66,66,0,1,0,1,0,1
62,62,0,1,0,1,0,1
66,66,0,1,0,1,0,1
355,118,237,2,29,1,1,0
70,70,0,1,0,1,0,2
74,74,0,1,0,1,0,1
770,102,668,2,30,1,1,0
70,70,0,1,0,1,0,2
66,66,0,2,8,2,0,0
184,94,90,2,30,1,1,0
7925,2114,5811,27,37,16,11,0
70,70,0,1,5,1,0,0
15038,4142,10896,48,108,24,24,0
70,70,0,1,0,1,0,2
66,66,0,1,4,1,0,0
217,94,123,2,30,1,1,0
66,66,0,1,0,1,0,1
4307,2005,2302,37,18,20,17,0
61141,52577,8564,102,363,50,52,0
70,70,0,1,0,1,0,2
168,78,90,2,30,1,1,0
177,94,83,2,30,1,1,0
402,118,284,2,30,1,1,0
60,60,0,1,0,1,0,1
783,96,687,2,30,1,1,0
278,96,182,4,54,2,2,0
62,62,0,1,0,1,0,1
758,96,662,2,31,1,1,0
426,240,186,8,29,5,3,0
70,70,0,1,5,1,0,0
1774,1460,314,13,15,8,5,0
199,94,105,2,30,1,1,0
11108,3774,7334,28,230,13,15,0
172,94,78,2,30,1,1,0
145,145,0,1,0,1,0,1
62,62,0,1,0,1,0,1
66,66,0,1,0,1,0,1
188,96,92,2,30,1,1,0
70,70,0,2,8,2,0,0
514,246,268,9,42,5,4,0
66,66,0,1,0,1,0,1
299,104,195,4,35,2,2,0
70,70,0,1,0,1,0,2
177,94,83,2,30,1,1,0
66,66,0,1,0,1,0,1
199,102,97,2,29,1,1,0
74,74,0,1,0,1,0,1
66,66,0,1,0,1,0,1
62,62,0,1,0,1,0,1
1013,504,509,10,15,6,4,0
70,70,0,1,5,1,0,0
9744,1958,7786,25,18,13,12,0
62,62,0,1,0,1,0,1
224,102,122,2,30,1,1,0
70,70,0,1,0,1,0,2
1289,724,565,11,26,6,5,0
70,70,0,1,0,1,0,2
66,66,0,1,0,1,0,1
6147,943,5204,17,16,9,8,0
66,66,0,1,0,1,0,2
760,97,663,2,31,1,1,0
130,70,60,3,5,2,1,0
70,70,0,1,0,1,0,2
66,66,0,1,0,1,0,1
499,425,74,4,0,3,1,0
744,89,655,2,31,1,1,0
756,95,661,2,30,1,1,0
66,66,0,1,0,1,0,1
60,60,0,1,0,1,0,1
177,94,83,2,30,1,1,0
194,102,92,2,30,1,1,0
170,87,83,2,31,1,1,0
194,70,124,3,11,1,2,0
66,66,0,1,0,1,0,1
215,102,113,2,29,1,1,0
140,140,0,1,0,1,0,1
70,70,0,1,0,1,0,2
617481,41514,575967,856,221,381,475,0
62,62,0,1,0,1,0,1
416,210,206,7,28,4,3,0
350,210,140,6,27,4,2,0
60,60,0,1,0,1,0,1
7587,2099,5488,26,3602,14,12,0
70,70,0,2,8,2,0,0
228,94,134,2,30,1,1,0
193,102,91,2,31,1,1,0
66,66,0,1,0,1,0,1
184,94,90,2,30,1,1,0
924,924,0,15,1200,15,0,0
219,71,148,2,31,1,1,0
70,70,0,1,0,1,0,2
279,96,183,4,31,2,2,0
168,86,82,2,31,1,1,0
183,94,89,2,30,1,1,0
62,62,0,1,0,1,0,1
6135,843,5292,20,26,10,10,0
12556,1134,11422,28,78,13,15,0
70,70,0,1,0,1,0,2
5938,1521,4417,20,125,10,10,0
406,142,264,2,30,1,1,0
62,62,0,1,0,1,0,1
733,86,647,2,31,1,1,0
200,94,106,2,30,1,1,0
146,146,0,1,0,1,0,1
70,70,0,1,0,1,0,2
314,192,122,6,28,4,2,0
232,94,138,2,30,1,1,0
146,146,0,1,0,1,0,1
60,60,0,1,0,1,0,1
66,66,0,1,0,1,0,2
62,62,0,1,0,1,0,1
170,87,83,2,31,1,1,0
60,60,0,1,0,1,0,1
27298,11122,16176,59,31,30,29,0
70,70,0,1,0,1,0,2
9896,2040,7856,34,120,17,17,0
327838,13327,314511,355,127,121,234,0
23580,10536,13044,36,39,18,18,0
33734,3007,30727,53,90,29,24,0
184,86,98,2,30,1,1,0
71,71,0,1,0,1,0,1
767,102,665,2,31,1,1,0
70,70,0,1,5,1,0,0
66,66,0,1,0,1,0,2
9800,2228,7572,23,24,12,11,0
422,164,258,6,29,3,3,0
66,66,0,1,0,1,0,2
62,62,0,1,0,1,0,1
70,70,0,1,0,1,0,2
320,140,180,6,7,3,3,0
146,146,0,1,0,1,0,1
62,62,0,1,0,1,0,1
23029908,732047,22297861,24550,183,8143,16407,0
502,150,352,2,1200,1,1,0
70,70,0,1,0,1,0,2
66,66,0,1,0,1,0,2
66,66,0,1,0,1,0,2
62,62,0,1,0,1,0,1
66,66,0,1,0,1,0,2
70,70,0,1,5,1,0,0
82838,3838,79000,104,31,42,62,0
546,300,246,10,32,6,4,0
4107,3453,654,13,16,7,6,0
167,86,81,2,31,1,1,0
66,66,0,1,0,1,0,1
66,66,0,1,0,1,0,2
66,66,0,1,0,1,0,2
70,70,0,1,0,1,0,2
70,70,0,2,8,2,0,0
811,94,717,2,30,1,1,0
70,70,0,1,5,1,0,0
62,62,0,1,0,1,0,1
66,66,0,1,0,1,0,1
62,62,0,1,0,1,0,1
6706,4950,1756,23,20,13,10,0
66,66,0,1,0,1,0,2
320,140,180,6,6,3,3,0
5761,3561,2200,45,51,23,22,0
70,70,0,1,0,1,0,2
197,90,107,2,30,1,1,0
8965,3771,5194,33,124,14,19,0
216,110,106,2,30,1,1,0
8256,1674,6582,31,75,15,16,0
134,60,74,3,5,2,1,0
2443,1794,649,11,76,6,5,0
407843,11895,395948,436,271,157,279,0
194,102,92,2,31,1,1,0
66,66,0,1,0,1,0,2
6511,2810,3701,34,3665,12,22,0
66,66,0,1,0,1,0,2
66,66,0,1,0,1,0,2
70,70,0,1,0,1,0,2
70,70,0,1,0,1,0,2
62,62,0,1,0,1,0,1
6070,1779,4291,17,3600,8,9,0
453,251,202,4,1200,2,2,0
66,66,0,1,0,1,0,1
197,90,107,2,30,1,1,0
62,62,0,1,0,1,0,1
146,146,0,1,0,1,0,1
159,159,0,1,0,1,0,1
3132,815,2317,14,16,7,7,0
70,70,0,1,0,1,0,2
11936,2198,9738,22,88,9,13,0
21570,1613,19957,33,54,16,17,0
66,66,0,1,0,1,0,2
62,62,0,1,0,1,0,1
10239,2017,8222,23,18,14,9,0
672,306,366,11,14,5,6,0
199,102,97,2,30,1,1,0
70,70,0,1,0,1,0,2
776,102,674,2,30,1,1,0
70,70,0,1,0,1,0,2
195,102,93,2,30,1,1,0
184,94,90,2,31,1,1,0
182,93,89,2,31,1,1,0
44311,4535,39776,55,121,21,34,0
183,94,89,2,29,1,1,0
156,156,0,2,0,2,0,0
791,85,706,4,57,2,2,0
11441,6765,4676,40,792,19,21,0
70,70,0,1,0,1,0,2
79305,3202,76103,98,347,32,66,0
70,70,0,1,0,1,0,2
195,102,93,2,29,1,1,0
168,86,82,2,30,1,1,0
168,78,90,2,30,1,1,0
323,94,229,2,30,1,1,0
70,70,0,1,0,1,0,2
148,86,62,2,29,1,1,0
62,62,0,1,0,1,0,1
725,277,448,8,61,4,4,0
180,94,86,2,30,1,1,0
70,70,0,1,0,1,0,2
7737,6531,1206,21,16,12,9,0
70,70,0,1,0,1,0,2
6270,1368,4902,22,15,12,10,0
205,83,122,4,30,2,2,0
66,66,0,1,0,1,0,1
70,70,0,1,0,1,0,2
70,70,0,1,5,1,0,0
676,192,484,6,84,3,3,0
258,102,156,2,30,1,1,0
62,62,0,1,0,1,0,1
62,62,0,1,0,1,0,1
66,66,0,1,0,1,0,2
70,70,0,1,5,1,0,0
11841,1700,10141,37,195,16,21,0
47703,2616,45087,62,120,24,38,0
62,62,0,1,0,1,0,1
5731,495,5236,14,15,7,7,0
70,70,0,1,0,1,0,2
316,91,225,4,46,2,2,0
66,66,0,1,0,1,0,1
71,71,0,1,30,1,0,0
481,150,331,2,1200,1,1,0
210,110,100,2,30,1,1,0
183,94,89,2,30,1,1,0
70,70,0,1,0,1,0,2
1786,172,1614,7,120,3,4,0
66,66,0,1,0,1,0,2
3188,2056,1132,23,121,13,10,0
195,102,93,2,30,1,1,0
12079,1344,10735,24,17,10,14,0
3954,778,3176,17,121,8,9,0
325,102,223,2,29,1,1,0
62,62,0,1,0,1,0,1
9868,2027,7841,24,20,12,12,0
2388,1628,760,18,294,11,7,0
6278,3531,2747,23,122,12,11,0
66,66,0,1,0,1,0,1
270,95,175,4,60,2,2,0
70,70,0,1,0,1,0,2
186,102,84,2,30,1,1,0
1560,988,572,13,23,7,6,0
70,70,0,1,0,1,0,2
70,70,0,1,0,1,0,2
62,62,0,1,0,1,0,1
70,70,0,1,0,1,0,2
62,62,0,1,0,1,0,1
4788,785,4003,15,70,8,7,0
10244,2295,7949,38,121,20,18,0
62,62,0,1,0,1,0,1
23067,5901,17166,43,73,21,22,0
66,66,0,1,0,1,0,2
1232,481,751,10,15,5,5,0
8867,2701,6166,21,105,9,12,0
70,70,0,1,5,1,0,0
66,66,0,1,0,1,0,1
70,70,0,1,5,1,0,0
199,102,97,2,29,1,1,0
70,70,0,1,0,1,0,2
70,70,0,1,0,1,0,2
70,70,0,1,0,1,0,2
66,66,0,1,0,1,0,1
78,78,0,1,0,1,0,1
70,70,0,1,0,1,0,2
888,126,762,2,30,1,1,0
395,102,293,2,30,1,1,0
450,246,204,8,142,5,3,0
200,94,106,2,29,1,1,0
4699,1792,2907,19,30,11,8,0
66,66,0,1,0,1,0,1
172,88,84,2,31,1,1,0
66,66,0,1,0,1,0,1
9058,868,8190,18,46,10,8,0
70,70,0,1,0,1,0,2
66,66,0,1,0,1,0,1
901,126,775,2,30,1,1,0
1703,538,1165,8,177,5,3,0
74,74,0,1,0,1,0,1
7787,3056,4731,19,87,10,9,0
269,96,173,4,59,2,2,0
70,70,0,1,0,1,0,2
70,70,0,1,0,1,0,2
240,96,144,2,30,1,1,0
5422,707,4715,16,25,8,8,0
62,62,0,1,0,1,0,1
70,70,0,1,0,1,0,2
210,78,132,2,30,1,1,0
499,425,74,4,0,3,1,0
321,102,219,2,30,1,1,0
180,94,86,2,30,1,1,0
66,66,0,1,0,1,0,2
70,70,0,1,5,1,0,0
66,66,0,1,0,1,0,2
70,70,0,1,0,1,0,2
2188,593,1595,11,16,5,6,0
496,92,404,4,58,2,2,0
3090,1706,1384,16,30,10,6,0
62,62,0,1,0,1,0,1
165464,10322,155142,189,71,69,120,0
4647,1536,3111,25,40,12,13,0
62,62,0,1,0,1,0,1
260,86,174,2,30,1,1,0
60,60,0,1,0,1,0,1
499,425,74,4,0,3,1,0
66,66,0,1,0,1,0,1
5619,885,4734,17,26,9,8,0
70,70,0,2,8,2,0,0
62,62,0,1,0,1,0,1
170,87,83,2,31,1,1,0
62,62,0,1,0,1,0,1
40993,2984,38009,57,24,28,29,0
70,70,0,1,0,1,0,2
216,110,106,2,30,1,1,0
70,70,0,1,30,1,0,0
9462,4488,4974,28,96,13,15,0
70,70,0,1,0,1,0,2
10893,6516,4377,36,131,16,20,0
70,70,0,1,0,1,0,2
7941,1952,5989,20,15,11,9,0
66,66,0,1,0,1,0,2
199,94,105,2,29,1,1,0
197,102,95,2,33,1,1,0
70,70,0,1,0,1,0,2
337,89,248,4,38,2,2,0
34476,818,33658,35,104,9,26,0
294025,14919,279106,401,42,192,209,0
130,70,60,2,6,1,1,0
70,70,0,1,0,1,0,2
1753,1108,645,16,26,9,7,0
62,62,0,1,0,1,0,1
177,94,83,2,29,1,1,0
8215,2882,5333,32,90,16,16,0
14121,2299,11822,37,19,19,18,0
146,146,0,1,0,1,0,1
318,192,126,6,26,4,2,0
62,62,0,1,0,1,0,1
3802,1769,2033,15,135,7,8,0
66,66,0,1,0,1,0,1
4317,2189,2128,29,82,15,14,0
39555,12054,27501,78,66,41,37,0
62,62,0,1,0,1,0,1
199,94,105,2,30,1,1,0
70,70,0,1,0,1,0,2
62,62,0,1,0,1,0,1
70,70,0,1,0,1,0,2
70,70,0,1,0,1,0,2
66,66,0,1,0,1,0,2
73,73,0,1,30,1,0,0
66,66,0,1,0,1,0,2
66,66,0,1,0,1,0,2
62,62,0,1,0,1,0,1
70,70,0,1,0,1,0,2
4176,3453,723,14,15,7,7,0
170,87,83,2,30,1,1,0
70,70,0,1,0,1,0,2
9908,4692,5216,30,92,16,14,0
261,261,0,4,47,4,0,0
62,62,0,1,0,1,0,1
222,94,128,2,30,1,1,0
148,86,62,2,30,1,1,0
2862,1465,1397,11,47,6,5,0
223,78,145,2,30,1,1,0
913,126,787,2,30,1,1,0
70,70,0,1,0,1,0,2
228,118,110,2,1200,1,1,0
66,66,0,1,0,1,0,1
1658,1247,411,8,15,5,3,0
66,66,0,1,0,1,0,1
16114,7882,8232,37,104,15,22,0
148,86,62,2,30,1,1,0
9122,4055,5067,84,67,39,45,0
62,62,0,1,0,1,0,1
66,66,0,1,0,1,0,1
2074,793,1281,11,48,6,5,0
66,66,0,1,0,1,0,1
70,70,0,1,0,1,0,2
66,66,0,1,0,1,0,2
1806,1806,0,22,224,22,0,0
168,86,82,2,31,1,1,0
26845,11746,15099,187,161,104,83,0
70,70,0,1,0,1,0,2
2895,2046,849,14,134,8,6,0
178,94,84,2,30,1,1,0
66,66,0,1,0,1,0,2
10029,4115,5914,31,61,17,14,0
62,62,0,1,0,1,0,1
775,102,673,2,30,1,1,0
9766,3290,6476,40,57,20,20,0
184,94,90,2,31,1,1,0
184,94,90,2,30,1,1,0
62,62,0,1,0,1,0,1
214,110,104,2,30,1,1,0
6261,833,5428,15,20,8,7,0
168,78,90,2,30,1,1,0
66,66,0,1,0,1,0,2
164604,5676,158928,188,39,70,118,0
62,62,0,1,0,1,0,1
177,94,83,2,30,1,1,0
5996,976,5020,19,35,10,9,0
70,70,0,1,0,1,0,2
66,66,0,1,0,1,0,2
330,92,238,4,43,2,2,0
72,72,0,1,0,1,0,1
193,102,91,2,30,1,1,0
60,60,0,1,0,1,0,1
70,70,0,1,0,1,0,2
5653,2347,3306,33,361,18,15,0
90369,3417,86952,95,15,30,65,0
145,145,0,1,0,1,0,1
262,86,176,4,46,2,2,0
193,102,91,2,30,1,1,0
7832,1143,6689,19,31,9,10,0
1570,754,816,10,16,6,4,0
3244,1630,1614,8,120,4,4,0
564,318,246,9,15,5,4,0
62,62,0,1,0,1,0,1
194,102,92,2,31,1,1,0
243,104,139,2,30,1,1,0
21122,2591,18531,36,17,18,18,0
60,60,0,1,0,1,0,1
8376,6877,1499,27,31,15,12,0
343853,13570,330283,445,3,223,222,0
66,66,0,1,0,1,0,1
166,85,81,2,31,1,1,0
62,62,0,1,0,1,0,1
70,70,0,1,0,1,0,2
200,94,106,2,30,1,1,0
596,90,506,4,59,2,2,0
178,94,84,2,30,1,1,0
70,70,0,1,0,1,0,2
70,70,0,1,0,1,0,2
188,96,92,2,31,1,1,0
62,62,0,1,0,1,0,1
17243,5482,11761,82,316,41,41,0
78,78,0,1,5,1,0,0
21207,14062,7145,50,19,28,22,0
70,70,0,1,5,1,0,0
255,102,153,2,30,1,1,0
762,98,664,2,30,1,1,0
62,62,0,1,0,1,0,1
12589,6479,6110,172,4146,86,86,0
27958,21973,5985,77,403,43,34,0
2959,1505,1454,10,15,6,4,0
66,66,0,1,0,1,0,1
1867,743,1124,24,16,11,13,0
3224,2776,448,11,15,7,4,0
62,62,0,1,0,1,0,1
1402,856,546,12,34,6,6,0
66,66,0,1,0,1,0,1
60,60,0,1,0,1,0,1
62,62,0,1,0,1,0,1
146,146,0,1,0,1,0,1
336,150,186,6,89,3,3,0
7211,823,6388,16,15,10,6,0
70,70,0,1,0,1,0,2
66,66,0,1,0,1,0,2
5544,2626,2918,28,145,15,13,0
130,70,60,2,5,1,1,0
66,66,0,1,0,1,0,2
9959,2430,7529,27,46,16,11,0
164,78,86,2,31,1,1,0
1426,98,1328,4,55,2,2,0
66,66,0,1,0,1,0,2
1516,481,1035,11,15,6,5,0
733,94,639,2,30,1,1,0
8059,2039,6020,20,15,11,9,0
70,70,0,1,0,1,0,2
286,103,183,4,48,2,2,0
177,94,83,2,30,1,1,0
70,70,0,1,5,1,0,0
5107,700,4407,15,15,7,8,0
66,66,0,1,0,1,0,2
62,62,0,1,0,1,0,1
70,70,0,1,0,1,0,2
70,70,0,1,0,1,0,2
82,82,0,1,0,1,0,1
4507,1600,2907,19,31,11,8,0
70,70,0,1,0,1,0,2
212,102,110,2,30,1,1,0
214,97,117,2,30,1,1,0
159,159,0,1,0,1,0,1
66,66,0,1,0,1,0,1
78,78,0,1,0,1,0,1
232,110,122,2,30,1,1,0
66,66,0,1,0,1,0,2
62,62,0,1,0,1,0,1
70,70,0,1,0,1,0,2
70,70,0,1,0,1,0,2
193,102,91,2,30,1,1,0
1142,558,584,16,16,8,8,0
62,62,0,1,0,1,0,1
66,66,0,1,0,1,0,2
62,62,0,1,0,1,0,1
481,150,331,2,1200,1,1,0
561,99,462,4,38,2,2,0
62,62,0,1,0,1,0,1
66,66,0,1,0,1,0,1
70,70,0,1,0,1,0,2
62,62,0,1,0,1,0,1
70,70,0,1,0,1,0,2
7348,1763,5585,23,77,12,11,0
66,66,0,1,0,1,0,1
70,70,0,1,0,1,0,2
219,87,132,2,30,1,1,0
810,108,702,2,31,1,1,0
70,70,0,1,0,1,0,2
62,62,0,1,0,1,0,1
60,60,0,1,0,1,0,1
168,86,82,2,30,1,1,0
66,66,0,1,0,1,0,1
66,66,0,1,5,1,0,0
3331,1442,1889,15,17,8,7,0
66,66,0,1,0,1,0,2
62,62,0,1,0,1,0,1
8130,2093,6037,17,120,9,8,0
5237,680,4557,12,170,6,6,0
62,62,0,1,0,1,0,1
62,62,0,1,0,1,0,1
62,62,0,1,0,1,0,1
62,62,0,1,0,1,0,1
7941,1952,5989,20,15,11,9,0
70,70,0,1,0,1,0,2
70,70,0,1,0,1,0,2
70,70,0,1,0,1,0,2
165,86,79,2,31,1,1,0
70,70,0,1,0,1,0,2
307104860,2750998,304353862,234597,6122,15017,219580,0
26334,2210,24124,49,66,22,27,0
66,66,0,1,0,1,0,2
60,60,0,1,0,1,0,1
460,394,66,4,0,3,1,0
70,70,0,1,0,1,0,2
70,70,0,1,0,1,0,2
62,62,0,1,0,1,0,1
7915,1926,5989,20,15,11,9,0
62,62,0,1,0,1,0,1
177,94,83,2,30,1,1,0
220,220,0,1,0,1,0,1
164,84,80,2,31,1,1,0
66,66,0,1,0,1,0,2
70,70,0,1,0,1,0,2
24686,1935,22751,36,16,17,19,0
66,66,0,1,0,1,0,2
70,70,0,2,8,2,0,0
231,88,143,2,33,1,1,0
193,102,91,2,30,1,1,0
70,70,0,1,0,1,0,2
7341,2121,5220,18,135,8,10,0
270,270,0,4,33,4,0,0
66,66,0,1,0,1,0,2
209,110,99,2,30,1,1,0
62,62,0,1,0,1,0,1
70,70,0,1,0,1,0,2
70,70,0,1,0,1,0,2
229060,38515,190545,283,135,113,170,0
223,102,121,2,30,1,1,0
66,66,0,1,0,1,0,1
60,60,0,1,0,1,0,1
70,70,0,1,5,1,0,0
184,94,90,2,31,1,1,0
66,66,0,1,0,1,0,2
251,98,153,2,31,1,1,0
62,62,0,1,0,1,0,1
5578,2780,2798,14,120,7,7,0
210,110,100,2,30,1,1,0
184,94,90,2,30,1,1,0
181,98,83,2,31,1,1,0
145,145,0,1,0,1,0,1
66,66,0,1,0,1,0,1
88,88,0,1,0,1,0,1
146,146,0,1,0,1,0,1
62,62,0,1,0,1,0,1
66,66,0,1,0,1,0,1
499,425,74,4,0,3,1,0
70,70,0,1,0,1,0,2
70,70,0,1,0,1,0,2
480591,8786,471805,442,46,102,340,0
62,62,0,1,0,1,0,1
66,66,0,1,0,1,0,1
177,94,83,2,29,1,1,0
62,62,0,1,0,1,0,1
33937,628,33309,31,104,6,25,0
70,70,0,1,0,1,0,2
60,60,0,1,0,1,0,1
2444,2444,0,3,191,3,0,0
312,78,234,2,30,1,1,0
66,66,0,1,0,1,0,1
2958,1116,1842,15,83,8,7,0
239,102,137,2,30,1,1,0
66,66,0,1,0,1,0,2
244,244,0,2,0,2,0,0
320,140,180,6,8,3,3,0
28433,1668,26765,39,20,18,21,0
180,94,86,2,30,1,1,0
2396,1144,1252,14,979,7,7,0
66,66,0,1,0,1,0,2
66,66,0,1,0,1,0,1
1635,824,811,10,15,5,5,0
70,70,0,1,0,1,0,2
62,62,0,1,0,1,0,1
823,98,725,2,31,1,1,0
250,164,86,4,30,3,1,0
145,145,0,1,0,1,0,1
216,110,106,2,30,1,1,0
262,107,155,2,30,1,1,0
146,146,0,1,0,1,0,1
66,66,0,1,0,1,0,1
13055,5677,7378,29,122,15,14,0
66,66,0,1,0,1,0,2
66,66,0,1,0,1,0,2
146,146,0,1,0,1,0,1
889,126,763,2,30,1,1,0
502,150,352,2,1199,1,1,0
70,70,0,1,4,1,0,0
290,102,188,2,30,1,1,0
62,62,0,1,0,1,0,1
74,74,0,1,0,1,0,1
316,136,180,6,7,3,3,0
66,66,0,1,0,1,0,2
66,66,0,1,0,1,0,1
294,93,201,4,42,2,2,0
193,102,91,2,30,1,1,0
9081,3368,5713,42,76,24,18,0
1092,645,447,10,34,6,4,0
314376,14130,300246,399,246,169,230,0
15799,7457,8342,42,98,22,20,0
10613,3156,7457,42,15,24,18,0
212,102,110,2,30,1,1,0
60,60,0,1,0,1,0,1
66,66,0,1,0,1,0,1
70,70,0,1,0,1,0,2
62,62,0,1,0,1,0,1
66,66,0,1,0,1,0,2
7210,2267,4943,22,15,12,10,0
146,146,0,1,0,1,0,1
183,94,89,2,29,1,1,0
100,100,0,1,0,1,0,1
183,94,89,2,30,1,1,0
70,70,0,2,8,2,0,0
42376115,1180708,41195407,45399,148,13976,31423,0
70,70,0,1,0,1,0,2
194,102,92,2,30,1,1,0
70,70,0,1,0,1,0,2
70,70,0,2,8,2,0,0
193,102,91,2,29,1,1,0
442,262,180,8,42,5,3,0
1514,1514,0,1,0,1,0,1
66,66,0,1,0,1,0,2
60,60,0,1,0,1,0,1
5082,973,4109,18,60,9,9,0
70,70,0,2,8,2,0,0
7942,1953,5989,20,15,11,9,0
70,70,0,1,0,1,0,2
480,244,236,4,0,2,2,0
66,66,0,1,0,1,0,2
70,70,0,1,5,1,0,0
184,94,90,2,30,1,1,0
6177,969,5208,17,26,9,8,0
8761,2571,6190,24,17,14,10,0
62,62,0,1,0,1,0,1
70,70,0,1,0,1,0,2
7123,1020,6103,19,151,11,8,0
1273,471,802,11,290,6,5,0
1200,1200,0,9,1201,9,0,0
407760,15074,392686,424,25,154,270,0
6363,3790,2573,16,30,10,6,0
260,86,174,2,30,1,1,0
21073,15881,5192,47,151,30,17,0
757,102,655,2,30,1,1,0
66,66,0,1,0,1,0,1
1590,1038,552,12,48,6,6,0
6840,1556,5284,32,26,17,15,0
170,87,83,2,31,1,1,0
60,60,0,1,0,1,0,1
235,86,149,2,30,1,1,0
70,70,0,1,0,1,0,2
70,70,0,1,0,1,0,2
66,66,0,1,0,1,0,1
312,192,120,6,25,4,2,0
145,145,0,1,0,1,0,1
216,110,106,2,31,1,1,0
184,94,90,2,29,1,1,0
21106,2445,18661,45,20,24,21,0
70,70,0,1,0,1,0,2
70,70,0,1,0,1,0,2
6387,2535,3852,22,30,11,11,0
70,70,0,2,8,2,0,0
9037,3596,5441,36,321,19,17,0
70,70,0,1,0,1,0,2
62,62,0,1,0,1,0,1
66,66,0,1,0,1,0,2
66,66,0,1,0,1,0,2
70,70,0,1,0,1,0,2
183,94,89,2,30,1,1,0
2235,1055,1180,12,15,7,5,0
70,70,0,1,0,1,0,2
62,62,0,1,0,1,0,1
146,146,0,1,0,1,0,1
70,70,0,1,5,1,0,0
183,94,89,2,29,1,1,0
66,66,0,1,0,1,0,1
62,62,0,1,0,1,0,1
4710,699,4011,12,15,8,4,0
282,148,134,5,27,3,2,0
338,110,228,2,31,1,1,0
66,66,0,1,0,1,0,2
55149,7806,47343,134,108,61,73,0
422,164,258,6,30,3,3,0
338,106,232,4,37,2,2,0
244,244,0,2,0,2,0,0
62,62,0,1,0,1,0,1
404,259,145,3,33,2,1,0
70,70,0,1,4,1,0,0
193,102,91,2,30,1,1,0
230,110,120,2,29,1,1,0
138,78,60,2,5,1,1,0
168,78,90,2,30,1,1,0
12874,6770,6104,26,28,13,13,0
244,71,173,2,30,1,1,0
66,66,0,1,0,1,0,1
221,94,127,2,29,1,1,0
62,62,0,1,0,1,0,1
62,62,0,1,0,1,0,1
8195,1780,6415,23,60,12,11,0
528,528,0,9,1201,9,0,0
10402,1945,8457,24,158,11,13,0
10139,3656,6483,29,128,14,15,0
499,425,74,4,0,3,1,0
3158,1309,1849,28,418,15,13,0
70,70,0,1,0,1,0,2
62,62,0,1,0,1,0,1
62,62,0,1,0,1,0,1
157156,3872,153284,160,128,48,112,0
70,70,0,1,0,1,0,2
70,70,0,1,0,1,0,2
197,102,95,2,30,1,1,0
981499,39775,941724,1109,291,439,670,0
70,70,0,1,0,1,0,2
66,66,0,1,0,1,0,1
70,70,0,1,0,1,0,2
70,70,0,1,0,1,0,2
255,88,167,4,53,2,2,0
66,66,0,1,0,1,0,1
70,70,0,1,0,1,0,2
360,240,120,7,25,5,2,0
728,102,626,2,29,1,1,0
196,102,94,2,30,1,1,0
66,66,0,1,0,1,0,2
62,62,0,1,0,1,0,1
7819,1662,6157,20,76,11,9,0
424,104,320,4,31,2,2,0
60,60,0,1,0,1,0,1
62,62,0,1,0,1,0,1
66,66,0,1,0,1,0,1
198,101,97,2,31,1,1,0
60,60,0,1,0,1,0,1
70,70,0,1,0,1,0,2
772,102,670,2,30,1,1,0
60,60,0,1,0,1,0,1
193,102,91,2,31,1,1,0
153,93,60,2,5,1,1,0
3609,1654,1955,19,18,11,8,0
1917,1468,449,10,19,6,4,0
8995,2498,6497,40,256,19,21,0
177,94,83,2,30,1,1,0
194,87,107,2,31,1,1,0
750,360,390,10,60,5,5,0
10133,2663,7470,35,255,18,17,0
62,62,0,1,0,1,0,1
66,66,0,1,0,1,0,1
66,66,0,1,0,1,0,1
165191,6141,159050,184,30,67,117,0
158,158,0,1,1200,1,0,0
216,110,106,2,30,1,1,0
86,86,0,1,30,1,0,0
70,70,0,1,0,1,0,2
4125,2847,1278,18,255,10,8,0
223,78,145,2,30,1,1,0
7974,2926,5048,25,17,15,10,0
66,66,0,2,7,2,0,0
8637,5348,3289,37,738,15,22,0
70,70,0,2,8,2,0,0
66,66,0,1,0,1,0,2
31982,9936,22046,61,16,33,28,0
230,90,140,2,30,1,1,0
70,70,0,1,0,1,0,2
161,101,60,2,5,1,1,0
66,66,0,1,0,1,0,2
139,139,0,1,0,1,0,1
889,404,485,10,30,5,5,0
70,70,0,1,0,1,0,2
3129,782,2347,17,134,8,9,0
70,70,0,1,0,1,0,2
70,70,0,1,0,1,0,2
70,70,0,1,0,1,0,2
70,70,0,1,0,1,0,2
5220,2290,2930,15,121,7,8,0
3297,2327,970,22,37,11,11,0
66,66,0,1,0,1,0,1
70,70,0,1,0,1,0,2
148,148,0,1,0,1,0,1
66,66,0,1,0,1,0,2
62,62,0,1,0,1,0,1
66,66,0,1,0,1,0,1
66,66,0,1,0,1,0,2
184,94,90,2,31,1,1,0
145,145,0,1,0,1,0,1
62,62,0,1,0,1,0,1
70,70,0,1,0,1,0,2
70,70,0,1,5,1,0,0
177,94,83,2,29,1,1,0
293,102,191,2,30,1,1,0
177,94,83,2,30,1,1,0
70,70,0,2,8,2,0,0
62,62,0,1,0,1,0,1
289,92,197,4,31,2,2,0
182,94,88,2,29,1,1,0
70,70,0,1,0,1,0,2
889,126,763,3,31,2,1,0
70,70,0,1,0,1,0,2
200,94,106,2,30,1,1,0
569471,20976,548495,666,333,273,393,0
156,156,0,1,0,1,0,1
7767,1069,6698,23,3971,7,16,0
177,94,83,2,31,1,1,0
62,62,0,1,0,1,0,1
8580941,269463,8311478,9202,122,3016,6186,0
197,90,107,2,30,1,1,0
60,60,0,1,0,1,0,1
612,306,306,10,16,5,5,0
168,78,90,2,30,1,1,0
66,66,0,1,0,1,0,2
164,86,78,2,30,1,1,0
443,182,261,6,31,3,3,0
62,62,0,1,0,1,0,1
423,104,319,4,39,2,2,0
350,210,140,6,15,4,2,0
9695,5259,4436,24,35,12,12,0
70,70,0,1,0,1,0,2
288,83,205,2,30,1,1,0
180817,9921,170896,241,21,116,125,0
2733,1555,1178,22,275,11,11,0
181,86,95,2,30,1,1,0
499,425,74,4,0,3,1,0
70,70,0,1,0,1,0,2
70,70,0,1,0,1,0,2
66,66,0,1,0,1,0,1
66,66,0,1,0,1,0,1
66,66,0,1,0,1,0,2
4392,1781,2611,21,20,12,9,0
66,66,0,1,0,1,0,2
62,62,0,1,0,1,0,1
62,62,0,1,0,1,0,1
8423,2244,6179,32,15,17,15,0
193,102,91,2,30,1,1,0
184,94,90,2,31,1,1,0
363,97,266,4,34,2,2,0
443,98,345,4,57,2,2,0
362,240,122,7,25,5,2,0
1765,1126,639,17,125,10,7,0
526,304,222,8,30,5,3,0
146,146,0,1,0,1,0,1
70,70,0,1,4,1,0,0
5954,1454,4500,22,142,13,9,0
178,91,87,2,31,1,1,0
62,62,0,1,0,1,0,1
66,66,0,2,7,2,0,0
295,110,185,2,30,1,1,0
2888,1389,1499,18,15,9,9,0
11389,1184,10205,22,76,9,13,0
70,70,0,1,0,1,0,2
194,87,107,2,31,1,1,0
74,74,0,1,0,1,0,1
110,110,0,1,5,1,0,0
64,64,0,1,0,1,0,1
199,102,97,2,29,1,1,0
3160640,65300,3095340,2786,144,547,2239,0
2005,1094,911,11,87,6,5,0
70,70,0,1,0,1,0,2
13263,7381,5882,51,118,26,25,0
66,66,0,1,0,1,0,2
76625,63648,12977,139,83,79,60,0
70,70,0,1,0,1,0,2
66,66,0,1,0,1,0,1
3149,769,2380,10,120,5,5,0
62,62,0,1,0,1,0,1
62,62,0,1,0,1,0,1
864,507,357,8,38,5,3,0
66,66,0,1,0,1,0,2
70,70,0,1,0,1,0,2
4198,2498,1700,25,102,12,13,0
195,86,109,2,30,1,1,0
307,134,173,2,30,1,1,0
70,70,0,1,0,1,0,2
318,192,126,6,25,4,2,0
70,70,0,2,8,2,0,0
8562,1634,6928,27,26,13,14,0
86,86,0,1,29,1,0,0
506,131,375,4,41,2,2,0
66,66,0,1,0,1,0,1
1806,1806,0,22,225,22,0,0
8268,6054,2214,23,151,14,9,0
198,93,105,2,30,1,1,0
177,94,83,2,29,1,1,0
70,70,0,1,0,1,0,2
66,66,0,1,0,1,0,2
826,376,450,10,34,5,5,0
318,192,126,6,26,4,2,0
416348,12360,403988,429,16,151,278,0
280,78,202,2,30,1,1,0
14108,2487,11621,32,81,18,14,0
350,210,140,6,16,4,2,0
66,66,0,1,0,1,0,1
70,70,0,1,0,1,0,2
78832,12408,66424,109,162,46,63,0
422,164,258,6,30,3,3,0
146,146,0,1,0,1,0,1
70,70,0,1,0,1,0,2
157,157,0,1,0,1,0,3
146,146,0,1,0,1,0,1
210,102,108,2,30,1,1,0
320,97,223,4,34,2,2,0
70,70,0,1,0,1,0,2
306,142,164,2,30,1,1,0
66,66,0,1,0,1,0,2
4146,2690,1456,31,37,16,15,0
1279,714,565,11,19,6,5,0
204,118,86,2,30,1,1,0
18965,2061,16904,35,17,18,17,0
70,70,0,1,0,1,0,2
8605,3169,5436,19,17,12,7,0
70,70,0,1,4,1,0,0
66,66,0,1,0,1,0,2
9116,7610,1506,22,78,12,10,0
1711,786,925,12,16,7,5,0
134,60,74,3,10,2,1,0
9691,2221,7470,16,120,8,8,0
143,143,0,1,0,1,0,1
199,102,97,2,30,1,1,0
1548,847,701,10,16,5,5,0
70,70,0,1,0,1,0,2
5666,4417,1249,23,86,12,11,0
66,66,0,1,0,1,0,2
70,70,0,1,0,1,0,2
145,145,0,1,0,1,0,1
70,70,0,1,0,1,0,2
70,70,0,1,5,1,0,0
26020,2247,23773,47,18,23,24,0
184,94,90,2,30,1,1,0
4410,2321,2089,22,18,12,10,0
146,146,0,1,0,1,0,1
3955,2325,1630,18,47,11,7,0
70,70,0,1,0,1,0,2
387,134,253,2,30,1,1,0
62,62,0,1,0,1,0,1
4401,1494,2907,19,27,11,8,0
300,209,91,3,30,2,1,0
66,66,0,1,0,1,0,2
182,93,89,2,30,1,1,0
2424,529,1895,11,75,6,5,0
66,66,0,1,0,1,0,2
60,60,0,1,0,1,0,1
404,259,145,3,32,2,1,0
12634,1635,10999,26,322,11,15,0
316,136,180,6,6,3,3,0
70,70,0,1,0,1,0,2
749,94,655,2,30,1,1,0
8824,2041,6783,34,255,17,17,0
66,66,0,1,0,1,0,2
199,94,105,2,30,1,1,0
760,97,663,2,30,1,1,0
177,94,83,2,30,1,1,0
70,70,0,1,0,1,0,2
2866,1684,1182,16,15,8,8,0
4933,957,3976,17,15,10,7,0
136,136,0,3,14,3,0,0
66,66,0,1,0,1,0,2
66,66,0,1,0,1,0,2
221,89,132,2,31,1,1,0
145,145,0,1,0,1,0,1
183,94,89,2,30,1,1,0
3775,1791,1984,24,203,12,12,0
66,66,0,1,0,1,0,1
70,70,0,1,5,1,0,0
62,62,0,1,0,1,0,1
202,93,109,2,30,1,1,0
70,70,0,1,0,1,0,2
751,102,649,2,30,1,1,0
66,66,0,1,0,1,0,2
70,70,0,1,0,1,0,2
70,70,0,1,0,1,0,2
29124,1724,27400,41,160,16,25,0
66,66,0,1,0,1,0,1
70,70,0,1,0,1,0,2
5551,1338,4213,28,1323,11,17,0
66,66,0,1,0,1,0,2
177,94,83,2,30,1,1,0
167,86,81,2,30,1,1,0
330,91,239,4,44,2,2,0
253,87,166,4,52,2,2,0
70,70,0,1,0,1,0,2
2661,1558,1103,18,807,7,11,0
62,62,0,1,0,1,0,1
214,110,104,2,30,1,1,0
11301,2292,9009,37,165,20,17,0
7888,1899,5989,20,15,11,9,0
12854,2237,10617,47,638,19,28,0
70,70,0,1,0,1,0,2
145,145,0,1,0,1,0,1
70,70,0,1,0,1,0,2
62,62,0,1,0,1,0,1
196,102,94,2,30,1,1,0
62,62,0,1,0,1,0,1
874,126,748,2,30,1,1,0
66,66,0,1,0,1,0,2
166,166,0,1,1199,1,0,0
195,102,93,2,30,1,1,0
62,62,0,1,0,1,0,1
211,102,109,2,30,1,1,0
70,70,0,1,0,1,0,2
66,66,0,1,0,1,0,1
7251,5852,1399,34,75,18,16,0
1179,606,573,12,17,7,5,0
384,166,218,2,30,1,1,0
66,66,0,1,0,1,0,1
70,70,0,1,0,1,0,2
404,259,145,3,33,2,1,0
216,102,114,2,30,1,1,0
4707,1800,2907,19,28,11,8,0
60,60,0,1,0,1,0,1
222,78,144,2,30,1,1,0
70,70,0,1,0,1,0,2
70,70,0,1,0,1,0,1
2338,1419,919,10,15,5,5,0
146,146,0,1,0,1,0,1
70,70,0,2,8,2,0,0
183,94,89,2,29,1,1,0
70,70,0,1,0,1,0,2
62,62,0,1,0,1,0,1
66,66,0,1,0,1,0,1
66,66,0,1,0,1,0,1
130,70,60,2,14,1,1,0
70,70,0,1,4,1,0,0
70,70,0,1,0,1,0,2
242,110,132,2,30,1,1,0
8654,2150,6504,20,15,11,9,0
2701330,44089,2657241,2230,134,296,1934,0
66,66,0,1,0,1,0,2
70,70,0,1,0,1,0,2
66,66,0,1,0,1,0,1
66,66,0,1,0,1,0,1
216,110,106,2,31,1,1,0
78,78,0,1,30,1,0,0
2118,858,1260,28,1261,14,14,0
66,66,0,1,0,1,0,2
62,62,0,1,0,1,0,1
70,70,0,1,0,1,0,2
70,70,0,1,0,1,0,2
78,78,0,1,0,1,0,1
193,102,91,2,30,1,1,0
199,102,97,2,30,1,1,0
66,66,0,1,0,1,0,1
178,91,87,2,31,1,1,0
70,70,0,1,0,1,0,2
62,62,0,1,0,1,0,1
70,70,0,1,0,1,0,2
66,66,0,1,0,1,0,1
6608,1843,4765,44,120,23,21,0
578,286,292,9,15,5,4,0
212,94,118,2,29,1,1,0
66,66,0,1,0,1,0,1
245,102,143,2,31,1,1,0
7981,1961,6020,20,15,11,9,0
78,78,0,1,5,1,0,0
318,192,126,6,26,4,2,0
66,66,0,1,0,1,0,1
62,62,0,1,0,1,0,1
162,162,0,1,0,1,0,1
70,70,0,1,4,1,0,0
66,66,0,1,0,1,0,2
11721,2230,9491,39,31,22,17,0
62,62,0,1,0,1,0,1
70,70,0,2,8,2,0,0
355544,12402,343142,378,26,134,244,0
60,60,0,1,0,1,0,1
66,66,0,1,0,1,0,2
130,70,60,2,15,1,1,0
70,70,0,1,4,1,0,0
168,78,90,2,31,1,1,0
209,102,107,2,30,1,1,0
70,70,0,1,0,1,0,2
168,86,82,2,30,1,1,0
186,102,84,2,30,1,1,0
70,70,0,1,0,1,0,2
2870,343,2527,11,120,5,6,0
62,62,0,1,0,1,0,1
66,66,0,1,0,1,0,1
62,62,0,1,0,1,0,1
5058,2667,2391,25,92,13,12,0
200,102,98,2,30,1,1,0
70,70,0,2,8,2,0,0
62,62,0,1,0,1,0,1
487,201,286,6,39,3,3,0
179,94,85,2,30,1,1,0
168,86,82,2,30,1,1,0
294,106,188,4,56,2,2,0
70,70,0,1,0,1,0,2
5582,591,4991,14,75,7,7,0
62,62,0,1,0,1,0,1
70,70,0,1,5,1,0,0
198,94,104,2,31,1,1,0
90,90,0,1,0,1,0,1
32798,2912,29886,58,170,29,29,0
130,70,60,2,15,1,1,0
422,164,258,6,30,3,3,0
66,66,0,1,0,1,0,1
90,90,0,1,0,1,0,1
66,66,0,1,0,1,0,1
308,102,206,2,30,1,1,0
184,94,90,2,30,1,1,0
62,62,0,1,0,1,0,1
66,66,0,1,0,1,0,1
113020,6140,106880,149,202,66,83,0
302,120,182,6,31,3,3,0
499,425,74,4,2,3,1,0
5691,503,5188,14,15,7,7,0
60,60,0,1,0,1,0,1
211,110,101,2,30,1,1,0
165,78,87,2,30,1,1,0
262,78,184,2,30,1,1,0
4597,1690,2907,19,28,11,8,0
170452,9659,160793,224,68,97,127,0
8039,1649,6390,41,357,13,28,0
70,70,0,1,0,1,0,2
62,62,0,1,0,1,0,1
320,320,0,1,0,1,0,1
166,86,80,2,30,1,1,0
246,102,144,2,30,1,1,0
62,62,0,1,0,1,0,1
70,70,0,1,0,1,0,2
70,70,0,1,0,1,0,2
62,62,0,1,0,1,0,1
4592,1685,2907,19,29,11,8,0
70,70,0,1,0,1,0,2
199,102,97,2,30,1,1,0
8157,3445,4712,59,43,28,31,0
62,62,0,1,0,1,0,1
70,70,0,1,0,1,0,2
3347,1458,1889,15,18,8,7,0
62,62,0,1,0,1,0,1
66,66,0,1,0,1,0,1
177,94,83,2,30,1,1,0
70,70,0,1,0,1,0,2
62,62,0,1,0,1,0,1
740725,699740,40985,1031,1411,616,415,0
70,70,0,1,5,1,0,0
216,94,122,2,30,1,1,0
199,102,97,2,30,1,1,0
66,66,0,1,0,1,0,1
211,110,101,2,30,1,1,0
266818,12375,254443,285,34,107,178,0
214,140,74,4,55,3,1,0
66,66,0,1,0,1,0,2
86,86,0,1,30,1,0,0
4145,1976,2169,22,20,13,9,0
70,70,0,1,0,1,0,2
146,146,0,1,0,1,0,1
66,66,0,1,0,1,0,1
199,102,97,2,30,1,1,0
499,425,74,4,0,3,1,0
199,102,97,2,30,1,1,0
62,62,0,1,0,1,0,1
12290,10150,2140,37,256,19,18,0
66,66,0,1,0,1,0,2
60,60,0,1,0,1,0,1
62,62,0,1,0,1,0,1
499,425,74,4,1,3,1,0
70,70,0,1,0,1,0,2
214,110,104,2,30,1,1,0
5421,2444,2977,20,15,11,9,0
66,66,0,1,0,1,0,1
11527127,373718,11153409,12286,144,4090,8196,0
9124,5296,3828,54,120,29,25,0
254,102,152,2,29,1,1,0
196,102,94,2,30,1,1,0
7187,2550,4637,20,18,10,10,0
66,66,0,1,0,1,0,2
66,66,0,1,0,1,0,2
199,102,97,2,31,1,1,0
9984,2917,7067,49,102,28,21,0
177,94,83,2,30,1,1,0
231,90,141,2,31,1,1,0
10438,979,9459,21,38,11,10,0
70,70,0,1,0,1,0,2
146,146,0,1,0,1,0,1
3736,1944,1792,58,91,29,29,0
146,146,0,1,0,1,0,1
70,70,0,1,0,1,0,2
8048,1189,6859,19,25,10,9,0
422,164,258,6,29,3,3,0
311,94,217,2,30,1,1,0
253,102,151,2,30,1,1,0
66,66,0,1,0,1,0,2
66,66,0,1,0,1,0,1
70,70,0,1,0,1,0,2
168,86,82,2,30,1,1,0
316,97,219,4,33,2,2,0
160961,7302,153659,171,87,49,122,0
8059,2039,6020,20,16,11,9,0
60,60,0,1,0,1,0,1
168,86,82,2,30,1,1,0
280,182,98,2,30,1,1,0
70,70,0,1,0,1,0,2
414,268,146,3,32,2,1,0
27431,19413,8018,71,175,36,35,0
62,62,0,1,0,1,0,1
70,70,0,1,0,1,0,2
62,62,0,1,0,1,0,1
216,82,134,2,33,1,1,0
2640,540,2100,12,45,6,6,0
66,66,0,1,5,1,0,0
480,244,236,4,0,2,2,0
263,78,185,2,30,1,1,0
70,70,0,1,0,1,0,2
70,70,0,1,0,1,0,2
8614049,176366,8437683,7757,202,1608,6149,0
8325,5642,2683,16,28,9,7,0
70,70,0,1,0,1,0,2
150713,27113,123600,199,82,104,95,0
168,94,74,2,30,1,1,0
164,70,94,2,5,1,1,0
70,70,0,2,9,2,0,0
764,99,665,2,31,1,1,0
145,145,0,1,0,1,0,1
66,66,0,1,0,1,0,1
430,172,258,6,60,3,3,0
124014,6270,117744,175,27,69,106,0
62,62,0,1,0,1,0,1
5553,1179,4374,24,80,13,11,0
19224,2358,16866,38,28,15,23,0
62,62,0,1,0,1,0,1
62,62,0,1,0,1,0,1
70,70,0,1,0,1,0,2
86,86,0,1,30,1,0,0
70,70,0,1,0,1,0,2
70,70,0,1,0,1,0,2
184,94,90,2,31,1,1,0
520,166,354,2,1199,1,1,0
2064683,47545,2017138,1994,33,657,1337,0
146,146,0,1,0,1,0,1
13331,2421,10910,38,209,20,18,0
209,110,99,2,30,1,1,0
6181,1040,5141,22,65,11,11,0
70,70,0,2,7,2,0,0
10741,7368,3373,32,135,16,16,0
62,62,0,1,0,1,0,1
70,70,0,1,0,1,0,2
881,126,755,2,30,1,1,0
70,70,0,1,0,1,0,2
2963,797,2166,10,120,5,5,0
296,97,199,4,41,2,2,0
499,425,74,4,0,3,1,0
11150,2012,9138,29,67,14,15,0
66,66,0,1,0,1,0,2
70,70,0,1,0,1,0,2
67123,10708,56415,100,124,41,59,0
70,70,0,1,0,1,0,2
70,70,0,1,0,1,0,2
70,70,0,1,0,1,0,2
248,106,142,2,30,1,1,0
174,89,85,2,31,1,1,0
3113,1395,1718,20,3608,8,12,0
62,62,0,1,0,1,0,1
89,89,0,1,0,1,0,1
177,94,83,2,30,1,1,0
66,66,0,1,0,1,0,2
86041,4656,81385,102,113,34,68,0
7601,1595,6006,25,35,12,13,0
8207,2558,5649,41,80,23,18,0
70,70,0,1,0,1,0,2
143,143,0,1,0,1,0,1
146,146,0,1,0,1,0,1
60300,47341,12959,192,39,108,84,0
66,66,0,1,0,1,0,1
66,66,0,1,0,1,0,1
455,455,0,1,0,1,0,1
111564,6775,104789,160,85,86,74,0
146,146,0,1,0,1,0,1
66,66,0,1,0,1,0,2
70,70,0,1,0,1,0,2
18685,4528,14157,31,151,13,18,0
70,70,0,1,0,1,0,2
228,90,138,2,29,1,1,0
70,70,0,1,0,1,0,2
3964,1908,2056,23,94,13,10,0
195,102,93,2,31,1,1,0
203,82,121,2,30,1,1,0
66,66,0,1,0,1,0,2
6278,682,5596,17,20,8,9,0
200,102,98,2,31,1,1,0
1623,629,994,8,75,5,3,0
70,70,0,1,0,1,0,2
450,246,204,8,142,5,3,0
66,66,0,1,0,1,0,1
67,67,0,1,0,1,0,1
66,66,0,1,0,1,0,2
70,70,0,1,0,1,0,2
2169,472,1697,10,77,6,4,0
218,94,124,2,30,1,1,0
66,66,0,1,0,1,0,1
825,99,726,2,30,1,1,0
210639,12949,197690,287,23,147,140,0
212,78,134,2,30,1,1,0
66,66,0,1,0,1,0,2
11435,2668,8767,38,233,14,24,0
146,146,0,1,0,1,0,1
6927,1883,5044,25,46,14,11,0
4728,1821,2907,19,29,11,8,0
1340,760,580,14,39,8,6,0
466,392,74,4,0,3,1,0
204,138,66,2,29,1,1,0
70,70,0,1,0,1,0,2
62,62,0,1,0,1,0,1
1951,731,1220,11,150,6,5,0
186,95,91,2,31,1,1,0
62,62,0,1,0,1,0,1
66,66,0,1,0,1,0,2
193,102,91,2,30,1,1,0
70,70,0,1,0,1,0,2
70,70,0,1,0,1,0,2
3715,1791,1924,23,203,12,11,0
6844,2441,4403,19,181,9,10,0
66,66,0,1,0,1,0,2
146,146,0,1,0,1,0,1
70,70,0,1,0,1,0,2
66,66,0,1,0,1,0,1
70,70,0,1,0,1,0,2
146,146,0,1,0,1,0,1
890,126,764,2,31,1,1,0
197635,12994,184641,287,183,143,144,0
153,93,60,2,5,1,1,0
70,70,0,1,0,1,0,2
70,70,0,1,0,1,0,2
66,66,0,1,0,1,0,1
70,70,0,1,0,1,0,2
578,286,292,9,15,5,4,0
184,94,90,2,30,1,1,0
232,94,138,2,29,1,1,0
146,146,0,1,0,1,0,1
414,268,146,3,31,2,1,0
166,86,80,2,29,1,1,0
164,86,78,2,29,1,1,0
9153,4216,4937,29,331,16,13,0
17547,11857,5690,34,159,20,14,0
66,66,0,1,0,1,0,2
1377,300,1077,6,1200,3,3,0
66,66,0,1,0,1,0,1
5130,2103,3027,28,25,16,12,0
66,66,0,1,0,1,0,1
10915,2554,8361,33,270,17,16,0
66,66,0,1,0,1,0,1
66,66,0,1,0,1,0,1
66,66,0,1,0,1,0,2
182,93,89,2,31,1,1,0
70,70,0,1,4,1,0,0
66,66,0,2,7,2,0,0
807,94,713,2,30,1,1,0
197,102,95,2,30,1,1,0
70,70,0,1,0,1,0,2
70,70,0,1,4,1,0,0
66,66,0,1,0,1,0,2
82,82,0,1,0,1,0,1
6147,910,5237,18,100,10,8,0
1356,300,1056,6,1200,3,3,0
66,66,0,1,0,1,0,1
448,166,282,2,30,1,1,0
70,70,0,2,8,2,0,0
3182,1568,1614,8,120,4,4,0
485,79,406,4,31,2,2,0
146,146,0,1,0,1,0,1
66,66,0,1,0,1,0,2
6246,4267,1979,21,16,11,10,0
164,84,80,2,31,1,1,0
1313,876,437,11,27,6,5,0
60,60,0,1,0,1,0,1
70,70,0,1,0,1,0,2
200,102,98,2,31,1,1,0
66,66,0,1,0,1,0,1
184,94,90,2,30,1,1,0
62,62,0,1,0,1,0,1
70,70,0,1,0,1,0,2
289731,8487,281244,294,136,104,190,0
107904,4143,103761,179,15,59,120,0
146,146,0,1,0,1,0,1
196,100,96,2,31,1,1,0
62,62,0,1,0,1,0,1
64702,3709,60993,76,135,30,46,0
552,306,246,9,16,5,4,0
302,104,198,4,46,2,2,0
66,66,0,1,0,1,0,1
70,70,0,2,7,2,0,0
62,62,0,1,0,1,0,1
230640,12863,217777,253,62,98,155,0
8062,2804,5258,43,161,20,23,0
60,60,0,1,0,1,0,1
1579,988,591,13,44,7,6,0
26309,3035,23274,69,92,27,42,0
62,62,0,1,0,1,0,1
70,70,0,1,0,1,0,2
62,62,0,1,0,1,0,1
6993,960,6033,17,31,10,7,0
3863,875,2988,12,16,8,4,0
62,62,0,1,0,1,0,1
2560,599,1961,13,75,7,6,0
183,94,89,2,30,1,1,0
195,102,93,2,30,1,1,0
146,146,0,1,0,1,0,1
62,62,0,1,0,1,0,1
34402,2328,32074,55,153,23,32,0
62,62,0,1,0,1,0,1
66,66,0,1,0,1,0,1
210,110,100,2,30,1,1,0
60,60,0,1,91,1,0,0
499,425,74,4,0,3,1,0
289,101,188,4,50,2,2,0
66,66,0,1,0,1,0,2
269,94,175,2,30,1,1,0
129929,6216,123713,164,21,74,90,0
60,60,0,1,0,1,0,1
70,70,0,1,0,1,0,2
146,60,86,2,30,1,1,0
384,166,218,2,30,1,1,0
4737,2854,1883,25,117,13,12,0
227,110,117,2,31,1,1,0
60,60,0,2,5,2,0,0
62,62,0,1,0,1,0,1
70,70,0,1,0,1,0,2
66,66,0,1,0,1,0,1
182,93,89,2,31,1,1,0
70,70,0,1,0,1,0,2
50436663,1205750,49230913,49415,198,16827,32588,0
66,66,0,1,0,1,0,2
868,126,742,2,31,1,1,0
70,70,0,1,0,1,0,2
70,70,0,1,5,1,0,0
235,90,145,2,33,1,1,0
9747,537,9210,14,16,6,8,0
66,66,0,1,0,1,0,2
66,66,0,1,0,1,0,1
318,192,126,6,25,4,2,0
70,70,0,1,0,1,0,2
82,82,0,1,0,1,0,1
70,70,0,1,0,1,0,2
60,60,0,1,0,1,0,1
66,66,0,1,0,1,0,1
66,66,0,1,0,1,0,2
62,62,0,1,0,1,0,1
4425,2899,1526,24,34,14,10,0
82,82,0,1,0,1,0,1
62,62,0,1,0,1,0,1
6382,2331,4051,24,109,13,11,0
164,78,86,2,30,1,1,0
1026,417,609,7,19,5,2,0
318,192,126,6,39,4,2,0
177,94,83,2,31,1,1,0
1624,126,1498,4,31,2,2,0
70,70,0,1,0,1,0,2
5413,3344,2069,32,87,16,16,0
143,143,0,1,0,1,0,3
168,78,90,2,30,1,1,0
70,70,0,1,0,1,0,2
168,78,90,2,30,1,1,0
178,94,84,2,30,1,1,0
10056,2310,7746,27,36,14,13,0
62,62,0,1,0,1,0,1
168,78,90,2,30,1,1,0
62,62,0,1,0,1,0,1
60,60,0,1,0,1,0,1
193,102,91,2,29,1,1,0
600,306,294,6,0,3,3,0
5744,2534,3210,24,80,14,10,0
106,106,0,1,60,1,0,0
216,110,106,2,30,1,1,0
145,145,0,1,0,1,0,1
62,62,0,1,0,1,0,1
66,66,0,1,0,1,0,1
86,86,0,1,30,1,0,0
11156,3899,7257,31,234,17,14,0
377,94,283,2,30,1,1,0
288,94,194,2,29,1,1,0
66,66,0,1,0,1,0,2
78,78,0,1,5,1,0,0
184,94,90,2,30,1,1,0
70,70,0,2,5,2,0,0
70,70,0,1,0,1,0,1
21179,8150,13029,46,153,25,21,0
1497,108,1389,4,53,2,2,0
7135,1346,5789,21,32,10,11,0
70,70,0,1,5,1,0,0
70,70,0,1,0,1,0,2
60,60,0,1,0,1,0,1
25048,2850,22198,45,26,23,22,0
70,70,0,1,0,1,0,2
145,145,0,1,0,1,0,1
3444,1730,1714,16,33,8,8,0
220,100,120,2,30,1,1,0
192,98,94,2,31,1,1,0
214,110,104,2,30,1,1,0
70,70,0,1,0,1,0,2
959,544,415,11,315,6,5,0
214,140,74,4,35,3,1,0
353,166,187,2,1200,1,1,0
66,66,0,1,0,1,0,2
70,70,0,1,0,1,0,2
114197,7285,106912,177,77,85,92,0
60,60,0,1,0,1,0,1
66,66,0,1,0,1,0,1
70,70,0,1,0,1,0,2
41925,30922,11003,68,186,38,30,0
4297,3719,578,14,15,8,6,0
195,102,93,2,30,1,1,0
62,62,0,1,0,1,0,1
254,87,167,4,31,2,2,0
9711,3950,5761,38,28,22,16,0
62,62,0,1,0,1,0,1
209,110,99,2,29,1,1,0
70,70,0,1,0,1,0,2
70,70,0,1,5,1,0,0
344,94,250,2,30,1,1,0
198,93,105,2,30,1,1,0
21782,2162,19620,28,20,11,17,0
12350,2504,9846,41,137,21,20,0
60,60,0,1,0,1,0,1
5724,3966,1758,25,38,14,11,0
66,66,0,1,0,1,0,2
70,70,0,1,0,1,0,2
754,94,660,2,30,1,1,0
70,70,0,1,0,1,0,2
70,70,0,1,4,1,0,0
886,126,760,2,31,1,1,0
4005,1162,2843,17,142,8,9,0
62,62,0,1,0,1,0,1
12166,8765,3401,52,561,25,27,0
70,70,0,1,0,1,0,2
214,110,104,2,29,1,1,0
316,136,180,6,6,3,3,0
100,100,0,1,0,1,0,1
3893,2046,1847,29,56,16,13,0
62,62,0,1,0,1,0,1
66,66,0,1,0,1,0,2
66,66,0,2,8,2,0,0
3166,2097,1069,24,46,12,12,0
66,66,0,1,0,1,0,2
62,62,0,1,0,1,0,1
4216,771,3445,16,26,9,7,0
62,62,0,1,0,1,0,1
70,70,0,1,0,1,0,2
62,62,0,1,0,1,0,1
74,74,0,1,0,1,0,1
499,425,74,4,0,3,1,0
1373,734,639,17,134,10,7,0
3354,1792,1562,46,194,23,23,0
179,94,85,2,30,1,1,0
192,98,94,2,30,1,1,0
1115,562,553,13,362,6,7,0
78,78,0,1,30,1,0,0
2981,1514,1467,12,38,7,5,0
194,99,95,2,31,1,1,0
70,70,0,1,0,1,0,2
199,102,97,2,30,1,1,0
1584,953,631,17,124,9,8,0
196,102,94,2,31,1,1,0
204,104,100,2,30,1,1,0
756,95,661,2,31,1,1,0
450036,17745,432291,541,217,241,300,0
66,66,0,1,0,1,0,1
118,118,0,1,30,1,0,0
62,62,0,1,0,1,0,1
66,66,0,1,0,1,0,1
148,148,0,1,0,1,0,1
70,70,0,1,0,1,0,2
492,306,186,8,15,5,3,0
183,94,89,2,30,1,1,0
5663,4227,1436,27,47,16,11,0
66,66,0,1,0,1,0,1
66,66,0,1,0,1,0,1
184,94,90,2,31,1,1,0
10684454,328574,10355880,11599,77,3693,7906,0
66,66,0,1,0,1,0,1
62,62,0,1,0,1,0,1
6495,1547,4948,19,318,10,9,0
239,78,161,2,30,1,1,0
62,62,0,1,0,1,0,1
196,100,96,2,31,1,1,0
101354,1343,100011,89,15,19,70,0
7639,948,6691,25,395,9,16,0
70,70,0,1,0,1,0,2
66,66,0,1,0,1,0,2
70,70,0,1,0,1,0,2
66,66,0,1,0,1,0,1
12947,4309,8638,29,152,15,14,0
60,60,0,1,0,1,0,1
66,66,0,1,0,1,0,1
13949172,164502,13784670,11537,135,2287,9250,0
70,70,0,1,0,1,0,2
194,99,95,2,31,1,1,0
413,170,243,6,30,3,3,0
197,102,95,2,30,1,1,0
145,145,0,1,0,1,0,1
66,66,0,1,0,1,0,1
214,140,74,4,15,3,1,0
4427,1520,2907,19,30,11,8,0
8977,3570,5407,30,31,15,15,0
60,60,0,1,0,1,0,1
2168,1031,1137,8,166,5,3,0
60,60,0,1,0,1,0,1
199,94,105,2,30,1,1,0
185,102,83,2,30,1,1,0
66,66,0,1,0,1,0,2
711,87,624,2,30,1,1,0
62,62,0,1,0,1,0,1
170,87,83,2,31,1,1,0
146,146,0,1,0,1,0,1
185,102,83,2,30,1,1,0
1413,876,537,12,26,6,6,0
186,95,91,2,31,1,1,0
70,70,0,1,0,1,0,2
62,62,0,1,0,1,0,1
45554,1695,43859,50,30,15,35,0
767,102,665,2,31,1,1,0
215,102,113,2,29,1,1,0
4375,1230,3145,16,30,8,8,0
41915,4128,37787,59,64,29,30,0
167,86,81,2,30,1,1,0
6065,1772,4293,27,1587,15,12,0
12624,5203,7421,48,274,24,24,0
247,94,153,2,30,1,1,0
70,70,0,1,5,1,0,0
188,96,92,2,30,1,1,0
177,94,83,2,30,1,1,0
66,66,0,1,0,1,0,1
70,70,0,1,5,1,0,0
145,145,0,1,0,1,0,1
132198,5466,126732,140,109,45,95,0
70,70,0,1,0,1,0,2
66,66,0,1,0,1,0,1
66,66,0,1,0,1,0,2
200,102,98,2,30,1,1,0
3734,1750,1984,24,203,12,12,0
70,70,0,1,5,1,0,0
34758,2573,32185,50,320,21,29,0
70,70,0,1,4,1,0,0
70,70,0,1,0,1,0,2
70,70,0,1,0,1,0,2
240,76,164,2,30,1,1,0
881,126,755,2,30,1,1,0
880,126,754,2,30,1,1,0
70,70,0,1,0,1,0,2
7532,3051,4481,13,120,6,7,0
66,66,0,1,0,1,0,1
196,102,94,2,30,1,1,0
7087,1705,5382,19,128,10,9,0
278,78,200,2,29,1,1,0
70,70,0,1,5,1,0,0
323,77,246,4,30,2,2,0
66,66,0,1,0,1,0,1
756,95,661,2,30,1,1,0
239,110,129,2,30,1,1,0
70,70,0,1,0,1,0,2
858,126,732,2,30,1,1,0
1716,1716,0,27,2188,27,0,0
66,66,0,1,0,1,0,1
66,66,0,1,0,1,0,1
752,93,659,2,31,1,1,0
161,161,0,2,1199,2,0,0
62,62,0,1,0,1,0,1
66,66,0,1,0,1,0,1
857,857,0,1,0,1,0,1
761,100,661,2,31,1,1,0
70,70,0,2,8,2,0,0
66,66,0,1,0,1,0,2
11217,3882,7335,42,164,19,23,0
70,70,0,1,0,1,0,2
165,78,87,2,30,1,1,0
183,94,89,2,29,1,1,0
62,62,0,1,0,1,0,1
197,94,103,2,29,1,1,0
60,60,0,1,0,1,0,1
70,70,0,1,4,1,0,0
62,62,0,1,0,1,0,1
62,62,0,1,0,1,0,1
777,87,690,2,30,1,1,0
130,66,64,2,4,1,1,0
9555,4200,5355,25,86,15,10,0
3117,1867,1250,19,16,9,10,0
66,66,0,1,0,1,0,1
66,66,0,1,0,1,0,1
186,95,91,2,30,1,1,0
280,140,140,5,130,3,2,0
195,102,93,2,30,1,1,0
70,70,0,1,0,1,0,2
236,94,142,2,30,1,1,0
9348,1018,8330,22,256,11,11,0
314,192,122,6,15,4,2,0
6410,2001,4409,27,28,16,11,0
70,70,0,1,0,1,0,2
178,94,84,2,30,1,1,0
74,74,0,1,0,1,0,1
2669,1434,1235,11,21,6,5,0
70,70,0,2,8,2,0,0
70,70,0,1,0,1,0,2
348,348,0,1,0,1,0,1
2303,1334,969,18,16,10,8,0
228,110,118,2,30,1,1,0
66,66,0,1,0,1,0,1
216,90,126,2,30,1,1,0
4635,1572,3063,12,15,7,5,0
130,70,60,2,15,1,1,0
210,110,100,2,30,1,1,0
70,70,0,1,0,1,0,2
499,425,74,4,0,3,1,0
70,70,0,1,0,1,0,2
183,94,89,2,29,1,1,0
66,66,0,1,0,1,0,1
2959,793,2166,10,120,5,5,0
66,66,0,1,0,1,0,1
70,70,0,1,0,1,0,2
70,70,0,2,7,2,0,0
168,78,90,2,30,1,1,0
7712,4248,3464,23,51,12,11,0
66,66,0,1,0,1,0,1
711,87,624,2,31,1,1,0
66,66,0,1,0,1,0,1
216,102,114,2,30,1,1,0
60,60,0,1,0,1,0,1
192,98,94,2,30,1,1,0
70,70,0,1,0,1,0,2
60,60,0,1,91,1,0,0
66,66,0,1,5,1,0,0
942,527,415,11,342,6,5,0
62,62,0,1,0,1,0,1
146,146,0,1,0,1,0,1
66,66,0,1,0,1,0,1
66,66,0,1,0,1,0,1
413,170,243,6,30,3,3,0
258,70,188,4,8,2,2,0
260,102,158,2,30,1,1,0
66,66,0,1,0,1,0,2
66,66,0,1,0,1,0,2
4942,429,4513,12,15,6,6,0
60,60,0,1,0,1,0,1
66,66,0,1,0,1,0,1
1149,709,440,13,38,8,5,0
194,102,92,2,30,1,1,0
70,70,0,1,0,1,0,2
66,66,0,1,0,1,0,1
295,126,169,4,1,2,2,1
7002,1252,5750,28,258,15,13,0
70,70,0,1,0,1,0,2
86,86,0,1,29,1,0,0
2614,1689,925,18,20,10,8,0
8022,2002,6020,20,16,11,9,0
9876,5607,4269,66,122,35,31,0
216,94,122,2,30,1,1,0
3287,2049,1238,12,31,7,5,0
66,66,0,1,0,1,0,2
70,70,0,1,0,1,0,2
318,192,126,6,34,4,2,0
199,94,105,2,29,1,1,0
6975,2168,4807,20,15,11,9,0
62,62,0,1,0,1,0,1
66,66,0,1,0,1,0,1
119425284,929428,118495856,93687,498,9675,84012,0
6718,3126,3592,16,77,8,8,0
1243,530,713,10,20,5,5,0
146,146,0,1,0,1,0,1
17803069,497380,17305689,17583,219,5899,11684,0
624,188,436,6,60,3,3,0
7738,2230,5508,24,45,14,10,0
8493,2314,6179,33,16,18,15,0
66,66,0,1,0,1,0,2
19536,7593,11943,76,151,37,39,0
146,146,0,1,0,1,0,1
70,70,0,1,0,1,0,2
70,70,0,1,0,1,0,2
66,66,0,1,0,1,0,1
199,102,97,2,29,1,1,0
70,70,0,1,0,1,0,2
66,66,0,1,0,1,0,2
495,421,74,4,0,3,1,0
62,62,0,1,0,1,0,1
311,311,0,3,1200,3,0,0
198,94,104,2,30,1,1,0
177,94,83,2,30,1,1,0
173,94,79,2,30,1,1,0
4564,2466,2098,20,119,11,9,0
177,94,83,2,30,1,1,0
66,66,0,1,5,1,0,0
60,60,0,1,0,1,0,1
448,184,264,6,30,3,3,0
66,66,0,1,0,1,0,1
135755,6750,129005,160,22,68,92,0
66,66,0,1,0,1,0,1
3221,705,2516,15,135,7,8,0
146,146,0,1,0,1,0,1
814,110,704,2,30,1,1,0
60,60,0,1,90,1,0,0
70,70,0,1,5,1,0,0
78,78,0,1,0,1,0,1
66,66,0,1,0,1,0,2
165,86,79,2,31,1,1,0
145,145,0,1,0,1,0,1
12215,7275,4940,26,26,16,10,0
51574,3466,48108,63,156,23,40,0
206,105,101,2,31,1,1,0
3363,797,2566,14,135,7,7,0
261,102,159,2,30,1,1,0
782,428,354,12,25,7,5,0
255,78,177,2,29,1,1,0
197,90,107,2,30,1,1,0
146,146,0,1,0,1,0,1
70,70,0,2,8,2,0,0
66,66,0,1,0,1,0,2
130,70,60,2,15,1,1,0
62,62,0,1,0,1,0,1
195,102,93,2,29,1,1,0
66,66,0,1,0,1,0,2
60,60,0,1,0,1,0,1
66,66,0,1,0,1,0,2
11436,5021,6415,38,126,20,18,0
70,70,0,1,0,1,0,2
60,60,0,1,0,1,0,1
168,78,90,2,31,1,1,0
60,60,0,1,0,1,0,1
66,66,0,1,0,1,0,1
7083,2786,4297,24,81,14,10,0
70,70,0,1,0,1,0,2
70,70,0,1,0,1,0,2
6776,1542,5234,21,3600,12,9,0
196,102,94,2,30,1,1,0
4401,1654,2747,10,120,5,5,0
66,66,0,1,0,1,0,2
70,70,0,1,4,1,0,0
2794,2075,719,15,30,9,6,0
66,66,0,1,0,1,0,2
1410,797,613,10,302,6,4,0
70,70,0,1,0,1,0,2
238,118,120,2,1199,1,1,0
62,62,0,1,0,1,0,1
742,88,654,2,31,1,1,0
66,66,0,1,0,1,0,2
194,102,92,2,30,1,1,0
62,62,0,1,0,1,0,1
481,150,331,2,1200,1,1,0
70,70,0,1,4,1,0,0
66,66,0,1,0,1,0,1
6999,1563,5436,18,186,3,15,0
66,66,0,1,0,1,0,1
6944,2404,4540,21,15,10,11,0
177,94,83,2,30,1,1,0
199,102,97,2,30,1,1,0
70,70,0,1,0,1,0,2
195,94,101,2,29,1,1,0
8391,5178,3213,41,256,20,21,0
3603,2013,1590,21,42,12,9,0
62,62,0,1,0,1,0,1
66,66,0,1,0,1,0,2
148,148,0,1,0,1,0,1
66,66,0,1,0,1,0,1
179,86,93,2,29,1,1,0
8155,1999,6156,22,81,13,9,0
350,210,140,6,15,4,2,0
7579,3093,4486,25,21,14,11,0
179,94,85,2,30,1,1,0
62,62,0,1,0,1,0,1
60,60,0,1,61,1,0,0
330,330,0,6,1200,6,0,0
266,110,156,2,30,1,1,0
1203,703,500,14,42,8,6,0
196,102,94,2,35,1,1,0
1092,575,517,10,145,5,5,0
523,92,431,4,48,2,2,0
70,70,0,1,0,1,0,2
66,66,0,1,0,1,0,1
184,94,90,2,29,1,1,0
88,88,0,1,0,1,0,1
181,94,87,2,32,1,1,0
200,102,98,2,30,1,1,0
2227,1018,1209,17,16,8,9,0
70,70,0,1,0,1,0,2
66,66,0,1,0,1,0,1
66,66,0,1,0,1,0,1
70,70,0,1,0,1,0,2
156,156,0,2,0,2,0,1
66,66,0,1,5,1,0,0
950,502,448,12,15,7,5,0
66,66,0,1,0,1,0,1
168,86,82,2,29,1,1,0
771,102,669,2,30,1,1,0
4904,1934,2970,17,135,8,9,0
62,62,0,1,0,1,0,1
146,146,0,1,0,1,0,1
6293,1501,4792,22,16,11,11,0
491,150,341,2,1200,1,1,0
312,94,218,2,30,1,1,0
832,106,726,2,30,1,1,0
5343,1102,4241,22,152,11,11,0
21567,1666,19901,35,46,18,17,0
66,66,0,1,0,1,0,2
268,87,181,4,35,2,2,0
3595,1468,2127,13,135,6,7,0
3787,2434,1353,29,72,16,13,0
70,70,0,1,0,1,0,2
66,66,0,1,0,1,0,2
5724,1509,4215,18,55,10,8,0
145,145,0,1,0,1,0,1
146,146,0,1,0,1,0,1
194,102,92,2,29,1,1,0
60,60,0,1,0,1,0,1
2731,1895,836,18,28,10,8,0
71320,1026,70294,64,52,12,52,0
62,62,0,1,0,1,0,1
9889,2800,7089,28,82,17,11,0
5413,968,4445,20,15,11,9,0
225,106,119,2,30,1,1,0
66,66,0,1,0,1,0,1
148,148,0,1,0,1,0,1
70,70,0,1,0,1,0,1
220,90,130,2,29,1,1,0
499,425,74,4,0,3,1,0
193,102,91,2,30,1,1,0
70,70,0,2,8,2,0,0
240,78,162,2,30,1,1,0
631,74,557,2,30,1,1,0
62,62,0,1,0,1,0,1
8090,2462,5628,22,21,12,10,0
62,62,0,1,0,1,0,1
7578,2358,5220,18,121,8,10,0
1484,1484,0,1,0,1,0,1
70,70,0,1,0,1,0,2
7084,1703,5381,19,128,10,9,0
199,94,105,2,30,1,1,0
195,102,93,2,31,1,1,0
1746,980,766,15,151,8,7,0
66,66,0,1,0,1,0,1
184,94,90,2,31,1,1,0
66,66,0,1,0,1,0,2
66,66,0,1,0,1,0,1
70,70,0,1,5,1,0,0
70,70,0,2,8,2,0,0
3258,1197,2061,14,136,7,7,0
211,78,133,2,30,1,1,0
62,62,0,1,0,1,0,1
214,110,104,2,30,1,1,0
166,86,80,2,30,1,1,0
195,102,93,2,30,1,1,0
9753,2821,6932,39,201,22,17,0
60,60,0,1,0,1,0,1
225,90,135,2,29,1,1,0
62,62,0,1,0,1,0,1
3959,1738,2221,15,15,8,7,0
7093,2235,4858,39,111,20,19,0
374,96,278,4,55,2,2,0
62,62,0,1,0,1,0,1
5578,1646,3932,23,16,13,10,0
10878,4815,6063,60,196,31,29,0
70,70,0,1,0,1,0,2
198,102,96,2,30,1,1,0
183,94,89,2,31,1,1,0
747,90,657,2,31,1,1,0
24070,16123,7947,82,6308,42,40,0
66,66,0,1,0,1,0,2
66,66,0,1,0,1,0,2
70,70,0,1,0,1,0,2
66,66,0,1,0,1,0,1
772,100,672,2,30,1,1,0
66,66,0,1,0,1,0,1
47948,40338,7610,82,17,43,39,0
8074,2261,5813,22,19,13,9,0
70,70,0,1,0,1,0,2
150,150,0,1,1200,1,0,0
70,70,0,1,0,1,0,2
193,102,91,2,30,1,1,0
233,90,143,2,32,1,1,0
66,66,0,1,0,1,0,1
147113,4021,143092,144,65,41,103,0
278,71,207,2,30,1,1,0
62,62,0,1,0,1,0,1
526,156,370,8,14,3,5,0
70,70,0,1,0,1,0,2
66,66,0,1,0,1,0,2
5200,3745,1455,18,15,10,8,0
19523,5346,14177,37,87,17,20,0
156,94,62,2,30,1,1,0
74,74,0,1,0,1,0,1
60,60,0,1,0,1,0,1
235,90,145,2,32,1,1,0
1152,712,440,10,15,5,5,0
847673,42767,804906,1045,89,441,604,0
66,66,0,1,0,1,0,1
273,86,187,2,30,1,1,0
70,70,0,1,0,1,0,2
62,62,0,1,0,1,0,1
197,94,103,2,29,1,1,0
259,108,151,2,31,1,1,0
66,66,0,1,0,1,0,2
66,66,0,1,0,1,0,2
70,70,0,1,0,1,0,2
60,60,0,1,0,1,0,1
66,66,0,1,0,1,0,2
237,118,119,2,1200,1,1,0
168,86,82,2,30,1,1,0
60,60,0,1,0,1,0,1
8006,1986,6020,20,15,11,9,0
62,62,0,1,0,1,0,1
194,87,107,2,30,1,1,0
60,60,0,1,0,1,0,1
66,66,0,1,0,1,0,1
6259,1816,4443,30,2615,16,14,0
70,70,0,1,0,1,0,2
62,62,0,1,0,1,0,1
190,97,93,2,31,1,1,0
229,98,131,2,30,1,1,0
70,70,0,1,0,1,0,2
210,110,100,2,30,1,1,0
2013,1363,650,12,134,7,5,0
70,70,0,1,0,1,0,2
70,70,0,1,0,1,0,2
60,60,0,1,0,1,0,1
274,110,164,2,31,1,1,0
70,70,0,1,5,1,0,0
21634,11226,10408,54,402,35,19,0
10418,1427,8991,27,16,12,15,0
4145,1976,2169,22,18,13,9,0
177,94,83,2,29,1,1,0
66,66,0,1,0,1,0,1
70,70,0,1,5,1,0,0
70,70,0,1,0,1,0,2
197,102,95,2,33,1,1,0
66,66,0,1,0,1,0,1
130,70,60,2,15,1,1,0
66,66,0,1,0,1,0,2
193,102,91,2,29,1,1,0
78,78,0,1,30,1,0,0
200,94,106,2,29,1,1,0
62,62,0,1,0,1,0,1
70,70,0,2,8,2,0,0
4096,3455,641,13,15,8,5,0
177,94,83,2,30,1,1,0
132,132,0,3,1200,3,0,0
212,110,102,2,30,1,1,0
1056,682,374,10,15,6,4,0
145,145,0,1,0,1,0,1
1636,126,1510,4,31,2,2,0
164,70,94,2,4,1,1,0
62,62,0,1,0,1,0,1
208,106,102,2,31,1,1,0
216,110,106,2,30,1,1,0
66,66,0,1,0,1,0,1
66,66,0,2,7,2,0,0
70,70,0,1,0,1,0,2
307,86,221,2,30,1,1,0
62,62,0,1,0,1,0,1
2118,1093,1025,22,44,9,13,0
7424,2381,5043,24,18,13,11,0
183,94,89,2,30,1,1,0
66,66,0,1,0,1,0,2
70,70,0,2,8,2,0,0
198,110,88,2,30,1,1,0
66,66,0,1,0,1,0,1
132,132,0,3,1199,3,0,0
7875,1817,6058,41,255,19,22,0
70,70,0,1,0,1,0,2
177,94,83,2,29,1,1,0
70,70,0,1,0,1,0,2
7805,1949,5856,22,126,12,10,0
184,94,90,2,31,1,1,0
2081,1632,449,10,19,6,4,0
70,70,0,1,4,1,0,0
248,110,138,2,30,1,1,0
70,70,0,1,0,1,0,2
70,70,0,1,5,1,0,0
70,70,0,1,0,1,0,2
66,66,0,1,0,1,0,1
1114,534,580,12,15,7,5,0
199,102,97,2,30,1,1,0
66,66,0,1,0,1,0,2
7889,1900,5989,20,15,11,9,0
264,89,175,4,48,2,2,0
3389,2054,1335,19,25,11,8,0
268,150,118,2,1199,1,1,0
162,102,60,2,5,1,1,0
190,97,93,2,30,1,1,0
6169,4980,1189,28,16,15,13,0
70,70,0,1,0,1,0,2
6205,1316,4889,27,301,14,13,0
62,62,0,1,0,1,0,1
62,62,0,1,0,1,0,1
416,210,206,7,27,4,3,0
86,86,0,1,30,1,0,0
997,582,415,11,315,6,5,0
4551,2140,2411,14,135,6,8,0
70,70,0,1,0,1,0,2
258,107,151,2,31,1,1,0
66,66,0,1,0,1,0,1
499,425,74,4,0,3,1,0
1638,1324,314,10,14,5,5,0
93,93,0,1,31,1,0,0
70,70,0,1,0,1,0,2
212,102,110,2,30,1,1,0
200,102,98,2,30,1,1,0
70,70,0,2,8,2,0,0
150,150,0,1,1200,1,0,0
182,93,89,2,31,1,1,0
2270,1645,625,9,26,6,3,0
66,66,0,1,0,1,0,2
70,70,0,1,0,1,0,2
66,66,0,1,0,1,0,1
66,66,0,1,0,1,0,2
168,78,90,2,29,1,1,0
145,145,0,1,0,1,0,1
711,87,624,2,30,1,1,0
62,62,0,1,0,1,0,1
70,70,0,2,8,2,0,0
66,66,0,1,0,1,0,1
60,60,0,1,0,1,0,1
66,66,0,1,0,1,0,1
66,66,0,1,0,1,0,1
66,66,0,1,0,1,0,1
66,66,0,1,0,1,0,1
66,66,0,1,0,1,0,2
295,101,194,4,31,2,2,0
70,70,0,1,0,1,0,2
168,86,82,2,30,1,1,0
62,62,0,1,0,1,0,1
4398,1491,2907,19,26,11,8,0
193,102,91,2,29,1,1,0
66,66,0,1,3600,1,0,0
94,94,0,1,30,1,0,0
70,70,0,2,7,2,0,0
384,166,218,2,29,1,1,0
66,66,0,1,0,1,0,1
70,70,0,1,4,1,0,0
70,70,0,1,0,1,0,2
70,70,0,1,5,1,0,0
70,70,0,1,120,1,0,0
4960,1114,3846,21,51,12,9,0
62,62,0,1,0,1,0,1
177,94,83,2,30,1,1,0
184,94,90,2,30,1,1,0
211,94,117,2,30,1,1,0
66,66,0,2,7,2,0,0
310,94,216,2,30,1,1,0
295,93,202,4,30,2,2,0
74,74,0,1,0,1,0,1
195,102,93,2,30,1,1,0
4652,3109,1543,25,95,14,11,0
130,70,60,2,15,1,1,0
196,102,94,2,31,1,1,0
70,70,0,1,0,1,0,2
753,93,660,2,31,1,1,0
6648,1556,5092,23,29,13,10,0
166,86,80,2,30,1,1,0
454,262,192,8,42,5,3,0
62,62,0,1,0,1,0,1
66,66,0,1,0,1,0,2
66,66,0,1,0,1,0,1
10517,2926,7591,29,20,16,13,0
189,78,111,2,30,1,1,0
330,330,0,6,3609,6,0,0
70,70,0,1,0,1,0,2
5667,1393,4274,19,16,9,10,0
70,70,0,1,0,1,0,2
1114,534,580,12,16,7,5,0
66,66,0,1,0,1,0,1
66,66,0,1,0,1,0,1
70,70,0,1,0,1,0,2
8058,1806,6252,22,15,12,10,0
66,66,0,2,8,2,0,0
62,62,0,1,0,1,0,1
4149,2263,1886,46,708,23,23,0
66,66,0,1,0,1,0,1
70,70,0,2,8,2,0,0
4736,1759,2977,20,26,11,9,0
260,106,154,2,32,1,1,0
70,70,0,1,0,1,0,2
70,70,0,1,0,1,0,2
62,62,0,1,0,1,0,1
214,102,112,2,29,1,1,0
70,70,0,1,5,1,0,0
1444,723,721,15,121,8,7,0
66,66,0,1,5,1,0,0
62,62,0,1,0,1,0,1
70,70,0,1,0,1,0,2
135574,9426,126148,201,183,102,99,0
429,102,327,2,31,1,1,0
198,110,88,2,31,1,1,0
209,110,99,2,29,1,1,0
66,66,0,1,0,1,0,1
62,62,0,1,0,1,0,1
66,66,0,1,0,1,0,2
62,62,0,1,0,1,0,1
7261,3272,3989,22,45,13,9,0
193,102,91,2,29,1,1,0
66,66,0,1,0,1,0,1
11976,5066,6910,83,2475,43,40,0
120,60,60,3,4,2,1,0
62,62,0,1,0,1,0,1
3465,2532,933,20,47,12,8,0
62,62,0,1,0,1,0,1
66,66,0,1,0,1,0,2
471,269,202,4,1199,2,2,0
66,66,0,1,5,1,0,0
763,102,661,2,30,1,1,0
70,70,0,1,0,1,0,2
66,66,0,1,0,1,0,1
71,71,0,1,30,1,0,0
70,70,0,2,8,2,0,0
1251,722,529,11,147,6,5,0
62,62,0,1,0,1,0,1
1134,490,644,18,42,8,10,0
167,78,89,2,30,1,1,0
140,140,0,1,0,1,0,1
70,70,0,1,4,1,0,0
17247,1619,15628,26,25,11,15,0
554,554,0,1,0,1,0,1
62,62,0,1,0,1,0,1
183,94,89,2,30,1,1,0
62,62,0,1,0,1,0,1
196,102,94,2,35,1,1,0
70,70,0,1,0,1,0,2
5291,3987,1304,19,255,11,8,0
199,102,97,2,30,1,1,0
70,70,0,1,5,1,0,0
70,70,0,1,0,1,0,2
756,95,661,2,31,1,1,0
66,66,0,1,0,1,0,1
146,146,0,1,0,1,0,1
2525,1403,1122,22,272,12,10,0
62,62,0,1,0,1,0,1
893,126,767,2,30,1,1,0
36209,28887,7322,65,364,34,31,0
101654,1739,99915,95,15,25,70,0
199,94,105,2,30,1,1,0
4648,1885,2763,20,95,10,10,0
214,110,104,2,29,1,1,0
762,98,664,2,30,1,1,0
70,70,0,2,8,2,0,0
6156,2009,4147,26,18,14,12,0
72,72,0,1,0,1,0,1
177,94,83,2,29,1,1,0
178,94,84,2,31,1,1,0
70,70,0,1,0,1,0,2
62,62,0,1,0,1,0,1
7139,1751,5388,32,1372,10,22,0
197,94,103,2,30,1,1,0
146,146,0,1,0,1,0,1
202,103,99,2,31,1,1,0
70,70,0,1,0,1,0,2
62,62,0,1,0,1,0,1
62,62,0,1,0,1,0,1
66,66,0,1,0,1,0,1
68198,5503,62695,102,40,43,59,0
70,70,0,1,4,1,0,0
18805,1162,17643,28,135,11,17,0
66,66,0,1,0,1,0,1
70,70,0,2,8,2,0,0
6053,974,5079,20,66,10,10,0
66,66,0,1,0,1,0,2
70,70,0,1,0,1,0,2
70,70,0,1,0,1,0,2
3330,737,2593,10,121,5,5,0
66,66,0,1,0,1,0,2
232,110,122,2,30,1,1,0
62,62,0,1,0,1,0,1
272,93,179,4,32,2,2,0
70,70,0,1,0,1,0,2
231,90,141,2,30,1,1,0
224,86,138,2,30,1,1,0
66,66,0,1,0,1,0,1
62,62,0,1,0,1,0,1
1984,1233,751,16,20,8,8,0
66,66,0,1,0,1,0,1
62,62,0,1,0,1,0,1
66,66,0,1,0,1,0,1
66,66,0,1,0,1,0,2
62,62,0,1,0,1,0,1
13679,7277,6402,35,262,15,20,0
182,102,80,2,30,1,1,0
85080,31769,53311,661,1172,305,356,0
167,86,81,2,29,1,1,0
291104,18601,272503,413,77,186,227,0
66,66,0,1,0,1,0,1
66,66,0,1,0,1,0,1
3167,2456,711,15,16,10,5,0
70,70,0,1,0,1,0,2
183,102,81,2,30,1,1,0
70,70,0,1,0,1,0,2
70,70,0,1,0,1,0,2
534,193,341,6,78,3,3,0
173,94,79,2,31,1,1,0
168,86,82,2,30,1,1,0
189,102,87,2,30,1,1,0
146,146,0,1,0,1,0,1
18341,14819,3522,59,1044,31,28,0
70,70,0,1,0,1,0,2
774,101,673,2,31,1,1,0
70,70,0,1,0,1,0,2
70,70,0,1,0,1,0,2
229,89,140,2,30,1,1,0
70,70,0,1,0,1,0,2
70,70,0,1,0,1,0,2
70,70,0,2,8,2,0,0
146,146,0,1,0,1,0,1
10945,2478,8467,39,18,19,20,0
146,146,0,1,0,1,0,1
70,70,0,1,0,1,0,2
5912,5182,730,15,23,9,6,0
757,98,659,2,31,1,1,0
66,66,0,1,0,1,0,1
11416,4745,6671,45,256,22,23,0
184,102,82,2,29,1,1,0
1241645,28525,1213120,1200,65,328,872,0
183,94,89,2,30,1,1,0
66,66,0,1,0,1,0,2
70,70,0,1,0,1,0,2
70,70,0,1,0,1,0,2
757,98,659,2,30,1,1,0
70,70,0,1,0,1,0,2
70,70,0,2,7,2,0,0
974005,25912,948093,1003,32,361,642,0
146,146,0,1,0,1,0,1
70,70,0,1,0,1,0,2
2071,1305,766,10,256,6,4,0
209,102,107,2,30,1,1,0
70,70,0,1,0,1,0,2
70,70,0,1,0,1,0,2
4455,1548,2907,19,27,11,8,0
70,70,0,1,0,1,0,2
70,70,0,1,0,1,0,2
642,582,60,2,15,1,1,0
70,70,0,1,0,1,0,2
70,70,0,1,0,1,0,2
66,66,0,1,0,1,0,2
177,94,83,2,30,1,1,0
66,66,0,1,0,1,0,2
178,94,84,2,30,1,1,0
70,70,0,1,0,1,0,2
62,62,0,1,0,1,0,1
504,318,186,8,15,5,3,0
304,86,218,2,30,1,1,0
9551,2173,7378,33,25,17,16,0
66,66,0,1,0,1,0,1
62,62,0,1,0,1,0,1
70,70,0,1,0,1,0,2
70,70,0,1,0,1,0,2
269750,10062,259688,285,152,92,193,0
66,66,0,1,0,1,0,1
262,88,174,4,58,2,2,0
248071,7320,240751,269,268,89,180,0
170,87,83,2,31,1,1,0
62,62,0,1,0,1,0,1
62,62,0,1,0,1,0,1
482,188,294,6,44,3,3,0
66,66,0,1,0,1,0,2
744,95,649,2,30,1,1,0
244,94,150,2,30,1,1,0
770,101,669,2,30,1,1,0
66,66,0,1,0,1,0,1
66,66,0,1,0,1,0,1
70,70,0,1,0,1,0,2
62,62,0,1,0,1,0,1
66,66,0,1,0,1,0,2
41114,1554,39560,49,120,18,31,0
66,66,0,1,0,1,0,1
70,70,0,1,0,1,0,2
6451,1003,5448,21,360,11,10,0
66,66,0,1,0,1,0,1
6866,1983,4883,23,330,11,12,0
211,102,109,2,30,1,1,0
70,70,0,1,0,1,0,2
168,86,82,2,30,1,1,0
7967,1647,6320,25,85,14,11,0
164,84,80,2,31,1,1,0
70,70,0,1,0,1,0,2
136,136,0,3,14,3,0,0
62,62,0,1,0,1,0,1
211,102,109,2,30,1,1,0
70,70,0,2,8,2,0,0
60,60,0,1,0,1,0,1
156,156,0,1,0,1,0,1
70,70,0,1,0,1,0,2
66,66,0,1,5,1,0,0
312,94,218,2,29,1,1,0
66,66,0,1,0,1,0,2
265,86,179,4,58,2,2,0
70,70,0,1,0,1,0,2
66,66,0,1,0,1,0,1
761,102,659,2,29,1,1,0
2227,1018,1209,17,16,8,9,0
126,62,64,2,5,1,1,0
70,70,0,1,0,1,0,2
70,70,0,1,0,1,0,2
290,94,196,4,55,2,2,0
70,70,0,1,0,1,0,2
60,60,0,1,0,1,0,1
62,62,0,1,0,1,0,1
298,102,196,2,30,1,1,0
492,306,186,8,14,5,3,0
6442,1404,5038,23,30,12,11,0
168,86,82,2,30,1,1,0
66,66,0,1,0,1,0,1
70,70,0,1,0,1,0,2
70,70,0,1,0,1,0,2
70,70,0,1,0,1,0,2
62,62,0,1,0,1,0,1
12974,3246,9728,29,29,16,13,0
290,102,188,2,30,1,1,0
62,62,0,1,0,1,0,1
173,94,79,2,30,1,1,0
200,102,98,2,30,1,1,0
1346,918,428,10,33,6,4,0
1207531,28695,1178836,1184,46,400,784,0
62,62,0,1,0,1,0,1
70,70,0,1,0,1,0,2
177,94,83,2,30,1,1,0
60,60,0,1,0,1,0,1
70,70,0,1,5,1,0,0
62,62,0,1,0,1,0,1
62,62,0,1,0,1,0,1
199,102,97,2,30,1,1,0
166,166,0,1,1199,1,0,0
265,78,187,2,30,1,1,0
183,94,89,2,30,1,1,0
4707,865,3842,17,30,9,8,0
173,94,79,2,30,1,1,0
70,70,0,1,30,1,0,0
177,94,83,2,29,1,1,0
66,66,0,1,0,1,0,1
730,102,628,2,29,1,1,0
66,66,0,1,0,1,0,2
765,102,663,2,30,1,1,0
70,70,0,1,0,1,0,2
62,62,0,1,0,1,0,1
70,70,0,1,0,1,0,2
176,90,86,3,55,2,1,0
4182,2874,1308,17,361,9,8,0
5057,851,4206,15,16,9,6,0
3486,1983,1503,15,16,8,7,0
74,74,0,1,0,1,0,1
185,102,83,2,31,1,1,0
1267,631,636,6,1199,3,3,0
822903,35544,787359,1068,153,463,605,0
4152,2734,1418,24,40,14,10,0
70,70,0,2,9,2,0,0
62,62,0,1,0,1,0,1
164,164,0,1,0,1,0,1
70,70,0,2,8,2,0,0
280,97,183,4,59,2,2,0
66,66,0,1,0,1,0,1
5783,1761,4022,24,46,14,10,0
228,118,110,2,1199,1,1,0
1786,172,1614,7,120,3,4,0
247,102,145,2,30,1,1,0
168,86,82,2,30,1,1,0
148,148,0,1,0,1,0,1
199,102,97,2,30,1,1,0
242,110,132,2,30,1,1,0
70,70,0,1,0,1,0,2
70,70,0,2,8,2,0,0
684,432,252,10,16,6,4,0
3182,2082,1100,18,86,10,8,0
66,66,0,1,0,1,0,1
176,90,86,2,30,1,1,0
6147,910,5237,18,16,10,8,0
62,62,0,1,0,1,0,1
70,70,0,1,0,1,0,2
12098,5328,6770,25,121,12,13,0
70,70,0,1,0,1,0,2
30232,22633,7599,77,23,46,31,0
15860,1930,13930,37,195,14,23,0
60,60,0,1,0,1,0,1
62,62,0,1,0,1,0,1
70,70,0,1,0,1,0,2
9664,1703,7961,22,15,11,11,0
432,240,192,8,100,5,3,0
123421,11745,111676,267,125,108,159,0
184,102,82,2,30,1,1,0
25928,15100,10828,59,39,37,22,0
70,70,0,1,0,1,0,2
70,70,0,1,0,1,0,2
70,70,0,1,0,1,0,2
66,66,0,1,5,1,0,0
143,143,0,1,0,1,0,1
455,94,361,2,30,1,1,0
70,70,0,1,0,1,0,2
70,70,0,2,7,2,0,0
70,70,0,1,0,1,0,2
66,66,0,1,0,1,0,2
92384,4519,87865,105,15,39,66,0
4370,3370,1000,19,187,10,9,0
668,224,444,10,18,4,6,0
60,60,0,1,0,1,0,1
473,94,379,4,36,2,2,0
66,66,0,1,0,1,0,1
66,66,0,1,0,1,0,2
70,70,0,1,0,1,0,2
70,70,0,1,0,1,0,2
70,70,0,1,0,1,0,2
197,102,95,2,30,1,1,0
66,66,0,1,0,1,0,2
1548,847,701,10,15,5,5,0
146,146,0,1,0,1,0,1
66,66,0,1,0,1,0,1
70,70,0,1,0,1,0,2
3058,774,2284,11,16,6,5,0
283,97,186,4,36,2,2,0
50226,4284,45942,76,75,31,45,0
66,66,0,1,0,1,0,2
66,66,0,1,0,1,0,1
178,94,84,2,31,1,1,0
66,66,0,1,0,1,0,1
1270,697,573,15,33,8,7,0
70,70,0,2,8,2,0,0
7493,1658,5835,22,255,12,10,0
66,66,0,1,0,1,0,2
1313,738,575,10,152,6,4,0
66,66,0,1,0,1,0,2
62,62,0,1,0,1,0,1
66,66,0,1,0,1,0,2
404,95,309,4,43,2,2,0
318,192,126,6,25,4,2,0
513,152,361,2,1200,1,1,0
70,70,0,1,0,1,0,2
70,70,0,1,0,1,0,2
302,86,216,2,30,1,1,0
70,70,0,1,0,1,0,2
62,62,0,1,0,1,0,1
70,70,0,1,0,1,0,2
499,425,74,4,0,3,1,0
167,86,81,2,31,1,1,0
227,102,125,2,29,1,1,0
145,145,0,1,0,1,0,1
70,70,0,1,0,1,0,2
14848,6716,8132,32,30,17,15,0
62,62,0,1,0,1,0,1
66,66,0,1,0,1,0,2
198,110,88,2,31,1,1,0
150808,48110,102698,173,173,82,91,0
271,93,178,4,31,2,2,0
783,96,687,2,30,1,1,0
10463,6606,3857,36,27,20,16,0
6869,3351,3518,22,135,11,11,0
168,86,82,2,30,1,1,0
66,66,0,1,0,1,0,1
140818,8751,132067,156,168,57,99,0
66,66,0,1,0,1,0,2
249,71,178,2,30,1,1,0
66,66,0,1,0,1,0,2
70,70,0,1,0,1,0,2
70,70,0,1,0,1,0,2
184,86,98,2,30,1,1,0
66,66,0,1,0,1,0,1
70,70,0,1,0,1,0,2
128299,119001,9298,178,280,103,75,0
62,62,0,1,0,1,0,1
66,66,0,1,0,1,0,1
70,70,0,1,0,1,0,2
8894,1633,7261,18,16,9,9,0
70,70,0,1,0,1,0,2
62,62,0,1,0,1,0,1
8615,2156,6459,37,315,16,21,0
13704,2379,11325,47,279,22,25,0
70,70,0,1,0,1,0,2
62,62,0,1,0,1,0,1
4275,1488,2787,17,143,9,8,0
129,129,0,1,0,1,0,1
66,66,0,1,0,1,0,1
228,102,126,2,30,1,1,0
184,94,90,2,31,1,1,0
66,66,0,1,0,1,0,2
5600,1187,4413,24,80,13,11,0
70,70,0,1,0,1,0,2
70,70,0,1,0,1,0,2
6039,1327,4712,19,121,11,8,0
13948,10445,3503,25,121,14,11,0
184,94,90,2,31,1,1,0
70,70,0,1,5,1,0,0
711,87,624,2,30,1,1,0
183,86,97,2,29,1,1,0
178,94,84,2,30,1,1,0
314,192,122,6,15,4,2,0
214,140,74,4,41,3,1,0
106055,8460,97595,168,26,79,89,0
66,66,0,1,0,1,0,2
261,94,167,2,29,1,1,0
62,62,0,1,0,1,0,1
23259,2769,20490,36,143,19,17,0
62,62,0,1,0,1,0,1
397,102,295,2,30,1,1,0
62,62,0,1,0,1,0,1
62,62,0,1,0,1,0,1
510,164,346,2,30,1,1,0
70,70,0,1,0,1,0,2
60,60,0,1,0,1,0,1
554,554,0,1,0,1,0,1
62,62,0,1,0,1,0,1
70,70,0,1,0,1,0,2
172,88,84,2,30,1,1,0
70,70,0,1,0,1,0,2
298,102,196,4,43,2,2,0
62,62,0,1,0,1,0,1
10723,2046,8677,29,116,10,19,0
295,101,194,4,49,2,2,0
72073,12550,59523,78,45,25,53,0
70,70,0,1,0,1,0,2
62,62,0,1,0,1,0,1
4858,855,4003,16,64,9,7,0
499,425,74,4,0,3,1,0
62,62,0,1,0,1,0,1
62,62,0,1,0,1,0,1
70,70,0,1,0,1,0,2
3089,775,2314,15,16,9,6,0
66,66,0,1,0,1,0,1
409,289,120,5,15,3,2,0
62,62,0,1,0,1,0,1
66,66,0,1,0,1,0,2
7902,3301,4601,56,40,26,30,0
234,234,0,4,12,4,0,0
6945,1842,5103,25,87,14,11,0
66,66,0,1,0,1,0,1
66,66,0,1,0,1,0,1
62,62,0,1,0,1,0,1
70,70,0,1,0,1,0,2
70,70,0,2,8,2,0,0
397616,15684,381932,419,141,157,262,0
275,96,179,4,41,2,2,0
66,66,0,1,0,1,0,1
70,70,0,1,0,1,0,2
3610,2043,1567,16,17,9,7,0
185,102,83,2,31,1,1,0
70,70,0,1,0,1,0,2
70,70,0,1,0,1,0,2
62,62,0,1,0,1,0,1
811,94,717,2,30,1,1,0
166,86,80,2,30,1,1,0
816,228,588,8,30,4,4,0
66,66,0,1,0,1,0,2
175780,7700,168080,196,36,78,118,0
213,87,126,2,30,1,1,0
143,143,0,1,0,1,0,1
66,66,0,1,0,1,0,1
348,132,216,6,26,3,3,0
1658,1247,411,8,15,5,3,0
499,425,74,4,0,3,1,0
164,84,80,2,31,1,1,0
730,102,628,2,30,1,1,0
3655,1807,1848,17,15,9,8,0
19840,6479,13361,57,127,32,25,0
86,86,0,1,30,1,0,0
25572,2605,22967,56,133,29,27,0
14838,6995,7843,52,244,26,26,0
216,110,106,2,30,1,1,0
186,95,91,2,31,1,1,0
183,94,89,2,30,1,1,0
62,62,0,1,0,1,0,1
66,66,0,1,0,1,0,1
70,70,0,1,0,1,0,2
70,70,0,1,5,1,0,0
60,60,0,1,0,1,0,1
62,62,0,1,0,1,0,1
261,261,0,4,47,4,0,0
60,60,0,1,0,1,0,1
7818,2136,5682,31,322,14,17,0
62,62,0,1,0,1,0,1
66,66,0,1,0,1,0,2
70,70,0,1,5,1,0,0
62,62,0,1,0,1,0,1
9376,4359,5017,86,19,44,42,0
10226,3230,6996,28,47,16,12,0
184,94,90,2,30,1,1,0
209,110,99,2,30,1,1,0
66,66,0,1,0,1,0,2
62,62,0,1,0,1,0,1
183,94,89,2,30,1,1,0
70,70,0,1,0,1,0,2
66,66,0,1,0,1,0,1
62,62,0,1,0,1,0,1
165,86,79,2,30,1,1,0
216,102,114,2,30,1,1,0
70,70,0,1,0,1,0,2
41406,4176,37230,57,32,25,32,0
66,66,0,1,0,1,0,1
66,66,0,1,0,1,0,1
193,102,91,2,29,1,1,0
2316,1280,1036,20,278,11,9,0
70,70,0,1,0,1,0,2
70,70,0,1,0,1,0,2
302,208,94,3,30,2,1,0
181,181,0,1,0,1,0,1
70,70,0,1,0,1,0,2
148,148,0,1,0,1,0,1
168,86,82,2,30,1,1,0
316,136,180,6,6,3,3,0
184,94,90,2,30,1,1,0
146,146,0,1,0,1,0,1
177,94,83,2,30,1,1,0
6277,1727,4550,16,75,9,7,0
1717,1153,564,13,26,7,6,0
763,102,661,2,30,1,1,0
3562,1936,1626,48,194,24,24,0
70,70,0,1,0,1,0,2
70,70,0,1,0,1,0,2
70,70,0,1,5,1,0,0
66,66,0,1,0,1,0,1
222,90,132,2,30,1,1,0
62,62,0,1,0,1,0,1
146,146,0,1,0,1,0,1
70,70,0,1,0,1,0,2
275,110,165,2,30,1,1,0
8200,2465,5735,30,18,14,16,0
7458,4186,3272,24,102,14,10,0
1643,485,1158,10,15,5,5,0
186406,10415,175991,218,123,79,139,0
3726,1504,2222,13,21,7,6,0
70,70,0,1,4,1,0,0
3989,2585,1404,17,15,9,8,0
2068,1371,697,13,83,7,6,0
90,90,0,1,0,1,0,1
70,70,0,1,0,1,0,1
66,66,0,1,0,1,0,1
66,66,0,1,0,1,0,2
66,66,0,1,0,1,0,2
177,94,83,2,30,1,1,0
4788,1881,2907,19,31,11,8,0
238,118,120,2,1200,1,1,0
70,70,0,1,0,1,0,2
66,66,0,1,5,1,0,0
70,70,0,1,0,1,0,2
165,86,79,2,30,1,1,0
4653,785,3868,14,52,6,8,0
54335,2550,51785,74,42,29,45,0
499,425,74,4,0,3,1,0
66,66,0,1,0,1,0,1
70,70,0,1,0,1,0,2
193,102,91,2,30,1,1,0
70,70,0,1,0,1,0,2
862,126,736,2,30,1,1,0
199,94,105,2,29,1,1,0
198,101,97,2,30,1,1,0
10195,2175,8020,25,187,14,11,0
188,96,92,2,31,1,1,0
70,70,0,1,0,1,0,2
200,102,98,2,30,1,1,0
130,70,60,2,15,1,1,0
199,94,105,2,30,1,1,0
70,70,0,1,0,1,0,2
9577,1475,8102,30,124,14,16,0
172,72,100,2,30,1,1,0
486,240,246,9,28,5,4,0
60,60,0,1,0,1,0,1
66,66,0,1,0,1,0,2
62,62,0,1,0,1,0,1
3751,3009,742,14,31,8,6,0
70,70,0,1,0,1,0,2
167,86,81,2,29,1,1,0
62,62,0,1,0,1,0,1
70,70,0,2,8,2,0,0
1307,666,641,15,46,7,8,0
66,66,0,1,0,1,0,1
146,146,0,1,0,1,0,1
6787,1846,4941,24,361,11,13,0
85,85,0,1,0,1,0,1
66,66,0,1,0,1,0,1
66,66,0,1,0,1,0,1
182,93,89,2,31,1,1,0
180,82,98,2,29,1,1,0
70,70,0,1,0,1,0,2
25979,7217,18762,36,16,19,17,0
211,110,101,2,30,1,1,0
66,66,0,1,0,1,0,2
70,70,0,1,0,1,0,2
70,70,0,1,0,1,0,2
66,66,0,1,0,1,0,2
363,102,261,2,30,1,1,0
66,66,0,1,0,1,0,2
6967,1929,5038,25,128,14,11,0
62,62,0,1,0,1,0,1
60,60,0,1,0,1,0,1
70,70,0,1,0,1,0,2
749,94,655,2,30,1,1,0
66,66,0,1,0,1,0,2
73400,3702,69698,77,19,26,51,0
66,66,0,1,0,1,0,2
378,192,186,7,29,4,3,0
4113,1387,2726,15,36,8,7,0
70,70,0,1,0,1,0,2
62,62,0,1,0,1,0,1
1783342,58977,1724365,1613,162,445,1168,0
66,66,0,1,5,1,0,0
66,66,0,1,0,1,0,2
8602,1050,7552,16,120,7,9,0
749,94,655,2,31,1,1,0
66,66,0,1,5,1,0,0
189,102,87,2,30,1,1,0
214,110,104,2,30,1,1,0
194,102,92,2,30,1,1,0
66,66,0,1,0,1,0,1
314,192,122,6,15,4,2,0
70,70,0,1,0,1,0,2
146,146,0,1,0,1,0,1
62,62,0,1,0,1,0,1
78576,5218,73358,91,95,36,55,0
196,102,94,2,29,1,1,0
70,70,0,1,0,1,0,2
195,102,93,2,30,1,1,0
3326,684,2642,12,15,7,5,0
66,66,0,1,0,1,0,2
4485,794,3691,17,25,9,8,0
160,160,0,1,0,1,0,1
70,70,0,1,0,1,0,2
146,146,0,1,0,1,0,1
170,87,83,2,30,1,1,0
198,101,97,2,30,1,1,0
62,62,0,1,0,1,0,1
62,62,0,1,0,1,0,1
62,62,0,1,0,1,0,1
145,145,0,1,0,1,0,1
3815,2065,1750,37,309,19,18,0
62,62,0,1,0,1,0,1
70,70,0,2,7,2,0,0
168,78,90,2,30,1,1,0
2928239,68426,2859813,2888,37,955,1933,0
130,70,60,3,5,2,1,0
66,66,0,1,0,1,0,2
179,94,85,2,29,1,1,0
1277,851,426,12,92,7,5,0
168,78,90,2,30,1,1,0
199,102,97,2,30,1,1,0
204,104,100,2,31,1,1,0
291717,11752,279965,319,137,123,196,0
78,78,0,1,0,1,0,1
70,70,0,1,0,1,0,2
70,70,0,1,0,1,0,2
70,70,0,1,0,1,0,2
66,66,0,1,0,1,0,2
70,70,0,1,0,1,0,2
146,146,0,1,0,1,0,1
6408,2531,3877,21,15,11,10,0
70,70,0,1,0,1,0,2
167,86,81,2,29,1,1,0
66,66,0,1,0,1,0,1
193,102,91,2,30,1,1,0
70,70,0,1,0,1,0,2
202,103,99,2,30,1,1,0
66,66,0,1,0,1,0,1
70,70,0,1,0,1,0,2
225,102,123,2,30,1,1,0
62,62,0,1,0,1,0,1
104,104,0,2,35,2,0,0
70,70,0,1,0,1,0,2
66,66,0,2,8,2,0,0
10119,1855,8264,26,28,15,11,0
199,102,97,2,30,1,1,0
196,102,94,2,30,1,1,0
6219,4130,2089,29,221,16,13,0
3516,1732,1784,34,42,19,15,0
6381,3801,2580,19,135,10,9,0
662,195,467,6,39,3,3,0
509,150,359,2,1199,1,1,0
194,102,92,2,29,1,1,0
768,99,669,2,31,1,1,0
212,110,102,2,30,1,1,0
5200,2825,2375,18,155,9,9,0
259,150,109,2,1200,1,1,0
62,62,0,1,0,1,0,1
145,145,0,1,0,1,0,1
29039,3057,25982,46,323,19,27,0
66,66,0,1,0,1,0,2
70,70,0,1,0,1,0,2
195,102,93,2,30,1,1,0
70,70,0,1,0,1,0,2
5689,1505,4184,24,19,13,11,0
62,62,0,1,0,1,0,1
304,86,218,2,30,1,1,0
1364,940,424,12,16,7,5,0
66,66,0,1,5,1,0,0
6915,882,6033,16,134,9,7,0
216,82,134,2,32,1,1,0
62,62,0,1,0,1,0,1
146,146,0,1,0,1,0,1
742,350,392,12,28,6,6,0
1941,1009,932,10,16,6,4,0
70,70,0,1,0,1,0,2
150,150,0,1,1199,1,0,0
146,146,0,1,0,1,0,1
3595,1957,1638,17,361,9,8,0
66,66,0,1,0,1,0,2
66,66,0,1,0,1,0,2
6235,1562,4673,21,191,12,9,0
66,66,0,1,0,1,0,1
214,82,132,2,32,1,1,0
9984,5333,4651,21,25,10,11,0
117653,21783,95870,251,556,93,158,0
172,88,84,2,30,1,1,0
62,62,0,1,0,1,0,1
193,102,91,2,30,1,1,0
88,88,0,1,30,1,0,0
62,62,0,1,0,1,0,1
177,94,83,2,30,1,1,0
180,94,86,2,30,1,1,0
70,70,0,1,0,1,0,2
480,149,331,2,1200,1,1,0
62,62,0,1,0,1,0,1
196,102,94,2,31,1,1,0
70,70,0,2,8,2,0,0
13072,4708,8364,47,130,24,23,0
66,66,0,1,0,1,0,1
66,66,0,1,0,1,0,1
70,70,0,1,0,1,0,2
66,66,0,1,0,1,0,1
1426,865,561,9,15,5,4,0
710,350,360,12,33,6,6,0
66,66,0,1,0,1,0,2
98,98,0,1,0,1,0,1
70,70,0,1,0,1,0,2
194,102,92,2,31,1,1,0
66,66,0,1,0,1,0,2
7912,3269,4643,23,96,12,11,0
62,62,0,1,0,1,0,1
70,70,0,1,0,1,0,2
240,110,130,2,30,1,1,0
315,102,213,2,30,1,1,0
318,192,126,6,28,4,2,0
232,102,130,2,30,1,1,0
183,94,89,2,30,1,1,0
32910,18450,14460,143,1647,75,68,0
70,70,0,1,0,1,0,2
1919,1470,449,10,20,6,4,0
70,70,0,1,0,1,0,2
4728,2928,1800,28,95,15,13,0
193,102,91,2,30,1,1,0
772,102,670,2,30,1,1,0
66,66,0,1,0,1,0,1
70,70,0,1,0,1,0,2
8616,4944,3672,22,87,11,11,0
12654,1719,10935,28,21,15,13,0
674,128,546,12,46,3,9,0
1686,890,796,10,15,6,4,0
66,66,0,1,0,1,0,1
70,70,0,1,0,1,0,2
3698,1302,2396,13,136,6,7,0
62,62,0,1,0,1,0,1
177,94,83,2,29,1,1,0
1735,975,760,11,16,7,4,0
146,146,0,1,0,1,0,1
899,126,773,2,30,1,1,0
70,70,0,1,0,1,0,2
193,102,91,2,29,1,1,0
196,102,94,2,30,1,1,0
6250,1312,4938,23,315,12,11,0
1778020,204978,1573042,2589,987,1006,1583,0
66,66,0,1,0,1,0,2
379440,8281,371159,362,16,106,256,0
66,66,0,1,0,1,0,1
70,70,0,1,0,1,0,2
70,70,0,1,0,1,0,2
70,70,0,1,0,1,0,2
62,62,0,1,0,1,0,1
193,102,91,2,30,1,1,0
260,86,174,2,30,1,1,0
14261,9361,4900,35,16,19,16,0
66,66,0,1,0,1,0,2
70,70,0,2,8,2,0,0
70,70,0,1,0,1,0,2
179,94,85,2,31,1,1,0
70,70,0,1,0,1,0,2
70,70,0,1,0,1,0,2
245,78,167,2,30,1,1,0
70,70,0,1,0,1,0,2
480,149,331,2,1201,1,1,0
70,70,0,1,0,1,0,2
70,70,0,1,0,1,0,2
807,94,713,2,30,1,1,0
70,70,0,1,0,1,0,2
211,102,109,2,30,1,1,0
145,145,0,1,0,1,0,1
8030,7064,966,22,30,13,9,0
256,87,169,4,36,2,2,0
531,97,434,4,35,2,2,0
12802,1977,10825,32,25,14,18,0
1539,553,986,10,14,6,4,0
62,62,0,1,0,1,0,1
66,66,0,1,0,1,0,1
7990,1730,6260,25,151,13,12,0
23850,1662,22188,36,15,19,17,0
66,66,0,1,0,1,0,1
60,60,0,1,0,1,0,1
74,74,0,1,0,1,0,1
62,62,0,1,0,1,0,1
66,66,0,1,0,1,0,2
1326,300,1026,6,1200,3,3,0
66,66,0,1,0,1,0,2
66,66,0,1,0,1,0,2
177,94,83,2,30,1,1,0
403,99,304,4,32,2,2,0
62,62,0,1,0,1,0,1
168,78,90,2,30,1,1,0
70,70,0,1,0,1,0,2
7570,1955,5615,24,1179,12,12,0
66,66,0,1,0,1,0,1
3296,1329,1967,14,135,7,7,0
168,86,82,2,31,1,1,0
2227,1018,1209,17,16,8,9,0
70,70,0,1,0,1,0,2
177,94,83,2,30,1,1,0
62,62,0,1,0,1,0,1
62,62,0,1,0,1,0,1
70,70,0,1,0,1,0,2
66772,4924,61848,110,19,60,50,0
6094,771,5323,17,26,9,8,0
66,66,0,1,0,1,0,1
241,98,143,2,30,1,1,0
134,60,74,3,6,2,1,0
3578,1673,1905,16,186,9,7,0
66,66,0,1,0,1,0,2
66,66,0,1,0,1,0,2
70,70,0,2,8,2,0,0
11891,6219,5672,35,174,16,19,0
198,93,105,2,30,1,1,0
146,146,0,1,0,1,0,1
8267,1779,6488,23,150,13,10,0
70,70,0,1,0,1,0,2
70,70,0,1,0,1,0,2
237,91,146,2,33,1,1,0
4758,2811,1947,22,140,12,10,0
216,94,122,2,30,1,1,0
183,94,89,2,30,1,1,0
60,60,0,1,0,1,0,1
895,126,769,2,30,1,1,0
62,62,0,1,0,1,0,1
3122508,193850,2928658,4050,681,1740,2310,0
882,126,756,2,31,1,1,0
62,62,0,1,0,1,0,1
66,66,0,1,0,1,0,2
62,62,0,1,0,1,0,1
70,70,0,1,0,1,0,2
66,66,0,1,0,1,0,1
199,199,0,1,0,1,0,1
182,93,89,2,30,1,1,0
271,93,178,4,42,2,2,0
466,392,74,4,0,3,1,0
180,94,86,2,30,1,1,0
1660,677,983,20,1600,10,10,0
193,102,91,2,30,1,1,0
72,72,0,1,0,1,0,1
66,66,0,1,0,1,0,1
209,110,99,2,30,1,1,0
94,94,0,1,29,1,0,0
841,715,126,5,14,3,2,0
62,62,0,1,0,1,0,1
6292,1492,4800,22,17,11,11,0
66,66,0,1,0,1,0,1
696,452,244,11,21,7,4,0
66,66,0,1,0,1,0,1
196,102,94,2,31,1,1,0
66,66,0,1,0,1,0,1
6326,4367,1959,31,144,17,14,0
66,66,0,1,0,1,0,2
597,79,518,2,31,1,1,0
478,106,372,4,48,2,2,0
8095,3030,5065,27,95,14,13,0
62,62,0,1,0,1,0,1
9930,3002,6928,34,120,17,17,0
70,70,0,1,0,1,0,2
62,62,0,1,0,1,0,1
70,70,0,1,0,1,0,2
70,70,0,2,8,2,0,0
9604,5021,4583,29,86,15,14,0
66,66,0,1,0,1,0,2
402,118,284,2,30,1,1,0
78,78,0,1,30,1,0,0
6138,3860,2278,20,16,10,10,0
42890,30849,12041,214,420,106,108,0
66,66,0,1,0,1,0,1
174,89,85,2,30,1,1,0
138,78,60,2,5,1,1,0
1188,1188,0,2,0,2,0,0
241,78,163,2,30,1,1,0
8279,2876,5403,22,155,9,13,0
124,124,0,3,1199,3,0,0
177,94,83,2,30,1,1,0
66,66,0,1,0,1,0,2
1320,685,635,14,180,7,7,0
239,94,145,2,30,1,1,0
184,94,90,2,30,1,1,0
177,94,83,2,29,1,1,0
70,70,0,1,5,1,0,0
66,66,0,1,0,1,0,1
168,94,74,2,31,1,1,0
219,94,125,2,30,1,1,0
168,86,82,2,30,1,1,0
5383,3710,1673,27,309,14,13,0
70,70,0,1,0,1,0,2
762,98,664,2,30,1,1,0
1592,965,627,15,20,7,8,0
66,66,0,1,0,1,0,1
168,86,82,2,29,1,1,0
318,192,126,6,27,4,2,0
499,425,74,4,0,3,1,0
6204,1125,5079,23,89,13,10,0
60,60,0,1,0,1,0,1
70,70,0,1,0,1,0,2
70,70,0,1,0,1,0,2
481,150,331,2,1200,1,1,0
30264,2794,27470,47,322,19,28,0
70,70,0,1,0,1,0,2
130,70,60,2,15,1,1,0
62,62,0,1,0,1,0,1
66,66,0,1,0,1,0,1
70,70,0,1,0,1,0,2
366,240,126,7,26,5,2,0
4630,2803,1827,29,80,14,15,0
1530,1216,314,10,15,5,5,0
60,60,0,1,0,1,0,1
5108,676,4432,14,15,7,7,0
7107,1636,5471,24,38,11,13,0
70,70,0,1,0,1,0,2
5571,2240,3331,28,87,14,14,0
767,102,665,2,31,1,1,0
499,425,74,4,0,3,1,0
66,66,0,1,0,1,0,1
183,94,89,2,30,1,1,0
2068,1371,697,13,83,7,6,0
213,87,126,2,31,1,1,0
627,80,547,2,29,1,1,0
62,62,0,1,0,1,0,1
66,66,0,1,0,1,0,1
60,60,0,1,0,1,0,1
168,78,90,2,30,1,1,0
66,66,0,1,0,1,0,2
366,180,186,7,26,4,3,0
172,88,84,2,30,1,1,0
70,70,0,1,0,1,0,2
480,149,331,2,1200,1,1,0
66,66,0,1,0,1,0,2
494,198,296,8,17,4,4,0
66,66,0,1,0,1,0,1
66,66,0,1,0,1,0,2
70,70,0,1,0,1,0,2
70,70,0,1,0,1,0,2
178,94,84,2,30,1,1,0
128327,7366,120961,154,141,67,87,0
448,84,364,4,54,2,2,0
62,62,0,1,0,1,0,1
66,66,0,1,0,1,0,1
60,60,0,1,0,1,0,1
195,102,93,2,30,1,1,0
316,136,180,6,6,3,3,0
338,110,228,2,30,1,1,0
62,62,0,1,0,1,0,1
62,62,0,1,0,1,0,1
9929,4574,5355,29,134,14,15,0
1573,1145,428,13,32,8,5,0
320,140,180,6,7,3,3,0
60,60,0,1,0,1,0,1
62,62,0,1,0,1,0,1
70,70,0,1,0,1,0,2
178,94,84,2,30,1,1,0
174,89,85,2,31,1,1,0
62,62,0,1,0,1,0,1
70,70,0,1,0,1,0,2
756,95,661,2,31,1,1,0
66,66,0,1,0,1,0,1
70,70,0,1,0,1,0,2
1577,594,983,20,1724,10,10,0
168,78,90,2,30,1,1,0
35970,11674,24296,108,265,55,53,0
30281,3919,26362,44,62,21,23,0
70,70,0,1,0,1,0,2
70,70,0,1,0,1,0,2
62,62,0,1,0,1,0,1
2408,1399,1009,18,274,9,9,0
756,95,661,2,31,1,1,0
60,60,0,1,0,1,0,1
195,102,93,2,30,1,1,0
200,102,98,2,31,1,1,0
70,70,0,1,4,1,0,0
60,60,0,1,0,1,0,1
60,60,0,1,0,1,0,1
9571,2811,6760,45,87,24,21,0
70,70,0,1,0,1,0,2
70,70,0,1,0,1,0,2
502,150,352,3,1200,2,1,0
146,146,0,1,0,1,0,1
70,70,0,1,0,1,0,2
204,118,86,2,30,1,1,0
232,94,138,2,30,1,1,0
70,70,0,2,8,2,0,0
284,96,188,4,31,2,2,0
168,78,90,2,30,1,1,0
316,136,180,6,6,3,3,0
70,70,0,1,0,1,0,2
62,62,0,1,0,1,0,1
66,66,0,1,0,1,0,2
815,95,720,2,30,1,1,0
66,66,0,1,0,1,0,1
214,102,112,2,30,1,1,0
66,66,0,1,0,1,0,2
70,70,0,1,0,1,0,2
592433,191668,400765,1555,1157,608,947,0
213,79,134,2,32,1,1,0
62,62,0,1,0,1,0,1
70,70,0,1,0,1,0,2
66,66,0,1,0,1,0,1
84664,6099,78565,140,70,56,84,0
70,70,0,1,0,1,0,2
62,62,0,1,0,1,0,1
8057,2037,6020,20,16,11,9,0
130,70,60,2,30,1,1,0
248,94,154,2,30,1,1,0
12291742,358717,11933025,12485,181,3846,8639,0
66,66,0,1,0,1,0,2
66,66,0,1,0,1,0,2
504,318,186,8,17,5,3,0
66,66,0,1,0,1,0,1
7338,3611,3727,74,616,37,37,0
130,70,60,3,4,2,1,0
179,86,93,2,30,1,1,0
70,70,0,1,0,1,0,2
8652,2148,6504,20,15,11,9,0
62,62,0,1,0,1,0,1
70,70,0,1,0,1,0,2
6028,2012,4016,25,16,14,11,0
62,62,0,1,0,1,0,1
66,66,0,1,5,1,0,0
5141,896,4245,17,69,8,9,0
66,66,0,1,0,1,0,2
8978,3243,5735,22,45,13,9,0
812,110,702,2,30,1,1,0
130,70,60,2,5,1,1,0
70,70,0,1,0,1,0,2
102,102,0,1,30,1,0,0
70,70,0,2,8,2,0,0
62,62,0,1,0,1,0,1
7117,619,6498,19,34,6,13,0
195,102,93,2,30,1,1,0
62,62,0,1,0,1,0,1
70,70,0,1,0,1,0,2
1275,300,975,6,1200,3,3,0
816,97,719,2,31,1,1,0
62,62,0,1,0,1,0,1
173,94,79,2,30,1,1,0
66,66,0,1,0,1,0,1
66,66,0,1,0,1,0,1
62,62,0,1,0,1,0,1
66,66,0,1,0,1,0,2
70,70,0,1,0,1,0,2
320,320,0,5,0,5,0,0
7855,1866,5989,20,15,11,9,0
52219,4148,48071,75,125,33,42,0
146,146,0,1,0,1,0,1
816,102,714,2,30,1,1,0
62,62,0,1,0,1,0,1
70,70,0,1,5,1,0,0
164,78,86,2,30,1,1,0
832,106,726,2,30,1,1,0
502,250,252,9,63,5,4,0
146,75,71,2,30,1,1,0
74,74,0,1,0,1,0,1
70,70,0,1,0,1,0,2
70,70,0,1,0,1,0,2
70,70,0,1,0,1,0,2
6747,2827,3920,19,399,11,8,0
46785,27735,19050,232,5491,123,109,0
66,66,0,1,0,1,0,2
400,204,196,4,0,2,2,0
66,66,0,1,0,1,0,2
62,62,0,1,0,1,0,1
66,66,0,1,0,1,0,2
24329,7675,16654,47,16,25,22,0
70,70,0,1,0,1,0,2
70,70,0,1,0,1,0,2
4359,924,3435,15,59,9,6,0
70,70,0,1,0,1,0,2
173,94,79,2,30,1,1,0
62,62,0,1,0,1,0,1
62,62,0,1,0,1,0,1
195,102,93,2,31,1,1,0
66,66,0,1,30,1,0,0
562,380,182,8,15,5,3,0
70,70,0,1,0,1,0,2
66,66,0,1,0,1,0,1
70,70,0,1,0,1,0,2
66,66,0,1,0,1,0,1
178,94,84,2,30,1,1,0
883,126,757,2,30,1,1,0
70,70,0,1,0,1,0,2
66,66,0,1,0,1,0,2
62,62,0,1,0,1,0,1
70,70,0,1,0,1,0,2
62,62,0,1,0,1,0,1
23292,2267,21025,28,21,10,18,0
921,126,795,2,30,1,1,0
887,126,761,2,31,1,1,0
70,70,0,1,0,1,0,2
2353,1453,900,16,15,8,8,0
104133,2163,101970,103,15,32,71,0
4665,1758,2907,19,28,11,8,0
248,106,142,2,30,1,1,0
62,62,0,1,0,1,0,1
4424,876,3548,15,35,8,7,0
268,94,174,2,30,1,1,0
167,86,81,2,30,1,1,0
66,66,0,1,0,1,0,1
62,62,0,1,0,1,0,1
184,94,90,2,31,1,1,0
70,70,0,1,0,1,0,2
231,102,129,2,30,1,1,0
190,97,93,2,30,1,1,0
70,70,0,1,0,1,0,2
66,66,0,1,0,1,0,2
481,150,331,2,1200,1,1,0
70,70,0,1,0,1,0,2
8837,1938,6899,21,17,12,9,0
62,62,0,1,0,1,0,1
764,99,665,2,30,1,1,0
70,70,0,1,0,1,0,2
140,78,62,2,31,1,1,0
66,66,0,1,0,1,0,1
884,126,758,2,30,1,1,0
70,70,0,2,7,2,0,0
70,70,0,1,0,1,0,2
5709,2977,2732,62,621,31,31,0
20457,4742,15715,37,139,20,17,0
70,70,0,1,0,1,0,2
14283,12630,1653,29,126,17,12,0
82,82,0,1,30,1,0,0
62,62,0,1,0,1,0,1
146,146,0,1,0,1,0,1
4378,1471,2907,19,29,11,8,0
66,66,0,1,0,1,0,2
194,128,66,4,25,3,1,0
195,102,93,2,30,1,1,0
209,110,99,2,30,1,1,0
1602,1282,320,10,15,5,5,0
60,60,0,1,0,1,0,1
148,148,0,1,0,1,0,1
1614,1300,314,10,15,5,5,0
223,78,145,2,30,1,1,0
5839,3609,2230,25,361,13,12,0
70,70,0,1,0,1,0,2
157,157,0,1,0,1,0,1
8171028,105740,8065288,6637,149,745,5892,0
195,102,93,2,30,1,1,0
74,74,0,1,0,1,0,1
70,70,0,1,0,1,0,2
3354,1792,1562,46,193,23,23,0
5558,3386,2172,29,36,15,14,0
332,102,230,2,29,1,1,0
70,70,0,1,0,1,0,2
4287346,130607,4156739,4409,282,1473,2936,0
772,100,672,2,31,1,1,0
62,62,0,1,0,1,0,1
146,146,0,1,0,1,0,1
212,110,102,2,30,1,1,0
70,70,0,1,0,1,0,2
70,70,0,2,7,2,0,0
156805,44621,112184,289,215,137,152,0
5964,1586,4378,19,80,10,9,0
177,94,83,2,30,1,1,0
1396,719,677,15,15,8,7,0
70,70,0,1,0,1,0,2
6331,837,5494,19,28,10,9,0
66,66,0,1,0,1,0,1
66,66,0,1,0,1,0,2
199,102,97,2,30,1,1,0
70,70,0,1,0,1,0,2
70,70,0,1,0,1,0,2
70,70,0,1,0,1,0,2
70,70,0,1,0,1,0,2
66,66,0,1,0,1,0,1
66,66,0,1,0,1,0,1
66,66,0,1,0,1,0,1
2274,924,1350,30,3293,15,15,0
70,70,0,1,0,1,0,2
62,62,0,1,0,1,0,1
60,60,0,1,0,1,0,1
1981,1155,826,19,86,10,9,0
70,70,0,1,0,1,0,2
6004,1688,4316,22,29,13,9,0
66,66,0,1,0,1,0,2
6327,833,5494,19,26,10,9,0
62,62,0,1,0,1,0,1
62,62,0,1,0,1,0,1
3523,1714,1809,17,34,8,9,0
70,70,0,1,0,1,0,2
62,62,0,1,0,1,0,1
70,70,0,1,0,1,0,2
70,70,0,1,0,1,0,2
62,62,0,1,0,1,0,1
16590,1630,14960,33,199,15,18,0
200,102,98,2,31,1,1,0
305,94,211,4,60,2,2,0
2328,1677,651,17,23,9,8,0
70,70,0,1,0,1,0,2
66,66,0,1,0,1,0,2
70,70,0,1,0,1,0,2
130,70,60,2,6,1,1,0
74,74,0,1,0,1,0,1
66,66,0,1,0,1,0,1
66,66,0,1,0,1,0,1
70,70,0,1,0,1,0,2
87927,9680,78247,101,37,40,61,0
70,70,0,1,5,1,0,0
162,102,60,2,5,1,1,0
36713,3193,33520,57,623,23,34,0
70,70,0,2,8,2,0,0
526,304,222,8,35,5,3,0
70,70,0,1,0,1,0,2
66,66,0,1,0,1,0,1
216,110,106,2,31,1,1,0
66,66,0,1,0,1,0,1
1855625,57182,1798443,1981,70,703,1278,0
279,93,186,4,32,2,2,0
168,86,82,2,31,1,1,0
1114,540,574,17,191,10,7,0
70,70,0,1,0,1,0,2
7252,1150,6102,22,199,11,11,0
70,70,0,1,0,1,0,2
1625,1038,587,14,29,8,6,0
70,70,0,1,0,1,0,2
210,102,108,2,30,1,1,0
66,66,0,1,0,1,0,1
70,70,0,1,0,1,0,2
177,94,83,2,30,1,1,0
209,110,99,2,30,1,1,0
13932,3673,10259,26,121,11,15,0
66,66,0,1,0,1,0,1
890,126,764,2,31,1,1,0
633,231,402,6,47,3,3,0
81,81,0,1,0,1,0,1
66,66,0,1,0,1,0,2
62,62,0,1,0,1,0,1
887,126,761,2,31,1,1,0
460,150,310,2,1199,1,1,0
5166,700,4466,16,15,7,9,0
249,102,147,2,30,1,1,0
164,164,0,1,0,1,0,1
424,198,226,7,142,4,3,0
146,146,0,1,0,1,0,1
70,70,0,1,0,1,0,2
70,70,0,1,0,1,0,2
24272,12428,11844,70,213,32,38,0
195,102,93,2,29,1,1,0
438,180,258,6,30,3,3,0
70,70,0,1,0,1,0,2
214,140,74,4,25,3,1,0
231,78,153,2,29,1,1,0
646,358,288,10,133,6,4,0
199,102,97,2,30,1,1,0
6601,1120,5481,17,115,9,8,0
6172,1310,4862,28,468,10,18,0
62,62,0,1,0,1,0,1
70,70,0,1,0,1,0,2
214,110,104,2,30,1,1,0
62,62,0,1,0,1,0,1
62,62,0,1,0,1,0,1
66,66,0,1,0,1,0,2
66,66,0,1,0,1,0,1
177,94,83,2,30,1,1,0
810,108,702,2,31,1,1,0
70,70,0,1,0,1,0,2
146,146,0,1,0,1,0,1
214,110,104,2,29,1,1,0
1778,1219,559,13,27,8,5,0
159,159,0,1,0,1,0,1
177,94,83,2,30,1,1,0
249,102,147,2,29,1,1,0
408922,10621,398301,421,121,145,276,0
146,146,0,1,0,1,0,1
62,62,0,1,0,1,0,1
180,82,98,2,30,1,1,0
70,70,0,1,0,1,0,2
472,150,322,2,1200,1,1,0
70,70,0,1,0,1,0,2
1043,556,487,10,16,6,4,0
66,66,0,1,0,1,0,2
62,62,0,1,0,1,0,1
1717,1247,470,9,15,5,4,0
193,102,91,2,29,1,1,0
70,70,0,1,0,1,0,2
414843,13933,400910,459,136,160,299,0
173,94,79,2,30,1,1,0
70,70,0,1,0,1,0,2
172,94,78,2,29,1,1,0
66,66,0,1,0,1,0,2
232,71,161,2,31,1,1,0
289,97,192,4,45,2,2,0
178,94,84,2,30,1,1,0
738,86,652,2,30,1,1,0
8185,1381,6804,22,831,11,11,0
841459,41656,799803,1083,141,389,694,0
74,74,0,1,0,1,0,1
60,60,0,1,0,1,0,1
70,70,0,2,8,2,0,0
66,66,0,1,0,1,0,1
711,87,624,2,30,1,1,0
193,102,91,2,30,1,1,0
66,66,0,1,0,1,0,1
816,102,714,2,30,1,1,0
299,103,196,4,53,2,2,0
762,98,664,2,0,1,1,0
914,444,470,14,29,7,7,0
62,62,0,1,0,1,0,1
35270,2782,32488,48,51,22,26,0
4458,1022,3436,16,26,9,7,0
883,126,757,2,31,1,1,0
62,62,0,1,0,1,0,1
70,70,0,1,0,1,0,2
62,62,0,1,0,1,0,1
9316,3279,6037,39,186,20,19,0
316,136,180,6,5,3,3,0
66,66,0,1,0,1,0,2
66,66,0,1,0,1,0,2
20180,2917,17263,35,124,14,21,0
3566,1637,1929,18,81,11,7,0
70,70,0,1,0,1,0,2
166,86,80,2,30,1,1,0
11098,2853,8245,25,33,12,13,0
772,103,669,2,30,1,1,0
60,60,0,1,0,1,0,1
60,60,0,1,0,1,0,1
312,140,172,4,31,2,2,0
7254,1183,6071,19,152,9,10,0
970703,43045,927658,1244,141,563,681,0
66,66,0,1,0,1,0,1
60,60,0,1,0,1,0,1
145,145,0,1,0,1,0,1
146,146,0,1,0,1,0,1
66,66,0,1,0,1,0,2
6957,2330,4627,35,27,17,18,0
70,70,0,1,0,1,0,2
66,66,0,1,0,1,0,2
1210,950,260,2,29,1,1,0
66,66,0,1,0,1,0,1
210,110,100,2,30,1,1,0
66,66,0,1,0,1,0,2
70,70,0,1,0,1,0,2
4749,859,3890,18,30,9,9,0
70,70,0,1,0,1,0,2
7941,1952,5989,20,15,11,9,0
70,70,0,1,0,1,0,1
469,150,319,2,1200,1,1,0
66,66,0,1,0,1,0,2
167,86,81,2,30,1,1,0
70,70,0,1,0,1,0,2
66,66,0,1,0,1,0,2
168,86,82,2,30,1,1,0
66,66,0,1,0,1,0,1
330,94,236,2,30,1,1,0
70,70,0,1,0,1,0,2
5069,4443,626,11,30,6,5,0
70,70,0,1,0,1,0,2
323,150,173,2,1200,1,1,0
305,94,211,2,30,1,1,0
3171,2293,878,17,40,10,7,0
62,62,0,1,0,1,0,1
66,66,0,1,0,1,0,2
228,110,118,2,30,1,1,0
102,102,0,1,0,1,0,1
1868,1374,494,12,15,7,5,0
6989232,188564,6800668,7110,288,2412,4698,0
62,62,0,1,0,1,0,1
4215,620,3595,14,15,7,7,0
70,70,0,1,0,1,0,2
194,102,92,2,31,1,1,0
70,70,0,1,4,1,0,0
70,70,0,1,0,1,0,2
42657,2962,39695,68,38,36,32,0
1658,1344,314,10,15,5,5,0
146,146,0,1,0,1,0,1
62,62,0,1,0,1,0,1
767,102,665,2,30,1,1,0
60,60,0,1,0,1,0,1
66,66,0,1,0,1,0,1
66,66,0,1,0,1,0,1
275,86,189,2,29,1,1,0
215,86,129,2,30,1,1,0
183,94,89,2,30,1,1,0
21684,903,20781,30,41,12,18,0
188,96,92,2,31,1,1,0
66,66,0,1,0,1,0,1
1743,979,764,13,81,7,6,0
62,62,0,1,0,1,0,1
66,66,0,1,0,1,0,2
7646,1024,6622,19,15,11,8,0
197,102,95,2,30,1,1,0
70,70,0,2,8,2,0,0
194,94,100,2,30,1,1,0
300,174,126,5,15,3,2,0
8989,3335,5654,65,152,31,34,0
60,60,0,1,0,1,0,1
70,70,0,1,0,1,0,2
70,70,0,1,0,1,0,2
208,106,102,2,30,1,1,0
7504,2762,4742,35,61,17,18,0
70,70,0,1,0,1,0,2
70,70,0,1,5,1,0,0
380,110,270,2,29,1,1,0
70,70,0,1,0,1,0,2
8619,2288,6331,41,361,16,25,0
11672,5710,5962,60,29,30,30,0
12799,979,11820,20,17,9,11,0
70,70,0,1,0,1,0,2
70,70,0,1,0,1,0,2
174,89,85,2,31,1,1,0
62,62,0,1,0,1,0,1
62,62,0,1,0,1,0,1
237,91,146,2,32,1,1,0
62,62,0,1,0,1,0,1
177,94,83,2,30,1,1,0
193,102,91,2,30,1,1,0
146,146,0,1,0,1,0,1
6150,4180,1970,21,95,13,8,0
70,70,0,1,0,1,0,2
156,156,0,1,0,1,0,1
21750,1903,19847,39,154,20,19,0
166,86,80,2,30,1,1,0
314,192,122,6,25,4,2,0
161,161,0,1,1201,1,0,0
199,102,97,2,30,1,1,0
62,62,0,1,0,1,0,1
14873,8100,6773,36,32,19,17,0
585,192,393,6,54,3,3,0
62,62,0,1,0,1,0,1
62,62,0,1,0,1,0,1
4550611,95139,4455472,4046,217,935,3111,0
504,318,186,8,15,5,3,0
165,86,79,2,30,1,1,0
748,459,289,8,254,5,3,0
1606,823,783,12,121,7,5,0
62,62,0,1,0,1,0,1
70,70,0,1,0,1,0,2
146,146,0,1,0,1,0,1
188,96,92,2,30,1,1,0
66,66,0,1,0,1,0,1
11377,7703,3674,26,161,19,7,0
70,70,0,1,0,1,0,2
66,66,0,1,0,1,0,1
211,102,109,2,30,1,1,0
70,70,0,1,4,1,0,0
70,70,0,1,0,1,0,2
70,70,0,1,0,1,0,2
190,97,93,2,31,1,1,0
499,425,74,4,1,3,1,0
70,70,0,1,0,1,0,2
193,102,91,2,30,1,1,0
10499,2421,8078,28,15,14,14,0
177,94,83,2,29,1,1,0
212,110,102,2,30,1,1,0
66,66,0,1,0,1,0,1
16205,6113,10092,36,110,20,16,0
148,148,0,1,0,1,0,1
62,62,0,1,0,1,0,1
62,62,0,1,0,1,0,1
199,94,105,2,30,1,1,0
164,86,78,2,30,1,1,0
66,66,0,1,0,1,0,1
199,102,97,2,29,1,1,0
62,62,0,1,0,1,0,1
70,70,0,1,0,1,0,2
70,70,0,1,0,1,0,2
62,62,0,1,0,1,0,1
62,62,0,1,0,1,0,1
70,70,0,1,0,1,0,2
70,70,0,1,0,1,0,2
209,110,99,2,29,1,1,0
32082,12801,19281,62,150,25,37,0
216,94,122,2,30,1,1,0
210,110,100,2,30,1,1,0
1702,861,841,19,110,10,9,0
7903,3497,4406,38,72,22,16,0
66,66,0,1,0,1,0,1
7103,2432,4671,18,76,10,8,0
66,66,0,1,0,1,0,1
6947,833,6114,20,54,9,11,0
60,60,0,1,0,1,0,1
3889,1296,2593,11,120,6,5,0
70,70,0,1,0,1,0,2
62796,1961,60835,72,141,26,46,0
66,66,0,1,0,1,0,2
448,246,202,4,1199,2,2,0
204,204,0,3,46,3,0,0
168,86,82,2,30,1,1,0
11995,3850,8145,44,120,23,21,0
6672,2258,4414,19,16,10,9,0
6053,1321,4732,19,980,9,10,0
431,431,0,1,0,1,0,1
3643,1738,1905,17,187,10,7,0
66,66,0,1,0,1,0,1
70,70,0,1,0,1,0,2
230,71,159,2,31,1,1,0
10710,4573,6137,53,3376,31,22,0
216,110,106,2,31,1,1,0
82,82,0,1,30,1,0,0
70,70,0,1,5,1,0,0
350,94,256,2,30,1,1,0
70,70,0,1,0,1,0,2
62,62,0,1,0,1,0,1
70,70,0,1,0,1,0,2
62,62,0,1,0,1,0,1
2052,1187,865,21,76,11,10,0
2404,568,1836,10,75,6,4,0
62,62,0,1,0,1,0,1
199,102,97,2,29,1,1,0
62,62,0,1,0,1,0,1
10392,2789,7603,25,16,13,12,0
6518746,206365,6312381,6886,22,2687,4199,0
184,94,90,2,30,1,1,0
70,70,0,1,0,1,0,2
66,66,0,1,0,1,0,2
318,192,126,6,15,4,2,0
70,70,0,1,0,1,0,2
177,94,83,2,30,1,1,0
1550,728,822,13,47,7,6,0
70,70,0,2,7,2,0,0
60,60,0,1,0,1,0,1
70,70,0,1,0,1,0,2
70,70,0,1,0,1,0,2
70,70,0,1,0,1,0,2
237,91,146,2,33,1,1,0
7298,2661,4637,21,18,11,10,0
219,87,132,2,31,1,1,0
9521,5450,4071,30,120,15,15,0
182,93,89,2,31,1,1,0
159,159,0,1,0,1,0,1
66,66,0,1,0,1,0,1
70,70,0,1,0,1,0,2
146,146,0,1,0,1,0,1
60,60,0,1,0,1,0,1
146,146,0,1,0,1,0,1
62,62,0,1,0,1,0,1
66,66,0,1,0,1,0,1
7626,1676,5950,29,63,10,19,0
70,70,0,1,0,1,0,2
62,62,0,1,0,1,0,1
66,66,0,1,0,1,0,2
70,70,0,1,0,1,0,2
146,146,0,1,0,1,0,1
70,70,0,1,0,1,0,2
24243,17180,7063,52,97,33,19,0
70,70,0,1,0,1,0,2
723,102,621,2,30,1,1,0
8198,1975,6223,24,361,11,13,0
70,70,0,1,0,1,0,2
194,102,92,2,29,1,1,0
238132,13988,224144,317,32,161,156,0
62,62,0,1,0,1,0,1
85,85,0,1,0,1,0,1
198,102,96,2,29,1,1,0
146,146,0,1,0,1,0,1
62,62,0,1,0,1,0,1
70,70,0,1,0,1,0,2
54568,32686,21882,69,161,40,29,0
145,145,0,1,0,1,0,1
70,70,0,2,8,2,0,0
186,95,91,2,30,1,1,0
14038,3554,10484,45,1142,16,29,0
760,97,663,2,30,1,1,0
183,94,89,2,31,1,1,0
199,102,97,2,30,1,1,0
70,70,0,1,0,1,0,2
180,94,86,2,30,1,1,0
62,62,0,1,0,1,0,1
12668,8506,4162,117,3745,74,43,0
43823,7381,36442,84,38,42,42,0
70,70,0,1,0,1,0,2
32907,8900,24007,38,16,16,22,0
101244,15308,85936,165,15,53,112,0
70,70,0,1,0,1,0,2
211,110,101,2,30,1,1,0
62,62,0,1,0,1,0,1
62,62,0,1,0,1,0,1
70,70,0,1,0,1,0,2
380,110,270,2,30,1,1,0
70,70,0,1,0,1,0,2
9354,2370,6984,24,16,13,11,0
190,70,120,4,15,2,2,0
426,240,186,8,25,5,3,0
66,66,0,1,5,1,0,0
66,66,0,1,0,1,0,1
2881,1001,1880,12,52,7,5,0
107,107,0,1,0,1,0,1
62,62,0,1,0,1,0,1
3482,1985,1497,21,17,10,11,0
66,66,0,1,0,1,0,1
316,136,180,6,7,3,3,0
157,157,0,1,0,1,0,1
60,60,0,1,0,1,0,1
2424,1110,1314,11,78,7,4,0
66,66,0,1,0,1,0,1
70,70,0,1,0,1,0,2
320,140,180,6,6,3,3,0
193,102,91,2,29,1,1,0
62,62,0,1,0,1,0,1
199,102,97,2,30,1,1,0
66,66,0,1,0,1,0,1
70,70,0,2,7,2,0,0
70,70,0,1,0,1,0,2
11490,3671,7819,33,93,18,15,0
70,70,0,1,0,1,0,2
70,70,0,1,0,1,0,2
66,66,0,1,0,1,0,2
220,90,130,2,30,1,1,0
209,110,99,2,30,1,1,0
70,70,0,1,0,1,0,2
62,62,0,1,0,1,0,1
70,70,0,1,0,1,0,2
481,150,331,2,1199,1,1,0
1015,572,443,11,142,6,5,0
88,88,0,1,0,1,0,1
9535,1246,8289,29,77,15,14,0
66,66,0,1,0,1,0,1
177,94,83,2,29,1,1,0
257,110,147,2,30,1,1,0
66,66,0,1,0,1,0,1
62,62,0,1,0,1,0,1
70,70,0,1,0,1,0,2
62,62,0,1,0,1,0,1
70,70,0,2,8,2,0,0
62,62,0,1,0,1,0,1
181,94,87,2,31,1,1,0
257,126,131,2,30,1,1,0
11659,1027,10632,25,29,11,14,0
751,94,657,2,29,1,1,0
225,94,131,2,30,1,1,0
139,139,0,1,0,1,0,1
384,166,218,2,30,1,1,0
62,62,0,1,0,1,0,1
198,101,97,2,30,1,1,0
70,70,0,1,0,1,0,2
168,78,90,2,30,1,1,0
66,66,0,1,0,1,0,2
1798,1223,575,13,28,8,5,0
318,192,126,6,25,4,2,0
62,62,0,1,0,1,0,1
7653,1188,6465,21,16,12,9,0
766,102,664,2,29,1,1,0
7871,5455,2416,24,18,13,11,0
70,70,0,1,5,1,0,0
747,93,654,2,30,1,1,0
70,70,0,1,0,1,0,2
70,70,0,1,0,1,0,2
66,66,0,1,0,1,0,2
9440,9440,0,11,30,11,0,0
66,66,0,1,0,1,0,1
1630,918,712,12,17,7,5,0
62,62,0,1,0,1,0,1
62,62,0,1,0,1,0,1
1588,817,771,20,121,10,10,0
177,94,83,2,31,1,1,0
82,82,0,1,0,1,0,1
395,102,293,2,30,1,1,0
385,134,251,2,30,1,1,0
227,102,125,2,29,1,1,0
202,103,99,2,31,1,1,0
60,60,0,1,0,1,0,1
216,110,106,2,30,1,1,0
66,66,0,1,0,1,0,1
283,97,186,4,30,2,2,0
19225,817,18408,29,15,13,16,0
66,66,0,1,0,1,0,2
70,70,0,1,0,1,0,2
70,70,0,1,0,1,0,2
753,96,657,2,30,1,1,0
4562,3936,626,11,28,6,5,0
70,70,0,1,0,1,0,2
184,94,90,2,31,1,1,0
146,146,0,1,0,1,0,1
70,70,0,1,0,1,0,2
1000,557,443,11,141,6,5,0
70,70,0,1,0,1,0,2
14349,1038,13311,26,20,13,13,0
177,94,83,2,30,1,1,0
1195,763,432,10,32,6,4,0
450,246,204,8,25,5,3,0
62,62,0,1,0,1,0,1
66,66,0,1,0,1,0,1
60,60,0,1,0,1,0,1
476,216,260,2,30,1,1,0
9483,767,8716,18,14,10,8,0
198,102,96,2,30,1,1,0
66,66,0,1,0,1,0,2
9588,4478,5110,28,21,16,12,0
2118,858,1260,28,1267,14,14,0
409,107,302,4,30,2,2,0
74,74,0,1,0,1,0,1
12391,6068,6323,52,133,24,28,0
170,87,83,2,31,1,1,0
66,66,0,1,0,1,0,1
280,94,186,2,30,1,1,0
66,66,0,1,0,1,0,1
403,142,261,2,30,1,1,0
70,70,0,1,0,1,0,2
203299,6930,196369,231,16,92,139,0
146,146,0,1,0,1,0,1
66,66,0,1,0,1,0,1
56191,3435,52756,81,271,37,44,0
70,70,0,2,7,2,0,0
653,86,567,4,46,2,2,0
253,87,166,4,44,2,2,0
62,62,0,1,0,1,0,1
66,66,0,1,0,1,0,1
231,110,121,2,30,1,1,0
166,86,80,2,29,1,1,0
9294,2728,6566,43,113,22,21,0
4636,792,3844,16,15,8,8,0
2668,1950,718,16,7827,14,2,0
775,103,672,2,31,1,1,0
3667,1654,2013,20,189,11,9,0
66,66,0,1,0,1,0,1
66,66,0,1,0,1,0,1
70,70,0,1,0,1,0,2
198,86,112,2,30,1,1,0
83,83,0,1,0,1,0,1
199,102,97,2,30,1,1,0
66,66,0,1,0,1,0,2
178,94,84,2,29,1,1,0
138,70,68,2,30,1,1,0
180,94,86,2,30,1,1,0
62,62,0,1,0,1,0,1
70,70,0,1,0,1,0,2
62,62,0,1,0,1,0,1
30645,2719,27926,60,153,25,35,0
164,84,80,2,31,1,1,0
25643,2181,23462,44,363,18,26,0
193,102,91,2,29,1,1,0
66,66,0,1,0,1,0,1
134,60,74,3,4,2,1,0
438,89,349,4,60,2,2,0
66,66,0,1,0,1,0,2
74,74,0,1,0,1,0,1
1942,1281,661,22,228,16,6,0
26960,13206,13754,53,17,28,25,0
546,180,366,10,28,4,6,0
62,62,0,1,0,1,0,1
285,103,182,4,44,2,2,0
70,70,0,1,0,1,0,2
62,62,0,1,0,1,0,1
184,94,90,2,30,1,1,0
195,102,93,2,31,1,1,0
20612,7872,12740,57,643,21,36,0
131,131,0,1,0,1,0,1
70,70,0,2,8,2,0,0
190,97,93,2,31,1,1,0
70,70,0,1,0,1,0,2
217,87,130,2,30,1,1,0
199,94,105,2,30,1,1,0
199,102,97,2,30,1,1,0
193,102,91,2,30,1,1,0
70,70,0,1,0,1,0,2
1786,172,1614,7,120,3,4,0
9157,2109,7048,27,32,15,12,0
18284,2468,15816,42,26,22,20,0
60,60,0,1,0,1,0,1
183,94,89,2,30,1,1,0
60,60,0,1,0,1,0,1
214,82,132,2,33,1,1,0
78,78,0,1,0,1,0,1
62,62,0,1,0,1,0,1
159,159,0,1,0,1,0,1
178,94,84,2,31,1,1,0
66,66,0,1,0,1,0,1
60,60,0,1,0,1,0,1
196,94,102,2,30,1,1,0
70,70,0,1,0,1,0,2
199,102,97,2,31,1,1,0
130,70,60,2,6,1,1,0
199,94,105,2,30,1,1,0
1335,87,1248,4,38,2,2,0
7151,1943,5208,30,25,17,13,0
246,120,126,5,32,3,2,0
70,70,0,1,0,1,0,2
869,126,743,2,30,1,1,0
177,94,83,2,30,1,1,0
150,150,0,1,1199,1,0,0
6292,2375,3917,35,20,19,16,0
66,66,0,1,0,1,0,1
36393,27741,8652,147,210,76,71,0
184,94,90,2,29,1,1,0
70,70,0,1,0,1,0,2
193,102,91,2,31,1,1,0
164,78,86,2,31,1,1,0
232,172,60,3,5,2,1,0
70,70,0,1,0,1,0,2
102,102,0,1,60,1,0,0
66,66,0,1,0,1,0,2
66,66,0,1,0,1,0,2
422,164,258,6,30,3,3,0
194,128,66,4,25,3,1,0
1327,918,409,10,26,6,4,0
183,94,89,2,30,1,1,0
70,70,0,1,0,1,0,2
60,60,0,1,0,1,0,1
7272,930,6342,19,75,9,10,0
196,102,94,2,30,1,1,0
70,70,0,1,0,1,0,2
195,102,93,2,30,1,1,0
66,66,0,1,0,1,0,1
70,70,0,1,0,1,0,2
62,62,0,1,0,1,0,1
62,62,0,1,0,1,0,1
62,62,0,1,0,1,0,1
8490,2953,5537,27,569,15,12,0
6359,4441,1918,33,80,17,16,0
70,70,0,1,0,1,0,2
181,94,87,2,32,1,1,0
66,66,0,1,0,1,0,1
184,94,90,2,30,1,1,0
70,70,0,1,0,1,0,2
60,60,0,1,0,1,0,1
200,102,98,2,30,1,1,0
2259,1068,1191,12,31,8,4,0
161,161,0,2,1200,2,0,0
4350,2061,2289,18,47,10,8,0
70,70,0,1,5,1,0,0
146,146,0,1,0,1,0,1
70,70,0,1,0,1,0,2
1495,768,727,16,26,9,7,0
93693,4469,89224,115,24,53,62,0
199,102,97,2,29,1,1,0
21275,16156,5119,41,22,23,18,0
66,66,0,1,0,1,0,1
4658,1751,2907,19,30,11,8,0
6300,1427,4873,20,141,9,11,0
66,66,0,1,0,1,0,2
66,66,0,1,0,1,0,1
199,102,97,2,30,1,1,0
316,136,180,6,6,3,3,0
235,90,145,2,33,1,1,0
177,94,83,2,30,1,1,0
4871,923,3948,19,360,10,9,0
481,150,331,2,1200,1,1,0
4179,2599,1580,27,75,13,14,0
245,102,143,2,30,1,1,0
66,66,0,1,0,1,0,2
2078,726,1352,10,15,5,5,0
263,102,161,2,29,1,1,0
62,62,0,1,0,1,0,1
66,66,0,1,0,1,0,1
62,62,0,1,0,1,0,1
66,66,0,1,0,1,0,2
244,94,150,2,29,1,1,0
699,204,495,6,57,3,3,0
177,94,83,2,30,1,1,0
66,66,0,1,0,1,0,1
166,86,80,2,29,1,1,0
66,66,0,2,8,2,0,0
422,164,258,6,30,3,3,0
212,102,110,2,30,1,1,0
244,94,150,2,30,1,1,0
177,94,83,2,30,1,1,0
336,93,243,4,33,2,2,0
2328,1429,899,18,33,10,8,0
66,66,0,1,0,1,0,1
66,66,0,1,0,1,0,2
70,70,0,1,0,1,0,2
70,70,0,1,0,1,0,2
177,94,83,2,29,1,1,0
62,62,0,1,0,1,0,1
17411,8921,8490,98,291,41,57,0
195,102,93,2,31,1,1,0
146,75,71,2,31,1,1,0
200,102,98,2,31,1,1,0
294,118,176,2,29,1,1,0
170,87,83,2,30,1,1,0
66,66,0,1,0,1,0,1
70,70,0,1,0,1,0,2
4353,687,3666,14,25,8,6,0
66,66,0,1,0,1,0,1
774,101,673,2,30,1,1,0
70,70,0,1,0,1,0,2
215,94,121,2,30,1,1,0
70,70,0,1,0,1,0,2
556,256,300,10,30,5,5,0
66,66,0,1,0,1,0,2
62,62,0,1,0,1,0,1
338,118,220,2,29,1,1,0
199,102,97,2,30,1,1,0
199,102,97,2,30,1,1,0
170,87,83,2,30,1,1,0
70,70,0,1,0,1,0,2
66,66,0,1,0,1,0,1
72600,58760,13840,186,1232,107,79,0
66,66,0,1,0,1,0,1
62,62,0,1,5,1,0,0
146,146,0,1,0,1,0,1
22048,16451,5597,47,18,21,26,0
70,70,0,1,0,1,0,2
177,94,83,2,30,1,1,0
62,62,0,1,0,1,0,1
70,70,0,1,0,1,0,2
70,70,0,1,0,1,0,2
70,70,0,1,0,1,0,2
242,120,122,5,31,3,2,0
1052,612,440,10,15,5,5,0
66,66,0,1,0,1,0,2
70,70,0,1,0,1,0,2
70,70,0,1,0,1,0,2
748,95,653,2,30,1,1,0
969,86,883,2,29,1,1,0
60,60,0,1,0,1,0,1
54515,20774,33741,167,36,88,79,0
70,70,0,1,4,1,0,0
1083,653,430,8,16,5,3,0
66,66,0,1,0,1,0,1
145,145,0,1,0,1,0,1
822,466,356,3,30,2,1,0
70,70,0,1,0,1,0,2
752,93,659,2,30,1,1,0
182,93,89,2,31,1,1,0
8248,3445,4803,57,38,26,31,0
70,70,0,1,4,1,0,0
70,70,0,1,0,1,0,2
70,70,0,1,5,1,0,0
5315,2861,2454,16,135,8,8,0
190,97,93,2,31,1,1,0
66,66,0,1,0,1,0,2
145,145,0,1,0,1,0,1
138,78,60,2,6,1,1,0
66,66,0,1,0,1,0,1
150,150,0,1,1201,1,0,0
62,62,0,1,0,1,0,1
146,146,0,1,0,1,0,1
389,102,287,4,33,2,2,0
193,94,99,2,31,1,1,0
62,62,0,1,0,1,0,1
499,425,74,4,0,3,1,0
66,66,0,1,0,1,0,1
214,94,120,2,31,1,1,0
146,146,0,1,0,1,0,1
66,66,0,1,0,1,0,2
4259,1114,3145,12,18,8,4,0
278,126,152,2,30,1,1,0
66,66,0,1,0,1,0,1
66,66,0,1,0,1,0,1
70,70,0,1,0,1,0,2
63040,3063,59977,78,129,30,48,0
70,70,0,1,0,1,0,2
62,62,0,1,0,1,0,1
82,82,0,1,30,1,0,0
463,87,376,4,38,2,2,0
70,70,0,1,4,1,0,0
62,62,0,1,0,1,0,1
70,70,0,1,0,1,0,2
399086,26649,372437,488,462,156,332,0
4378,1471,2907,19,25,11,8,0
66,66,0,1,5,1,0,0
62,62,0,1,0,1,0,1
145,145,0,1,0,1,0,1
70,70,0,1,0,1,0,2
66,66,0,1,0,1,0,2
168,78,90,2,30,1,1,0
23467,16522,6945,51,161,29,22,0
70,70,0,1,0,1,0,2
8867,3511,5356,20,120,9,11,0
60,60,0,1,0,1,0,1
66,66,0,1,0,1,0,1
7254,838,6416,27,290,9,18,0
3562,1995,1567,16,15,9,7,0
9824,1839,7985,27,172,13,14,0
1272,633,639,9,150,5,4,0
62,62,0,1,0,1,0,1
66,66,0,1,0,1,0,1
194,99,95,2,31,1,1,0
13825,1203,12622,22,29,9,13,0
146,146,0,1,0,1,0,1
60,60,0,1,0,1,0,1
98,98,0,1,0,1,0,1
3874,2470,1404,17,15,9,8,0
7912,2739,5173,26,516,14,12,0
70,70,0,1,0,1,0,2
150,150,0,1,1199,1,0,0
70,70,0,1,0,1,0,2
182,73,109,2,30,1,1,0
66,66,0,1,0,1,0,2
66,66,0,1,0,1,0,2
774,774,0,1,0,1,0,1
1576,973,603,14,28,7,7,0
62,62,0,1,0,1,0,1
168,86,82,2,30,1,1,0
145,145,0,1,0,1,0,1
70,70,0,1,0,1,0,2
66,66,0,1,0,1,0,2
62,62,0,1,0,1,0,1
60,60,0,1,0,1,0,1
389,126,263,2,30,1,1,0
145,145,0,1,0,1,0,1
18579,9266,9313,49,198,25,24,0
181,86,95,2,30,1,1,0
66,66,0,1,5,1,0,0
66,66,0,1,5,1,0,0
164,84,80,2,31,1,1,0
70,70,0,1,0,1,0,2
732,86,646,2,30,1,1,0
199,102,97,2,30,1,1,0
4833,2196,2637,13,120,7,6,0
66,66,0,1,0,1,0,2
255,86,169,2,30,1,1,0
492,306,186,8,15,5,3,0
258,78,180,2,29,1,1,0
70,70,0,1,0,1,0,2
60,60,0,1,0,1,0,1
70,70,0,1,0,1,0,2
66,66,0,1,0,1,0,2
199,94,105,2,30,1,1,0
254,128,126,5,15,3,2,0
490,149,341,2,1200,1,1,0
66,66,0,1,0,1,0,2
4728691,2246710,2481981,40252,1121,19716,20536,0
70,70,0,1,0,1,0,2
70,70,0,1,0,1,0,2
184,102,82,2,30,1,1,0
38667,3344,35323,56,210,24,32,0
14427,4574,9853,34,61,18,16,0
416,210,206,7,26,4,3,0
64437,2630,61807,64,31,18,46,0
759,102,657,2,31,1,1,0
62,62,0,1,0,1,0,1
70,70,0,1,0,1,0,2
4347,1440,2907,19,26,11,8,0
10912,6095,4817,28,17,15,13,0
8451,2698,5753,21,129,9,12,0
66,66,0,1,0,1,0,1
314,192,122,6,15,4,2,0
86,86,0,1,30,1,0,0
903,482,421,10,360,5,5,0
172,94,78,2,29,1,1,0
18773,1492,17281,38,94,11,27,0
62,62,0,1,0,1,0,1
66,66,0,2,7,2,0,0
9532,745,8787,18,113,9,9,0
12863,8410,4453,22,31,13,9,0
70,70,0,1,0,1,0,2
320,320,0,5,0,5,0,0
2910,1439,1471,12,31,7,5,0
7201,3870,3331,33,315,17,16,0
7308,864,6444,26,394,9,17,0
70,70,0,1,0,1,0,2
224,94,130,2,29,1,1,0
1320606,47731,1272875,1454,294,552,902,0
208,86,122,2,30,1,1,0
70,70,0,1,0,1,0,2
62,62,0,1,0,1,0,1
66,66,0,1,0,1,0,1
165,105,60,2,5,1,1,0
66,66,0,1,0,1,0,1
158704,5074,153630,184,34,69,115,0
66,66,0,1,0,1,0,2
70,70,0,1,0,1,0,2
458,188,270,6,31,3,3,0
143,143,0,1,0,1,0,1
184,94,90,2,31,1,1,0
66,66,0,1,0,1,0,2
70,70,0,1,0,1,0,2
340,96,244,4,35,2,2,0
66,66,0,1,0,1,0,1
66,66,0,1,0,1,0,1
70,70,0,1,0,1,0,2
62,62,0,1,0,1,0,1
70,70,0,1,0,1,0,2
1654,126,1528,4,31,2,2,0
210,110,100,2,30,1,1,0
23292,17154,6138,141,522,79,62,0
6444,1320,5124,31,727,10,21,0
302,120,182,6,32,3,3,0
70,70,0,1,0,1,0,2
150554,18764,131790,192,117,95,97,0
146,146,0,1,0,1,0,1
70,70,0,1,0,1,0,2
334,70,264,5,17,1,4,0
62,62,0,1,0,1,0,1
78740,40216,38524,126,42,66,60,0
70,70,0,1,0,1,0,2
312,93,219,4,37,2,2,0
66,66,0,1,0,1,0,2
70,70,0,1,5,1,0,0
214,110,104,2,30,1,1,0
62,62,0,1,0,1,0,1
1518,954,564,14,320,8,6,0
7578,4652,2926,49,323,30,19,0
70,70,0,1,0,1,0,2
70,70,0,1,0,1,0,2
62,62,0,1,0,1,0,1
15967,3046,12921,39,173,15,24,0
70,70,0,2,7,2,0,0
2233,1237,996,18,75,9,9,0
70,70,0,1,0,1,0,2
8690,4119,4571,26,31,14,12,0
194,94,100,2,30,1,1,0
168,78,90,2,30,1,1,0
192,98,94,2,31,1,1,0
20423,4091,16332,33,122,15,18,0
60,60,0,1,0,1,0,1
182,93,89,2,31,1,1,0
66,66,0,1,0,1,0,2
66,66,0,1,0,1,0,1
66,66,0,1,0,1,0,2
194,102,92,2,33,1,1,0
66,66,0,1,0,1,0,1
66,66,0,1,0,1,0,1
70,70,0,1,0,1,0,2
60,60,0,1,0,1,0,1
74,74,0,1,0,1,0,1
70,70,0,2,8,2,0,0
366,240,126,7,28,5,2,0
5022,1422,3600,16,135,8,8,0
70,70,0,1,0,1,0,2
66,66,0,1,0,1,0,2
11446,4102,7344,32,20,16,16,0
62,62,0,1,0,1,0,1
66,66,0,1,0,1,0,1
70,70,0,1,0,1,0,2
62,62,0,1,0,1,0,1
184,94,90,2,31,1,1,0
422,164,258,6,30,3,3,0
66,66,0,1,0,1,0,2
62,62,0,1,0,1,0,1
66,66,0,1,0,1,0,2
62,62,0,1,0,1,0,1
3528,1162,2366,10,120,5,5,0
312,192,120,6,37,4,2,0
1833,991,842,14,224,7,7,0
26161,3618,22543,80,119,31,49,0
7839,2697,5142,21,137,10,11,0
198,93,105,2,30,1,1,0
878,126,752,2,31,1,1,0
3649288,78688,3570600,2923,179,528,2395,0
1707,1007,700,11,21,6,5,0
184,94,90,2,30,1,1,0
70,70,0,2,6,2,0,0
62,62,0,1,0,1,0,1
229,102,127,2,30,1,1,0
226,102,124,2,30,1,1,0
66,66,0,1,0,1,0,1
66,66,0,1,0,1,0,2
2614,1689,925,18,21,10,8,0
145,145,0,1,0,1,0,1
3862,2679,1183,28,46,15,13,0
8708,3949,4759,22,21,11,11,0
60,60,0,1,0,1,0,1
146,146,0,1,0,1,0,1
195,94,101,2,30,1,1,0
7572,3232,4340,42,140,23,19,0
146,146,0,1,0,1,0,1
994,86,908,2,30,1,1,0
66,66,0,1,0,1,0,1
66,66,0,1,0,1,0,2
6250,1595,4655,23,150,12,11,0
226,102,124,2,30,1,1,0
18490,7811,10679,47,81,27,20,0
9551,2173,7378,33,27,17,16,0
1298,473,825,16,392,5,11,0
66,66,0,1,0,1,0,2
13974043,173337,13800706,11715,134,2429,9286,0
60,60,0,1,0,1,0,1
70,70,0,1,0,1,0,2
62,62,0,1,0,1,0,1
164,78,86,2,31,1,1,0
193,102,91,2,30,1,1,0
2110,1066,1044,12,15,7,5,0
70,70,0,1,0,1,0,2
4694,2454,2240,14,135,7,7,0
66,66,0,1,0,1,0,2
164,78,86,2,31,1,1,0
199,102,97,2,30,1,1,0
212,108,104,2,31,1,1,0
958865,18695,940170,908,16,266,642,0
234,94,140,2,29,1,1,0
177,94,83,2,30,1,1,0
755,94,661,2,30,1,1,0
62,62,0,1,0,1,0,1
70,70,0,1,0,1,0,2
66,66,0,1,0,1,0,1
183,94,89,2,30,1,1,0
167,86,81,2,30,1,1,0
70,70,0,1,0,1,0,2
356,170,186,6,53,3,3,0
751,95,656,2,31,1,1,0
15109,5866,9243,71,362,29,42,0
66,66,0,1,0,1,0,1
66,66,0,1,0,1,0,1
66,66,0,1,0,1,0,1
60,60,0,1,0,1,0,1
70,70,0,1,0,1,0,2
70,70,0,1,0,1,0,2
79107,10743,68364,96,172,42,54,0
312,78,234,2,30,1,1,0
95298,61941,33357,182,929,95,87,0
66,66,0,1,0,1,0,2
130,70,60,2,15,1,1,0
424,198,226,7,142,4,3,0
167,78,89,2,31,1,1,0
124,60,64,2,5,1,1,0
7941,5160,2781,25,17,13,12,0
70,70,0,1,0,1,0,2
32966,3481,29485,49,80,21,28,0
66,66,0,1,0,1,0,2
177,94,83,2,30,1,1,0
70,70,0,1,0,1,0,2
62,62,0,1,0,1,0,1
62,62,0,1,0,1,0,1
9172,3518,5654,39,103,21,18,0
183,94,89,2,30,1,1,0
139,139,0,1,0,1,0,3
62,62,0,1,0,1,0,1
62,62,0,1,0,1,0,1
6420,677,5743,13,151,6,7,0
491,150,341,2,1200,1,1,0
70,70,0,1,0,1,0,2
66,66,0,1,0,1,0,2
323,107,216,4,38,2,2,0
256,93,163,2,31,1,1,0
504,318,186,8,15,5,3,0
70,70,0,1,0,1,0,2
3448,1612,1836,31,36,17,14,0
212,102,110,2,30,1,1,0
66,66,0,1,0,1,0,2
1529,677,852,11,89,6,5,0
179,94,85,2,30,1,1,0
62,62,0,1,0,1,0,1
146,146,0,1,0,1,0,1
66,66,0,1,0,1,0,2
62,62,0,1,0,1,0,1
1450,761,689,14,15,8,6,0
812,440,372,14,25,8,6,0
193,102,91,2,30,1,1,0
280,96,184,4,34,2,2,0
19070,4830,14240,33,18,18,15,0
66,66,0,1,0,1,0,2
66,66,0,2,7,2,0,0
9814,2331,7483,38,255,19,19,0
200,102,98,2,33,1,1,0
66,66,0,1,0,1,0,2
70,70,0,2,7,2,0,0
1188,567,621,6,31,3,3,0
66,66,0,1,0,1,0,2
5759,1904,3855,19,15,11,8,0
62,62,0,1,0,1,0,1
3240,1194,2046,14,20,9,5,0
318,192,126,6,42,4,2,0
70,70,0,1,0,1,0,2
62,62,0,1,0,1,0,1
70,70,0,1,0,1,0,2
14511,4628,9883,29,559,15,14,0
70,70,0,1,0,1,0,2
66,66,0,1,0,1,0,2
2537,783,1754,13,20,7,6,0
185,102,83,2,30,1,1,0
718,94,624,2,29,1,1,0
22970,12439,10531,61,98,32,29,0
630,630,0,10,217,10,0,0
148,148,0,1,0,1,0,1
102,102,0,1,30,1,0,0
70,70,0,1,0,1,0,2
314,192,122,6,26,4,2,0
4628,1035,3593,19,25,11,8,0
70,70,0,1,0,1,0,2
139,139,0,1,0,1,0,1
60,60,0,1,0,1,0,1
66,66,0,1,0,1,0,1
62,62,0,1,0,1,0,1
7480,1122,6358,27,257,13,14,0
70,70,0,1,0,1,0,2
407,261,146,3,32,2,1,0
11367,9355,2012,32,395,13,19,0
186,95,91,2,31,1,1,0
109010,37307,71703,152,895,62,90,0
6817,3598,3219,32,143,15,17,0
473832,22822,451010,464,109,139,325,0
70,70,0,2,7,2,0,0
5049,4344,705,11,30,6,5,0
66,66,0,1,0,1,0,2
62,62,0,1,0,1,0,1
195,102,93,2,30,1,1,0
274,132,142,5,76,3,2,0
162,162,0,1,0,1,0,1
199,102,97,2,30,1,1,0
60,60,0,1,0,1,0,1
70,70,0,1,0,1,0,2
150,150,0,1,1201,1,0,0
62,62,0,1,0,1,0,1
70,70,0,1,0,1,0,2
183,94,89,2,31,1,1,0
70,70,0,1,0,1,0,2
70,70,0,1,5,1,0,0
70,70,0,1,0,1,0,2
183,94,89,2,31,1,1,0
70,70,0,1,5,1,0,0
66,66,0,1,0,1,0,1
159,159,0,1,0,1,0,1
66,66,0,1,0,1,0,1
340,140,200,6,25,3,3,0
196,102,94,2,29,1,1,0
6371,848,5523,20,16,11,9,0
378,127,251,2,30,1,1,0
70,70,0,1,0,1,0,2
5829,1408,4421,21,188,11,10,0
1473,988,485,12,25,7,5,0
70,70,0,1,0,1,0,2
197,76,121,2,30,1,1,0
62,62,0,1,0,1,0,1
428,78,350,2,31,1,1,0
190,97,93,2,30,1,1,0
1052,612,440,10,15,5,5,0
62,62,0,1,0,1,0,1
70,70,0,1,0,1,0,2
70,70,0,1,0,1,0,2
183,94,89,2,30,1,1,0
70,70,0,1,0,1,0,2
66,66,0,1,0,1,0,2
62,62,0,1,0,1,0,1
13568,2119,11449,35,316,17,18,0
62,62,0,1,0,1,0,1
71,71,0,1,30,1,0,0
226,78,148,2,29,1,1,0
66,66,0,1,0,1,0,1
2697,1520,1177,21,182,10,11,0
70,70,0,1,0,1,0,2
66,66,0,1,0,1,0,2
3379,2111,1268,19,15,10,9,0
196,102,94,2,30,1,1,0
3726,688,3038,14,119,7,7,0
60,60,0,1,0,1,0,1
66,66,0,1,0,1,0,1
1346200,44765,1301435,1428,128,479,949,0
146,146,0,1,0,1,0,1
4640,1416,3224,18,121,9,9,0
62,62,0,1,0,1,0,1
66,66,0,1,0,1,0,2
66,66,0,1,0,1,0,2
70,70,0,2,8,2,0,0
198,101,97,2,30,1,1,0
416,210,206,7,26,4,3,0
66,66,0,1,0,1,0,1
172548,4355,168193,172,148,53,119,0
196,102,94,2,30,1,1,0
70,70,0,1,0,1,0,2
166,86,80,2,30,1,1,0
181,94,87,2,33,1,1,0
200,102,98,2,30,1,1,0
66,66,0,1,0,1,0,1
78,78,0,1,4,1,0,0
66,66,0,1,0,1,0,1
9222,3148,6074,26,91,14,12,0
70,70,0,1,0,1,0,2
70,70,0,1,0,1,0,2
70,70,0,1,0,1,0,2
229,102,127,2,30,1,1,0
66,66,0,1,0,1,0,2
10924,548,10376,17,48,6,11,0
167,86,81,2,30,1,1,0
723,102,621,2,30,1,1,0
66,66,0,1,0,1,0,2
4051,2618,1433,21,23,13,8,0
188529,10173,178356,248,256,93,155,0
183,94,89,2,31,1,1,0
146,146,0,1,0,1,0,1
66,66,0,1,0,1,0,1
3356,2158,1198,21,82,11,10,0
199,102,97,2,30,1,1,0
177,94,83,2,31,1,1,0
12026,3494,8532,28,82,14,14,0
186117,12962,173155,249,143,83,166,0
180388,3938,176450,145,161,20,125,0
70,70,0,1,5,1,0,0
62,62,0,1,0,1,0,1
3518,1780,1738,12,20,7,5,0
66,66,0,1,0,1,0,1
62,62,0,1,0,1,0,1
711,87,624,2,30,1,1,0
422,240,182,8,26,5,3,0
16232,3319,12913,23,124,9,14,0
178,94,84,2,30,1,1,0
66,66,0,1,0,1,0,2
199,94,105,2,30,1,1,0
760,97,663,2,31,1,1,0
6504,3994,2510,26,47,14,12,0
156,156,0,3,8,3,0,0
181,94,87,2,33,1,1,0
1275,300,975,6,1200,3,3,0
66,66,0,1,0,1,0,2
212,108,104,2,30,1,1,0
3182,1568,1614,8,120,4,4,0
66,66,0,1,0,1,0,1
5157,2180,2977,21,16,12,9,0
356,118,238,2,30,1,1,0
60,60,0,1,0,1,0,1
1288,1288,0,1,0,1,0,1
70,70,0,1,0,1,0,2
184,94,90,2,30,1,1,0
512213,34626,477587,741,147,283,458,0
62,62,0,1,0,1,0,1
323,110,213,2,29,1,1,0
66,66,0,1,0,1,0,1
197,76,121,2,30,1,1,0
66,66,0,1,0,1,0,1
167,86,81,2,30,1,1,0
70,70,0,2,8,2,0,0
1188,463,725,8,15,5,3,0
177,94,83,2,30,1,1,0
164,86,78,2,31,1,1,0
193,102,91,2,31,1,1,0
146,146,0,1,0,1,0,1
8417,1173,7244,18,86,9,9,0
2514,1249,1265,19,76,9,10,0
156,156,0,3,7,3,0,0
66,66,0,1,0,1,0,1
11627,4670,6957,37,155,16,21,0
146,146,0,1,0,1,0,1
6260,696,5564,17,16,9,8,0
27204,15677,11527,59,62,30,29,0
70,70,0,1,0,1,0,2
145,145,0,1,0,1,0,1
184,94,90,2,29,1,1,0
66,66,0,1,0,1,0,1
70,70,0,1,0,1,0,2
60,60,0,1,0,1,0,1
70,70,0,1,0,1,0,2
130,70,60,2,15,1,1,0
70,70,0,2,8,2,0,0
193,102,91,2,30,1,1,0
499,425,74,4,0,3,1,0
62,62,0,1,0,1,0,1
28206,2737,25469,45,323,18,27,0
170665,9296,161369,227,116,102,125,0
15336,2803,12533,47,202,24,23,0
270,110,160,2,30,1,1,0
62,62,0,1,0,1,0,1
1165239,13055,1152184,977,149,193,784,0
66,66,0,1,0,1,0,1
4179,1480,2699,18,124,9,9,0
66,66,0,1,0,1,0,1
204,70,134,4,26,2,2,0
177,94,83,2,30,1,1,0
168,86,82,3,50,2,1,0
103112,8212,94900,165,55,80,85,0
66,66,0,1,0,1,0,1
7870,1881,5989,20,15,11,9,0
178,94,84,2,30,1,1,0
70,70,0,1,0,1,0,2
167,167,0,1,0,1,0,1
70,70,0,1,0,1,0,2
9584,1871,7713,28,106,14,14,0
184,94,90,2,30,1,1,0
701,88,613,2,30,1,1,0
62,62,0,1,0,1,0,1
177,94,83,2,30,1,1,0
70,70,0,1,0,1,0,2
66,66,0,1,0,1,0,1
66,66,0,1,0,1,0,2
184,94,90,2,30,1,1,0
66,66,0,1,0,1,0,1
214,140,74,4,35,3,1,0
7502,3168,4334,41,140,22,19,0
70,70,0,2,8,2,0,0
726,85,641,2,31,1,1,0
458,188,270,6,29,3,3,0
196,102,94,2,31,1,1,0
360050,17258,342792,432,68,185,247,0
62,62,0,1,0,1,0,1
70,70,0,1,5,1,0,0
268,84,184,4,42,2,2,0
3335,2314,1021,19,38,11,8,0
66,66,0,1,0,1,0,2
199,102,97,2,30,1,1,0
62,62,0,1,0,1,0,1
23215,18990,4225,44,405,24,20,0
70,70,0,1,0,1,0,2
9133,1055,8078,17,151,8,9,0
66,66,0,1,0,1,0,2
164,78,86,2,30,1,1,0
5916,1774,4142,25,15,14,11,0
45314943,1391230,43923713,47149,303,15196,31953,0
62,62,0,1,0,1,0,1
62,62,0,1,0,1,0,1
62,62,0,1,0,1,0,1
146,146,0,1,0,1,0,1
3691281,56325,3634956,3201,138,570,2631,0
318,192,126,6,41,4,2,0
216,102,114,2,30,1,1,0
8059,2039,6020,20,15,11,9,0
66,66,0,1,0,1,0,1
182,102,80,2,31,1,1,0
881,126,755,2,30,1,1,0
7941,1952,5989,20,15,11,9,0
70,70,0,1,4,1,0,0
70,70,0,2,8,2,0,0
166,86,80,2,29,1,1,0
62,62,0,1,0,1,0,1
62,62,0,1,0,1,0,1
62,62,0,1,0,1,0,1
8530,2685,5845,25,100,15,10,0
62,62,0,1,0,1,0,1
198,101,97,2,30,1,1,0
168,82,86,2,30,1,1,0
70,70,0,1,0,1,0,2
246,71,175,2,31,1,1,0
166,166,0,1,1200,1,0,0
234,234,0,1,0,1,0,1
184,94,90,2,29,1,1,0
6105,852,5253,17,77,9,8,0
97,97,0,1,0,1,0,1
62,62,0,1,0,1,0,1
62,62,0,1,0,1,0,1
7372,2875,4497,23,61,13,10,0
2899,1813,1086,12,136,7,5,0
62,62,0,1,0,1,0,1
308,94,214,2,30,1,1,0
1343,846,497,11,145,6,5,0
12855,2077,10778,30,78,15,15,0
195,102,93,2,30,1,1,0
186,83,103,2,30,1,1,0
70,70,0,1,0,1,0,2
5462,1305,4157,22,121,10,12,0
21785,5577,16208,35,362,16,19,0
6975,1243,5732,29,254,14,15,0
4564,1657,2907,19,27,11,8,0
172,88,84,2,30,1,1,0
70,70,0,1,0,1,0,2
66,66,0,1,0,1,0,1
70,70,0,1,0,1,0,2
359,99,260,4,54,2,2,0
62,62,0,1,0,1,0,1
701,88,613,2,31,1,1,0
70,70,0,1,0,1,0,2
145,145,0,1,0,1,0,1
4085,1916,2169,21,18,12,9,0
199,94,105,2,30,1,1,0
66,66,0,1,0,1,0,2
168,86,82,2,30,1,1,0
70,70,0,1,5,1,0,0
184,94,90,2,30,1,1,0
179,94,85,2,30,1,1,0
70,70,0,1,0,1,0,2
4021,1916,2105,20,18,12,8,0
504,318,186,8,15,5,3,0
62,62,0,1,0,1,0,1
66,66,0,1,0,1,0,1
288,93,195,4,32,2,2,0
9028,3897,5131,24,83,15,9,0
82909,70964,11945,139,283,71,68,0
23234,3906,19328,40,61,19,21,0
70,70,0,1,0,1,0,2
196,100,96,2,31,1,1,0
183,94,89,2,29,1,1,0
4239,1850,2389,25,179,12,13,0
8192,2781,5411,22,374,12,10,0
880,126,754,2,31,1,1,0
66,66,0,1,0,1,0,2
210,110,100,2,29,1,1,0
70,70,0,2,8,2,0,0
66,66,0,1,0,1,0,2
495,192,303,6,21,4,2,0
66,66,0,1,0,1,0,1
11011,4522,6489,35,43,17,18,0
184,94,90,2,30,1,1,0
178,94,84,2,30,1,1,0
17248,1619,15629,26,25,11,15,0
5980,1122,4858,18,58,9,9,0
70,70,0,2,8,2,0,0
62,62,0,1,0,1,0,1
70,70,0,1,0,1,0,2
6311,4340,1971,20,186,12,8,0
66,66,0,1,0,1,0,1
280,140,140,5,130,3,2,0
70,70,0,1,0,1,0,2
338,110,228,2,30,1,1,0
70,70,0,1,0,1,0,2
70,70,0,1,4,1,0,0
184,102,82,2,30,1,1,0
4787,1880,2907,19,27,11,8,0
289,102,187,2,30,1,1,0
66,66,0,1,0,1,0,1
5597,3595,2002,42,68,23,19,0
711,87,624,2,30,1,1,0
816,102,714,2,30,1,1,0
62,62,0,1,0,1,0,1
1011,568,443,11,139,6,5,0
137147,82203,54944,174,105,103,71,0
66,66,0,1,0,1,0,1
217,90,127,2,30,1,1,0
289380,13628,275752,335,70,142,193,0
70,70,0,1,0,1,0,2
366,240,126,7,25,5,2,0
70,70,0,1,0,1,0,2
70,70,0,1,0,1,0,2
62,62,0,1,0,1,0,1
62,62,0,1,0,1,0,1
62,62,0,1,0,1,0,1
1163,705,458,10,15,6,4,0
66,66,0,1,0,1,0,1
12837,1681,11156,30,62,16,14,0
70,70,0,1,0,1,0,2
216,94,122,2,30,1,1,0
4320,932,3388,16,15,10,6,0
66,66,0,1,0,1,0,2
177,94,83,2,30,1,1,0
186,95,91,2,30,1,1,0
23150,13858,9292,52,49,32,20,0
256,93,163,2,31,1,1,0
66,66,0,1,0,1,0,2
325,94,231,2,30,1,1,0
318,192,126,6,43,4,2,0
62,62,0,1,0,1,0,1
62,62,0,1,0,1,0,1
70,70,0,2,4,2,0,0
36892,20283,16609,191,116,77,114,0
13281,4753,8528,32,17,18,14,0
198,101,97,2,30,1,1,0
66,66,0,1,0,1,0,2
214,140,74,4,15,3,1,0
1158,792,366,10,17,6,4,0
3198,1493,1705,18,80,11,7,0
146,146,0,1,0,1,0,1
66,66,0,1,0,1,0,1
230,102,128,2,30,1,1,0
10023148,180272,9842876,9438,193,2907,6531,0
183,94,89,2,30,1,1,0
70,70,0,1,0,1,0,2
318,192,126,6,42,4,2,0
216,94,122,2,30,1,1,0
66,66,0,1,0,1,0,1
612,280,332,10,26,5,5,0
212,110,102,2,30,1,1,0
86,86,0,1,0,1,0,1
443,92,351,4,31,2,2,0
240,98,142,2,30,1,1,0
1429,1295,134,10,29,8,2,0
70,70,0,1,0,1,0,2
70,70,0,1,0,1,0,2
70,70,0,1,0,1,0,2
7891,2035,5856,17,32,10,7,0
62,62,0,1,0,1,0,1
66,66,0,1,0,1,0,1
70,70,0,1,0,1,0,2
70,70,0,1,0,1,0,2
312,192,120,6,27,4,2,0
590577,16239,574338,610,23,222,388,0
70,70,0,2,8,2,0,0
70,70,0,1,0,1,0,2
66,66,0,1,0,1,0,1
62,62,0,1,0,1,0,1
200,94,106,2,30,1,1,0
3133,1883,1250,19,16,9,10,0
66,66,0,1,0,1,0,1
194,102,92,2,30,1,1,0
302,78,224,2,29,1,1,0
124643,7017,117626,163,21,75,88,0
70,70,0,1,5,1,0,0
8156,3281,4875,43,71,21,22,0
66,66,0,1,0,1,0,2
156,156,0,1,0,1,0,1
66,66,0,1,0,1,0,2
3514,1874,1640,15,1200,8,7,0
66,66,0,1,0,1,0,2
6250,1422,4828,20,17,10,10,0
66,66,0,1,0,1,0,1
1820,1101,719,18,73,10,8,0
183,94,89,2,29,1,1,0
70,70,0,2,7,2,0,0
174,89,85,2,31,1,1,0
62,62,0,1,0,1,0,1
28216,10325,17891,93,23,42,51,0
70,70,0,1,0,1,0,2
70,70,0,1,0,1,0,2
60,60,0,1,0,1,0,1
70,70,0,1,0,1,0,2
70,70,0,1,0,1,0,2
124,60,64,3,5,2,1,0
66,66,0,1,0,1,0,1
70,70,0,1,0,1,0,1
70,70,0,1,0,1,0,2
62,62,0,1,0,1,0,1
177,94,83,2,30,1,1,0
1497912,26236,1471676,1321,121,299,1022,0
70,70,0,1,0,1,0,2
293,223,70,4,0,3,1,3
216,110,106,2,30,1,1,0
211,110,101,2,30,1,1,0
1654,1340,314,11,15,6,5,0
70,70,0,2,8,2,0,0
66,66,0,1,0,1,0,1
66,66,0,1,0,1,0,2
66,66,0,1,0,1,0,2
66,66,0,1,0,1,0,1
345,101,244,4,53,2,2,0
197,102,95,2,29,1,1,0
70,70,0,1,0,1,0,2
210,110,100,2,30,1,1,0
194,99,95,2,30,1,1,0
1702,611,1091,8,30,4,4,0
184,94,90,2,30,1,1,0
416,210,206,7,29,4,3,0
1658,1344,314,10,14,5,5,0
62,62,0,1,0,1,0,1
183,94,89,2,29,1,1,0
62,62,0,1,0,1,0,1
70,70,0,2,8,2,0,0
60,60,0,1,0,1,0,1
66,66,0,1,0,1,0,1
70,70,0,1,0,1,0,2
66,66,0,2,8,2,0,0
66,66,0,1,0,1,0,2
66,66,0,1,0,1,0,1
78,78,0,1,5,1,0,0
499,425,74,4,0,3,1,0
62,62,0,1,0,1,0,1
70,70,0,1,0,1,0,2
134,60,74,3,5,2,1,0
70,70,0,1,5,1,0,0
62,62,0,1,0,1,0,1
62,62,0,1,0,1,0,1
2845,419,2426,12,15,7,5,0
195,102,93,2,30,1,1,0
1864,250,1614,8,120,4,4,0
18064,5135,12929,108,95,44,64,0
62,62,0,1,0,1,0,1
70,70,0,1,5,1,0,0
66,66,0,1,0,1,0,1
70,70,0,1,0,1,0,2
78,78,0,1,0,1,0,1
66,66,0,1,0,1,0,2
33565,5938,27627,60,128,24,36,0
70,70,0,1,0,1,0,2
70,70,0,2,7,2,0,0
7543,2533,5010,26,55,14,12,0
199,102,97,2,30,1,1,0
217,90,127,2,30,1,1,0
305,118,187,2,30,1,1,0
177,94,83,2,29,1,1,0
295,90,205,2,30,1,1,0
229,98,131,2,30,1,1,0
70,70,0,1,0,1,0,2
66,66,0,1,0,1,0,2
66,66,0,1,0,1,0,1
70,70,0,1,0,1,0,2
310402,12194,298208,374,82,157,217,0
70,70,0,1,0,1,0,2
134,60,74,3,6,2,1,0
4814,1207,3607,17,75,10,7,0
6912,1841,5071,33,27,17,16,0
126,60,66,3,10,2,1,0
146,146,0,1,0,1,0,1
209,110,99,2,30,1,1,0
755,93,662,2,31,1,1,0
70,70,0,1,0,1,0,2
70,70,0,1,0,1,0,2
70,70,0,1,0,1,0,2
502,150,352,2,1200,1,1,0
265,111,154,2,30,1,1,0
70,70,0,1,0,1,0,2
60,60,0,1,0,1,0,1
217,217,0,1,0,1,0,1
807,94,713,2,30,1,1,0
146,146,0,1,0,1,0,1
62,62,0,1,0,1,0,1
196,94,102,2,31,1,1,0
78,78,0,1,0,1,0,1
62,62,0,1,0,1,0,1
13057,1460,11597,28,255,14,14,0
198,101,97,2,30,1,1,0
1517,481,1036,11,15,6,5,0
62,62,0,1,0,1,0,1
740,93,647,2,31,1,1,0
184,94,90,2,30,1,1,0
16258,11067,5191,37,45,21,16,0
7356,1014,6342,20,76,10,10,0
488,110,378,4,32,2,2,0
5727,491,5236,14,15,7,7,0
404,259,145,3,32,2,1,0
66,66,0,1,0,1,0,2
70,70,0,1,0,1,0,2
199,102,97,2,29,1,1,0
320,140,180,6,6,3,3,0
268,86,182,2,30,1,1,0
7680,4905,2775,24,17,12,12,0
66,66,0,1,0,1,0,1
66,66,0,1,0,1,0,1
130,70,60,3,5,2,1,0
170,87,83,2,30,1,1,0
60,60,0,1,0,1,0,1
4620,1713,2907,19,30,11,8,0
70,70,0,1,0,1,0,2
332,99,233,4,45,2,2,0
66,66,0,1,0,1,0,2
62,62,0,1,0,1,0,1
62,62,0,1,0,1,0,1
70,70,0,1,0,1,0,2
66,66,0,1,0,1,0,2
70,70,0,1,0,1,0,2
62,62,0,1,0,1,0,1
7804,2108,5696,24,32,14,10,0
70,70,0,1,0,1,0,2
1410,93,1317,4,59,2,2,0
62,62,0,1,0,1,0,1
66,66,0,1,0,1,0,2
168,86,82,2,30,1,1,0
11455,5836,5619,40,317,20,20,0
184,94,90,2,31,1,1,0
914,126,788,2,31,1,1,0
9721,3096,6625,30,122,13,17,0
62,62,0,1,0,1,0,1
10836,1733,9103,34,180,15,19,0
763,102,661,2,30,1,1,0
70,70,0,1,0,1,0,2
62,62,0,1,0,1,0,1
253,87,166,4,51,2,2,0
62,62,0,1,0,1,0,1
185,102,83,2,30,1,1,0
2757,648,2109,12,23,7,5,0
66,66,0,1,0,1,0,1
209,110,99,2,30,1,1,0
70,70,0,1,0,1,0,2
195,102,93,2,29,1,1,0
9316,1720,7596,25,16,13,12,0
66,66,0,1,0,1,0,2
265,86,179,4,58,2,2,0
6813,1729,5084,18,16,10,8,0
9517,1897,7620,21,130,11,10,0
62,62,0,1,0,1,0,1
66,66,0,1,0,1,0,1
893,126,767,2,30,1,1,0
70,70,0,1,5,1,0,0
66,66,0,1,0,1,0,1
819,102,717,2,29,1,1,0
70,70,0,1,0,1,0,2
154883,8710,146173,182,23,69,113,0
23887293,546911,23340382,23137,108,7700,15437,0
70,70,0,1,0,1,0,2
177,94,83,2,30,1,1,0
3201,1812,1389,15,19,9,6,0
3264,1175,2089,14,120,7,7,0
6940,1302,5638,20,119,10,10,0
66,66,0,1,0,1,0,2
210,102,108,2,30,1,1,0
294,102,192,2,30,1,1,0
108842,88940,19902,313,255,159,154,0
12813,5036,7777,40,383,20,20,0
210,110,100,2,30,1,1,0
209,110,99,2,30,1,1,0
275,94,181,2,29,1,1,0
444,96,348,4,44,2,2,0
9569,2225,7344,28,15,15,13,0
4451,1329,3122,13,53,7,6,0
66,66,0,1,0,1,0,1
9029,2323,6706,31,16,17,14,0
14424911,433341,13991570,15454,320,5482,9972,0
182,94,88,2,30,1,1,0
66,66,0,1,0,1,0,1
1630,916,714,12,25,7,5,0
62,62,0,1,0,1,0,1
162,102,60,2,5,1,1,0
193,102,91,2,30,1,1,0
857,126,731,2,30,1,1,0
75122,4244,70878,101,45,48,53,0
62,62,0,1,0,1,0,1
612,306,306,10,14,5,5,0
70,70,0,1,0,1,0,2
1463,865,598,11,144,6,5,0
70,70,0,1,0,1,0,2
70,70,0,1,0,1,0,2
300,102,198,4,39,2,2,0
6518,1210,5308,15,24,8,7,0
66,66,0,1,0,1,0,1
62,62,0,1,0,1,0,1
1363701,35511,1328190,1382,271,476,906,0
16157,6478,9679,46,83,23,23,0
247,102,145,2,30,1,1,0
30365,21942,8423,58,50,32,26,0
70,70,0,1,0,1,0,2
242,78,164,2,29,1,1,0
62,62,0,1,0,1,0,1
70,70,0,1,0,1,0,2
211,78,133,2,30,1,1,0
162,102,60,2,5,1,1,0
196,100,96,2,30,1,1,0
60,60,0,1,0,1,0,1
177,94,83,2,29,1,1,0
173828,9311,164517,245,448,118,127,0
146,146,0,1,0,1,0,1
70,70,0,1,0,1,0,2
4216,2615,1601,26,80,13,13,0
5166,700,4466,16,15,7,9,0
66,66,0,1,0,1,0,2
18356,13354,5002,47,34,29,18,0
2269,815,1454,14,15,7,7,0
753,753,0,1,0,1,0,1
11080,4277,6803,23,42,10,13,0
511,152,359,2,1200,1,1,0
5481,3086,2395,26,49,13,13,0
10622,4094,6528,29,514,16,13,0
210,110,100,2,30,1,1,0
70,70,0,1,0,1,0,2
10632,3838,6794,37,256,18,19,0
178,94,84,2,30,1,1,0
1155,781,374,10,15,6,4,0
44949,1017,43932,48,15,15,33,0
70,70,0,1,0,1,0,2
66,66,0,1,0,1,0,2
4381,1474,2907,19,27,11,8,0
62,62,0,1,0,1,0,1
178,94,84,2,30,1,1,0
195,102,93,2,30,1,1,0
62,62,0,1,0,1,0,1
1389,868,521,12,25,6,6,0
1275,300,975,6,1200,3,3,0
66,66,0,1,0,1,0,1
62,62,0,1,0,1,0,1
9551,6129,3422,35,47,19,16,0
66,66,0,1,0,1,0,1
199,102,97,2,30,1,1,0
2227,1018,1209,17,15,8,9,0
62,62,0,1,0,1,0,1
60,60,0,1,0,1,0,1
88,88,0,1,0,1,0,1
126,60,66,3,5,2,1,0
296,94,202,2,30,1,1,0
378,192,186,7,41,4,3,0
70,70,0,1,5,1,0,0
62,62,0,1,0,1,0,1
570,318,252,10,20,6,4,0
70,70,0,2,8,2,0,0
70,70,0,1,0,1,0,2
481,150,331,2,1199,1,1,0
66,66,0,1,0,1,0,1
70,70,0,1,0,1,0,2
4041,2623,1418,22,94,12,10,0
172,88,84,2,31,1,1,0
146,146,0,1,0,1,0,1
194,94,100,2,30,1,1,0
772,432,340,12,18,7,5,0
70,70,0,1,0,1,0,2
193,102,91,2,30,1,1,0
256,93,163,2,31,1,1,0
66,66,0,1,0,1,0,2
62,62,0,1,0,1,0,1
178,91,87,2,31,1,1,0
199,102,97,2,30,1,1,0
177,94,83,2,30,1,1,0
60,60,0,1,0,1,0,1
70,70,0,1,0,1,0,2
62,62,0,1,0,1,0,1
235,90,145,2,33,1,1,0
70,70,0,1,0,1,0,2
62,62,0,1,0,1,0,1
62,62,0,1,0,1,0,1
70,70,0,1,0,1,0,2
422,164,258,6,29,3,3,0
880,126,754,2,30,1,1,0
60,60,0,1,0,1,0,1
6205,986,5219,16,25,10,6,0
70,70,0,1,5,1,0,0
199,94,105,2,30,1,1,0
66,66,0,1,0,1,0,1
70,70,0,1,0,1,0,2
66,66,0,1,0,1,0,1
183,94,89,2,31,1,1,0
1638,776,862,22,120,11,11,0
1169137,23501,1145636,1104,22,344,760,0
4348,1536,2812,14,121,6,8,0
70,70,0,2,8,2,0,0
305,94,211,2,30,1,1,0
66,66,0,1,0,1,0,2
186,95,91,2,30,1,1,0
927,927,0,1,0,1,0,1
66,66,0,1,0,1,0,2
145,145,0,1,0,1,0,1
177,94,83,2,29,1,1,0
21282,7311,13971,96,1216,47,49,0
62,62,0,1,0,1,0,1
70,70,0,1,0,1,0,2
17147,1829,15318,28,17,15,13,0
66,66,0,1,0,1,0,2
708,384,324,12,195,7,5,0
62,62,0,1,0,1,0,1
54049,2036,52013,69,18,31,38,0
60,60,0,1,0,1,0,1
66,66,0,1,0,1,0,1
66,66,0,1,0,1,0,2
70,70,0,1,0,1,0,2
66,66,0,1,0,1,0,1
8863,1567,7296,24,41,12,12,0
816,102,714,2,30,1,1,0
66,66,0,1,0,1,0,1
70,70,0,1,0,1,0,2
70,70,0,1,5,1,0,0
60,60,0,1,0,1,0,1
278,118,160,2,30,1,1,0
70,70,0,1,0,1,0,2
66,66,0,1,0,1,0,2
66,66,0,1,0,1,0,2
347,100,247,4,49,2,2,0
66,66,0,1,0,1,0,1
82,82,0,1,30,1,0,0
70,70,0,1,0,1,0,2
1053,566,487,10,15,6,4,0
1640,126,1514,4,30,2,2,0
93467,4007,89460,107,22,33,74,0
6450,1003,5447,21,360,11,10,0
70,70,0,1,0,1,0,2
184,94,90,2,31,1,1,0
77560,5020,72540,93,121,34,59,0
66,66,0,1,0,1,0,1
1327,839,488,10,142,6,4,0
62,62,0,1,0,1,0,1
33481,5635,27846,73,287,32,41,0
6090,2628,3462,21,24,11,10,0
66,66,0,1,0,1,0,2
262,106,156,2,32,1,1,0
70,70,0,1,0,1,0,2
188,70,118,2,31,1,1,0
62,62,0,1,0,1,0,1
17629,5828,11801,39,41,20,19,0
874,500,374,10,14,6,4,0
70,70,0,1,0,1,0,2
66,66,0,1,0,1,0,2
70,70,0,1,0,1,0,2
6933,2226,4707,33,140,18,15,0
312,132,180,6,7,3,3,0
177,94,83,2,30,1,1,0
70,70,0,1,0,1,0,2
66,66,0,1,0,1,0,2
86,86,0,1,0,1,0,1
168,86,82,2,30,1,1,0
60,60,0,1,0,1,0,1
62,62,0,1,0,1,0,1
62,62,0,1,0,1,0,1
66,66,0,1,0,1,0,1
70,70,0,1,0,1,0,2
66,66,0,1,0,1,0,2
107,107,0,1,0,1,0,1
62,62,0,1,0,1,0,1
70,70,0,1,0,1,0,2
167,86,81,2,30,1,1,0
4166,1708,2458,14,16,7,7,0
66,66,0,1,0,1,0,2
199,102,97,2,30,1,1,0
156,156,0,2,0,2,0,1
193,102,91,2,30,1,1,0
62,62,0,1,0,1,0,1
8828,2193,6635,38,99,17,21,0
132,132,0,2,8,2,0,0
2928,694,2234,13,141,6,7,0
62,62,0,1,0,1,0,1
4949,1047,3902,22,33,11,11,0
186,95,91,2,31,1,1,0
166,86,80,2,30,1,1,0
70,70,0,1,0,1,0,2
177,94,83,2,30,1,1,0
327,102,225,2,30,1,1,0
70,70,0,1,0,1,0,2
2005,1094,911,11,87,6,5,0
61983,10061,51922,85,130,35,50,0
274,150,124,4,60,2,2,0
378,192,186,7,21,4,3,0
821,102,719,2,30,1,1,0
70,70,0,1,0,1,0,2
3641,886,2755,13,136,6,7,0
70,70,0,1,0,1,0,2
70,70,0,1,0,1,0,2
66,66,0,1,0,1,0,2
70,70,0,1,0,1,0,2
82,82,0,2,40,2,0,0
62,62,0,1,0,1,0,1
62,62,0,1,0,1,0,1
70,70,0,1,0,1,0,2
62,62,0,1,0,1,0,1
62,62,0,1,0,1,0,1
197,94,103,2,30,1,1,0
60,60,0,1,0,1,0,1
183,94,89,2,29,1,1,0
9734,1614,8120,24,170,11,13,0
197,102,95,2,30,1,1,0
29298,3627,25671,67,5346,25,42,0
70,70,0,2,8,2,0,0
195,102,93,2,30,1,1,0
768,200,568,6,53,3,3,0
1440,956,484,15,35,8,7,0
70,70,0,1,0,1,0,2
10724,3758,6966,38,403,13,25,0
889,126,763,2,30,1,1,0
255,102,153,2,30,1,1,0
70,70,0,1,0,1,0,2
166,86,80,2,30,1,1,0
757,102,655,2,30,1,1,0
821,102,719,2,30,1,1,0
179,94,85,2,31,1,1,0
70,70,0,1,0,1,0,2
70,70,0,1,0,1,0,2
70,70,0,1,0,1,0,2
66,66,0,1,0,1,0,1
179,94,85,2,30,1,1,0
70,70,0,1,0,1,0,2
316,136,180,6,6,3,3,0
70,70,0,1,0,1,0,2
184,94,90,2,30,1,1,0
303,100,203,4,40,2,2,0
280,96,184,4,34,2,2,0
183,94,89,2,30,1,1,0
70,70,0,1,0,1,0,2
711,87,624,2,31,1,1,0
62,62,0,1,0,1,0,1
70,70,0,1,5,1,0,0
70,70,0,1,0,1,0,2
402,118,284,2,30,1,1,0
1348,687,661,14,18,8,6,0
66,66,0,1,0,1,0,1
157,157,0,1,0,1,0,1
177,94,83,2,30,1,1,0
70,70,0,1,0,1,0,2
168,86,82,2,31,1,1,0
62,62,0,1,0,1,0,1
66,66,0,1,0,1,0,1
66,66,0,1,0,1,0,1
70,70,0,2,7,2,0,0
4212,2724,1488,57,2411,33,24,0
66,66,0,1,0,1,0,1
70,70,0,1,0,1,0,2
199,102,97,2,31,1,1,0
3347,1458,1889,15,18,8,7,0
146,146,0,1,0,1,0,1
60,60,0,1,0,1,0,1
66,66,0,1,0,1,0,2
307,307,0,4,60,4,0,0
66,66,0,1,0,1,0,2
711,87,624,2,30,1,1,0
1277,460,817,16,71,5,11,0
62,62,0,1,0,1,0,1
70,70,0,1,0,1,0,2
1139,609,530,10,34,6,4,0
62,62,0,1,0,1,0,1
62,62,0,1,0,1,0,1
197,90,107,2,30,1,1,0
1320,822,498,16,41,9,7,0
1786,172,1614,7,120,3,4,0
66,66,0,1,0,1,0,2
2269,821,1448,15,51,8,7,0
62,62,0,1,0,1,0,1
74,74,0,1,0,1,0,1
70,70,0,2,8,2,0,0
178,94,84,2,29,1,1,0
1050267,44816,1005451,1276,177,580,696,0
66,66,0,1,0,1,0,2
70,70,0,1,0,1,0,2
66,66,0,1,0,1,0,2
462,462,0,8,3632,8,0,0
184,102,82,2,30,1,1,0
70,70,0,2,8,2,0,0
177,94,83,2,29,1,1,0
66,66,0,1,0,1,0,1
2863,1501,1362,20,315,10,10,0
60,60,0,1,0,1,0,1
66,66,0,1,0,1,0,1
196,100,96,2,30,1,1,0
4591,3155,1436,22,45,13,9,0
74,74,0,1,0,1,0,1
10854,4776,6078,80,119,41,39,0
60,60,0,1,0,1,0,1
9621,1618,8003,19,20,10,9,0
186,86,100,2,30,1,1,0
339,98,241,4,47,2,2,0
228,86,142,2,29,1,1,0
286,103,183,4,49,2,2,0
174,89,85,2,31,1,1,0
2754,1394,1360,22,36,11,11,0
70,70,0,1,4,1,0,0
62,62,0,1,0,1,0,1
186,78,108,2,30,1,1,0
62,62,0,1,0,1,0,1
3616,429,3187,11,15,6,5,0
3018,1627,1391,16,15,9,7,0
70,70,0,1,0,1,0,2
9418,2681,6737,39,256,18,21,0
184,94,90,2,31,1,1,0
4686,1779,2907,19,30,11,8,0
62,62,0,1,0,1,0,1
177,94,83,2,30,1,1,0
90614,3825,86789,108,214,42,66,0
468,390,78,5,30,4,1,0
848,252,596,4,1199,2,2,0
212,102,110,2,30,1,1,0
9790,1841,7949,24,136,12,12,0
972647,20727,951920,916,263,245,671,0
1864,250,1614,8,121,4,4,0
350,210,140,6,14,4,2,0
3529,1769,1760,11,15,6,5,0
62,62,0,1,0,1,0,1
70,70,0,1,0,1,0,2
234,234,0,4,11,4,0,0
252,71,181,2,30,1,1,0
66,66,0,1,0,1,0,2
70,70,0,1,0,1,0,2
70,70,0,1,5,1,0,0
701,88,613,2,30,1,1,0
172473,8713,163760,205,33,91,114,0
66,66,0,1,0,1,0,1
66,66,0,1,0,1,0,1
224,86,138,2,30,1,1,0
62,62,0,1,0,1,0,1
70,70,0,2,7,2,0,0
4999,2845,2154,41,87,22,19,0
1375,1038,337,7,137,4,3,0
62,62,0,1,0,1,0,1
62,62,0,1,0,1,0,1
70,70,0,1,0,1,0,2
7288,1763,5525,22,77,12,10,0
66,66,0,1,0,1,0,2
66,66,0,1,0,1,0,1
66,66,0,1,0,1,0,2
4275,2222,2053,24,15,14,10,0
66,66,0,1,0,1,0,2
35936,2741,33195,62,15,30,32,0
70,70,0,1,4,1,0,0
66,66,0,1,0,1,0,2
4645,1738,2907,19,30,11,8,0
5168,700,4468,16,15,7,9,0
60,60,0,1,0,1,0,1
212,102,110,2,30,1,1,0
66,66,0,1,0,1,0,2
70,70,0,1,0,1,0,2
1348,844,504,13,255,8,5,0
178,94,84,2,30,1,1,0
38342,14090,24252,83,159,40,43,0
70,70,0,1,0,1,0,2
62,62,0,1,0,1,0,1
492,150,342,2,1200,1,1,0
70,70,0,1,5,1,0,0
232,110,122,2,29,1,1,0
15064,2611,12453,43,76,23,20,0
62,62,0,1,0,1,0,1
66,66,0,1,0,1,0,2
13056,4233,8823,27,121,12,15,0
66,66,0,1,0,1,0,2
70,70,0,1,0,1,0,2
88,88,0,1,0,1,0,1
6180,926,5254,18,36,10,8,0
267,87,180,4,57,2,2,0
70,70,0,1,0,1,0,2
196,102,94,2,29,1,1,0
66,66,0,1,0,1,0,1
4590,3104,1486,25,95,14,11,0
62,62,0,1,0,1,0,1
211,110,101,2,30,1,1,0
70,70,0,1,0,1,0,2
66,66,0,1,0,1,0,1
70,70,0,1,5,1,0,0
343,86,257,4,58,2,2,0
196,88,108,2,30,1,1,0
70,70,0,1,0,1,0,2
7979,802,7177,17,39,8,9,0
168,78,90,2,30,1,1,0
210,110,100,2,30,1,1,0
70,70,0,1,0,1,0,2
316,136,180,6,6,3,3,0
2767442,82304,2685138,2961,85,1088,1873,0
27964,15805,12159,204,904,120,84,0
209,110,99,2,30,1,1,0
60,60,0,1,0,1,0,1
1278,774,504,12,361,7,5,0
195,102,93,2,30,1,1,0
214,110,104,2,29,1,1,0
70,70,0,1,0,1,0,2
5830,2583,3247,22,40,13,9,0
1442,721,721,15,199,8,7,0
70,70,0,1,5,1,0,0
296,101,195,4,31,2,2,0
66,66,0,1,0,1,0,1
62,62,0,1,0,1,0,1
74,74,0,1,0,1,0,1
234,94,140,2,31,1,1,0
281978,16098,265880,405,67,204,201,0
24465,3945,20520,39,18,18,21,0
3277,1954,1323,27,3600,14,13,0
168,78,90,2,30,1,1,0
74,74,0,1,0,1,0,1
211,102,109,2,30,1,1,0
66,66,0,1,0,1,0,2
70,70,0,1,4,1,0,0
184,94,90,2,30,1,1,0
1320,685,635,14,182,7,7,0
180,94,86,2,31,1,1,0
66,66,0,1,0,1,0,1
70,70,0,1,0,1,0,2
70,70,0,1,0,1,0,2
70,70,0,1,0,1,0,2
66,66,0,1,0,1,0,1
188,96,92,2,30,1,1,0
2988,1649,1339,17,255,9,8,0
109,109,0,1,0,1,0,1
70,70,0,2,7,2,0,0
70,70,0,1,0,1,0,2
199,102,97,2,30,1,1,0
70,70,0,1,0,1,0,2
66,66,0,1,0,1,0,2
70,70,0,1,0,1,0,2
254,128,126,5,15,3,2,0
4507,1525,2982,24,148,13,11,0
78,78,0,1,0,1,0,1
62,62,0,1,0,1,0,1
66,66,0,1,0,1,0,1
778,103,675,2,30,1,1,0
10384,4353,6031,29,251,16,13,0
4342,2152,2190,19,255,10,9,0
2466,1497,969,21,46,12,9,0
179,94,85,2,29,1,1,0
198,198,0,4,1200,4,0,0
66,66,0,1,0,1,0,2
262,106,156,2,32,1,1,0
184,86,98,2,30,1,1,0
70,70,0,1,0,1,0,2
12082,5745,6337,32,61,16,16,0
66,66,0,1,0,1,0,2
74,74,0,1,0,1,0,1
70,70,0,1,0,1,0,2
1868,1229,639,18,151,11,7,0
156,156,0,2,0,2,0,1
214,110,104,2,30,1,1,0
3350,1804,1546,19,255,10,9,0
78269,5330,72939,127,313,57,70,0
66,66,0,1,5,1,0,0
320,140,180,6,6,3,3,0
9966,5049,4917,41,15,25,16,0
62,62,0,1,0,1,0,1
74,74,0,1,0,1,0,1
13310,3162,10148,31,46,16,15,0
198,94,104,2,30,1,1,0
66,66,0,1,0,1,0,2
66,66,0,1,0,1,0,2
11580,4032,7548,79,19,40,39,0
1572,664,908,14,1200,9,5,0
161,161,0,1,0,1,0,1
70,70,0,1,0,1,0,2
9023,4071,4952,30,35,17,13,0
9218,3728,5490,30,50,16,14,0
1970,977,993,12,61,7,5,0
1581,924,657,15,125,7,8,0
3650999,83941,3567058,3541,21,1184,2357,0
164,86,78,2,31,1,1,0
3850,1745,2105,19,18,11,8,0
1598,937,661,13,78,7,6,0
70,70,0,1,0,1,0,2
60,60,0,1,0,1,0,1
70,70,0,1,0,1,0,2
275,95,180,4,44,2,2,0
398,255,143,3,32,2,1,0
70,70,0,1,0,1,0,2
757,98,659,2,30,1,1,0
229,94,135,2,30,1,1,0
14786,3978,10808,32,26,15,17,0
66,66,0,1,0,1,0,2
62,62,0,1,0,1,0,1
62,62,0,1,0,1,0,1
66,66,0,1,0,1,0,1
72,72,0,1,0,1,0,1
7871,1409,6462,17,75,7,10,0
66,66,0,2,7,2,0,0
440081,8465,431616,424,24,137,287,0
62,62,0,1,0,1,0,1
1114,534,580,12,16,7,5,0
1163,1163,0,1,0,1,0,1
199,102,97,2,30,1,1,0
66,66,0,1,0,1,0,2
66,66,0,1,0,1,0,2
1658,1247,411,8,15,5,3,0
212,102,110,2,30,1,1,0
66,66,0,1,0,1,0,2
4863,3011,1852,20,234,12,8,0
19934,920,19014,23,15,7,16,0
216,82,134,2,32,1,1,0
62,62,0,1,0,1,0,1
66,66,0,1,0,1,0,2
70,70,0,1,5,1,0,0
18682,8068,10614,42,62,22,20,0
373,126,247,2,29,1,1,0
362,240,122,7,17,5,2,0
214,110,104,2,30,1,1,0
180,94,86,2,31,1,1,0
711,87,624,2,30,1,1,0
7841,2301,5540,18,135,8,10,0
256,96,160,4,41,2,2,0
66,66,0,1,0,1,0,1
66,66,0,1,0,1,0,2
62,62,0,1,0,1,0,1
70,70,0,1,0,1,0,2
62,62,0,1,0,1,0,1
4378,1140,3238,14,26,9,5,0
225,78,147,2,30,1,1,0
183,94,89,2,29,1,1,0
72,72,0,1,0,1,0,1
196,102,94,2,30,1,1,0
62,62,0,1,0,1,0,1
9582,3906,5676,21,135,10,11,0
78,78,0,1,0,1,0,1
66,66,0,1,0,1,0,2
179277,5324,173953,171,108,49,122,0
70,70,0,1,0,1,0,2
281,101,180,4,59,2,2,0
70,70,0,1,5,1,0,0
3651,1103,2548,17,1802,10,7,0
8655,2300,6355,24,21,12,12,0
70,70,0,1,0,1,0,2
70,70,0,1,5,1,0,0
60,60,0,1,0,1,0,1
66,66,0,1,0,1,0,2
178,94,84,2,31,1,1,0
195,102,93,2,31,1,1,0
217,82,135,2,32,1,1,0
66,66,0,1,0,1,0,1
211,102,109,2,29,1,1,0
66,66,0,1,0,1,0,1
220,90,130,2,30,1,1,0
70,70,0,1,0,1,0,2
1053,566,487,10,16,6,4,0
711,87,624,2,31,1,1,0
284,94,190,2,29,1,1,0
422,164,258,6,29,3,3,0
1268,638,630,12,17,7,5,0
62,62,0,1,0,1,0,1
422,240,182,8,26,5,3,0
195,102,93,2,30,1,1,0
66,66,0,1,0,1,0,2
810,108,702,2,31,1,1,0
66,66,0,1,0,1,0,2
62,62,0,1,0,1,0,1
733,93,640,2,30,1,1,0
70,70,0,1,0,1,0,2
2162,1317,845,16,25,9,7,0
213,89,124,4,49,2,2,0
195,102,93,2,30,1,1,0
66,66,0,1,0,1,0,2
66,66,0,1,0,1,0,1
4487,2090,2397,15,15,8,7,0
1625,1038,587,14,26,8,6,0
11876,2769,9107,30,77,15,15,0
3494,1589,1905,16,186,9,7,0
70,70,0,1,0,1,0,2
66,66,0,1,0,1,0,2
62,62,0,1,0,1,0,1
10385,3107,7278,28,16,16,12,0
262,82,180,2,29,1,1,0
138,78,60,2,5,1,1,0
60,60,0,1,0,1,0,1
11771,2624,9147,50,20,25,25,0
168957,11365,157592,202,31,90,112,0
195,102,93,2,30,1,1,0
78,78,0,1,0,1,0,1
198,101,97,2,30,1,1,0
70,70,0,1,0,1,0,2
66,66,0,1,0,1,0,1
499,425,74,4,0,3,1,0
70,70,0,1,0,1,0,2
60,60,0,1,0,1,0,1
66,66,0,1,0,1,0,2
198,102,96,2,30,1,1,0
62,62,0,1,0,1,0,1
66,66,0,1,0,1,0,1
719,413,306,10,14,5,5,0
7454,3131,4323,23,46,13,10,0
66,66,0,1,0,1,0,2
160,160,0,1,0,1,0,1
2025658,45348,1980310,1992,44,640,1352,0
62,62,0,1,0,1,0,1
4682,1775,2907,19,29,11,8,0
66,66,0,1,0,1,0,2
78,78,0,1,0,1,0,1
70,70,0,1,0,1,0,2
66,66,0,1,0,1,0,1
66,66,0,1,0,1,0,2
89,89,0,1,0,1,0,1
60,60,0,1,0,1,0,1
830733,17622,813111,789,66,245,544,0
6354,1372,4982,18,161,9,9,0
70,70,0,1,0,1,0,2
166,86,80,2,30,1,1,0
60,60,0,1,0,1,0,1
70,70,0,1,0,1,0,2
5604,2738,2866,20,325,10,10,0
66,66,0,1,0,1,0,2
70,70,0,1,0,1,0,2
70,70,0,1,5,1,0,0
238,118,120,2,1200,1,1,0
98,98,0,1,0,1,0,1
5117,3501,1616,29,80,15,14,0
260,102,158,2,30,1,1,0
70,70,0,1,0,1,0,2
5036,2564,2472,15,125,8,7,0
677,188,489,6,57,3,3,0
66,66,0,1,0,1,0,2
281,110,171,2,30,1,1,0
8097,2684,5413,22,248,12,10,0
66,66,0,1,0,1,0,1
62,62,0,1,0,1,0,1
177,94,83,2,30,1,1,0
269,94,175,2,30,1,1,0
565251,13665,551586,542,30,173,369,0
182,93,89,2,30,1,1,0
198,101,97,2,31,1,1,0
7941,1952,5989,20,15,11,9,0
66,66,0,1,0,1,0,2
66,66,0,1,0,1,0,1
18227,6731,11496,63,18,34,29,0
34919,6979,27940,68,247,27,41,0
60,60,0,1,0,1,0,1
66,66,0,1,0,1,0,1
199,102,97,2,30,1,1,0
253,78,175,2,31,1,1,0
184,94,90,2,30,1,1,0
260,124,136,2,31,1,1,0
70,70,0,1,0,1,0,2
66,66,0,1,0,1,0,1
70,70,0,1,0,1,0,2
66,66,0,1,0,1,0,2
62,62,0,1,0,1,0,1
66,66,0,1,0,1,0,1
215,86,129,2,30,1,1,0
62,62,0,1,0,1,0,1
60,60,0,1,0,1,0,1
66,66,0,1,0,1,0,2
146,146,0,1,0,1,0,1
70,70,0,1,0,1,0,2
62,62,0,1,0,1,0,1
1678,1364,314,10,16,5,5,0
101179,1296,99883,88,15,18,70,0
62,62,0,1,0,1,0,1
70,70,0,1,0,1,0,2
66,66,0,1,0,1,0,1
66,66,0,1,0,1,0,2
62,62,0,1,0,1,0,1
199,102,97,2,30,1,1,0
177,94,83,2,30,1,1,0
184,94,90,2,30,1,1,0
66,66,0,1,0,1,0,1
164,70,94,3,8,2,1,0
70,70,0,1,5,1,0,0
792,792,0,13,1199,13,0,0
212,102,110,2,30,1,1,0
55537,4477,51060,81,22,38,43,0
248,71,177,2,30,1,1,0
295,103,192,4,48,2,2,0
793,101,692,2,30,1,1,0
4621,1714,2907,19,30,11,8,0
66,66,0,1,0,1,0,1
70,70,0,1,5,1,0,0
184,102,82,2,30,1,1,0
184,94,90,2,31,1,1,0
249,94,155,2,30,1,1,0
210,102,108,2,30,1,1,0
62,62,0,1,0,1,0,1
70,70,0,1,0,1,0,2
70,70,0,1,0,1,0,2
66,66,0,1,0,1,0,2
184,102,82,2,30,1,1,0
66,66,0,1,0,1,0,2
70,70,0,1,0,1,0,2
747,92,655,2,31,1,1,0
62,62,0,1,0,1,0,1
214,102,112,2,29,1,1,0
499,425,74,4,0,3,1,0
70,70,0,1,0,1,0,2
145,145,0,1,0,1,0,1
5927,794,5133,17,25,8,9,0
1542,831,711,7,15,5,2,0
184,94,90,2,31,1,1,0
70,70,0,2,8,2,0,0
62,62,0,1,0,1,0,1
74,74,0,1,0,1,0,1
66,66,0,1,0,1,0,2
234,234,0,4,11,4,0,0
146,146,0,1,0,1,0,1
62,62,0,1,0,1,0,1
66,66,0,1,0,1,0,2
70,70,0,1,0,1,0,2
3722,1504,2218,13,20,7,6,0
70,70,0,1,0,1,0,2
199,94,105,2,30,1,1,0
70,70,0,1,0,1,0,2
62,62,0,1,0,1,0,1
66,66,0,1,0,1,0,2
70,70,0,1,0,1,0,2
229,110,119,2,30,1,1,0
70,70,0,1,0,1,0,2
66,66,0,1,0,1,0,2
66,66,0,1,0,1,0,2
431,95,336,4,55,2,2,0
62,62,0,1,0,1,0,1
296,102,194,4,42,2,2,0
44817,885,43932,46,15,13,33,0
70,70,0,1,0,1,0,2
66,66,0,1,0,1,0,1
1633,819,814,16,40,8,8,0
62,62,0,1,0,1,0,1
66,66,0,1,0,1,0,1
10265,2118,8147,23,81,13,10,0
17772,2595,15177,25,122,12,13,0
66,66,0,1,0,1,0,1
184,94,90,2,30,1,1,0
70,70,0,1,0,1,0,2
139,139,0,1,5,1,0,0
66,66,0,1,0,1,0,1
64,64,0,1,31,1,0,0
70,70,0,1,0,1,0,2
66,66,0,1,0,1,0,1
62,62,0,1,0,1,0,1
66,66,0,1,0,1,0,1
1718,1404,314,11,15,6,5,0
66,66,0,1,0,1,0,2
499,425,74,4,0,3,1,0
62,62,0,1,0,1,0,1
12561,2901,9660,29,17,15,14,0
805321,15163,790158,752,171,204,548,0
179,94,85,2,31,1,1,0
70,70,0,1,0,1,0,2
66,66,0,1,0,1,0,1
194,86,108,2,30,1,1,0
5025,973,4052,19,53,10,9,0
62,62,0,1,0,1,0,1
15584,2626,12958,34,37,18,16,0
560,264,296,9,44,5,4,0
182,102,80,2,30,1,1,0
102,102,0,1,30,1,0,0
66,66,0,1,0,1,0,2
62,62,0,1,0,1,0,1
70,70,0,1,0,1,0,2
147104,9481,137623,217,115,111,106,0
330,330,0,6,3609,6,0,0
66,66,0,1,0,1,0,2
556,280,276,9,28,5,4,0
66,66,0,1,0,1,0,2
315,102,213,2,31,1,1,0
2725,1610,1115,20,3600,10,10,0
66,66,0,1,0,1,0,2
70,70,0,1,0,1,0,2
62,62,0,1,0,1,0,1
6264,1435,4829,21,15,11,10,0
1848,1141,707,14,566,8,6,0
134,60,74,3,6,2,1,0
70,70,0,1,0,1,0,2
442,250,192,8,47,5,3,0
469,97,372,4,49,2,2,0
711,87,624,2,30,1,1,0
70,70,0,1,0,1,0,2
161,161,0,1,1200,1,0,0
62,62,0,1,0,1,0,1
318,192,126,6,39,4,2,0
66,66,0,1,0,1,0,1
66,66,0,1,0,1,0,1
66,66,0,1,0,1,0,2
62,62,0,1,0,1,0,1
184,94,90,2,30,1,1,0
3366,2547,819,15,49,8,7,0
62,62,0,1,0,1,0,1
60,60,0,1,0,1,0,1
733,93,640,2,31,1,1,0
168,86,82,2,31,1,1,0
13069,6969,6100,37,164,23,14,0
70,70,0,1,0,1,0,2
711,87,624,2,30,1,1,0
168,86,82,2,31,1,1,0
15017,8283,6734,47,18,24,23,0
66,66,0,1,0,1,0,2
70,70,0,1,0,1,0,2
145,145,0,1,0,1,0,1
62,62,0,1,0,1,0,1
183,94,89,2,29,1,1,0
12164,4840,7324,29,198,16,13,0
230,110,120,2,30,1,1,0
3907,2251,1656,16,321,8,8,0
212,110,102,2,30,1,1,0
70,70,0,1,0,1,0,2
32952,11546,21406,60,71,36,24,0
239,102,137,2,30,1,1,0
183,94,89,2,30,1,1,0
216,110,106,2,29,1,1,0
66,66,0,1,0,1,0,2
177,94,83,2,31,1,1,0
184,94,90,2,31,1,1,0
70,70,0,1,0,1,0,2
182,102,80,2,30,1,1,0
102,102,0,1,30,1,0,0
60,60,0,1,0,1,0,1
62,62,0,1,0,1,0,1
70,70,0,1,0,1,0,2
60,60,0,1,0,1,0,1
223,86,137,2,29,1,1,0
20575,11455,9120,92,966,47,45,0
214,110,104,2,30,1,1,0
66,66,0,1,0,1,0,2
66,66,0,1,0,1,0,1
216,110,106,2,29,1,1,0
278,100,178,4,30,2,2,0
70,70,0,1,0,1,0,2
1014,507,507,8,133,5,3,0
146,146,0,1,0,1,0,1
7653,1188,6465,21,17,12,9,0
211,102,109,2,30,1,1,0
7284,1456,5828,21,360,10,11,0
280243,73972,206271,309,206,142,167,0
60,60,0,1,0,1,0,1
184,94,90,2,31,1,1,0
4800,3396,1404,19,60,10,9,0
193,102,91,2,30,1,1,0
368,156,212,5,13,3,2,0
6297,1831,4466,20,16,9,11,0
70,70,0,1,0,1,0,2
28479,3138,25341,42,42,17,25,0
216,110,106,2,31,1,1,0
308,118,190,2,30,1,1,0
60,60,0,1,0,1,0,1
259,86,173,2,30,1,1,0
62,62,0,1,0,1,0,1
331,102,229,2,30,1,1,0
1450,747,703,16,1200,9,7,0
7295,1830,5465,23,316,13,10,0
70,70,0,1,0,1,0,2
75732,15030,60702,137,138,56,81,0
66,66,0,1,0,1,0,2
66,66,0,1,0,1,0,2
481,150,331,2,1200,1,1,0
172,88,84,2,30,1,1,0
177,94,83,2,30,1,1,0
70,70,0,1,0,1,0,2
8661,1687,6974,30,244,16,14,0
499,192,307,6,38,4,2,0
62,62,0,1,0,1,0,1
198,102,96,2,30,1,1,0
70,70,0,1,0,1,0,2
751,95,656,2,31,1,1,0
15810,7525,8285,35,97,18,17,0
318,192,126,6,42,4,2,0
249900,26024,223876,450,167,183,267,0
66,66,0,1,0,1,0,1
66,66,0,1,0,1,0,2
62,62,0,1,0,1,0,1
189,102,87,2,30,1,1,0
3603,562,3041,10,15,6,4,0
7847,1377,6470,27,15,12,15,0
66,66,0,1,0,1,0,2
7508,2350,5158,37,1323,21,16,0
18367,3429,14938,41,500,23,18,0
662,600,62,12,495,11,1,0
132,132,0,2,8,2,0,0
9345,3051,6294,22,15,13,9,0
168,86,82,2,30,1,1,0
540,256,284,9,30,5,4,0
62,62,0,1,60,1,0,0
62,62,0,1,0,1,0,1
70,70,0,1,0,1,0,2
262,102,160,2,30,1,1,0
182,93,89,2,31,1,1,0
5780,4574,1206,20,16,11,9,0
70,70,0,1,0,1,0,2
578,286,292,9,15,5,4,0
255,102,153,2,30,1,1,0
2733,591,2142,11,45,6,5,0
70,70,0,1,0,1,0,2
66,66,0,1,0,1,0,1
8676,3499,5177,31,373,17,14,0
198,102,96,2,30,1,1,0
70,70,0,1,0,1,0,2
177,94,83,2,29,1,1,0
1114,534,580,12,16,7,5,0
622,70,552,10,180,2,8,0
184,94,90,2,29,1,1,0
146,146,0,1,0,1,0,1
429263,14390,414873,449,24,159,290,0
1429,1295,134,10,30,8,2,0
260,86,174,2,30,1,1,0
66,66,0,1,0,1,0,1
760,97,663,2,31,1,1,0
66,66,0,1,4,1,0,0
70,70,0,1,0,1,0,2
241,94,147,2,30,1,1,0
70,70,0,1,0,1,0,2
66,66,0,1,0,1,0,1
770,102,668,2,30,1,1,0
70,70,0,1,0,1,0,2
70,70,0,2,8,2,0,0
70,70,0,1,0,1,0,2
66,66,0,1,0,1,0,2
210,110,100,2,31,1,1,0
198,101,97,2,30,1,1,0
66,66,0,1,0,1,0,1
145,145,0,1,0,1,0,1
66,66,0,1,0,1,0,2
62,62,0,1,0,1,0,1
734,94,640,2,30,1,1,0
6516,1722,4794,26,17,15,11,0
9767,2138,7629,22,16,12,10,0
66,66,0,1,0,1,0,1
66,66,0,1,0,1,0,2
62,62,0,1,0,1,0,1
66,66,0,1,0,1,0,1
70,70,0,2,7,2,0,0
445,95,350,4,50,2,2,0
4037,1058,2979,12,120,6,6,0
66,66,0,1,0,1,0,1
194,102,92,2,30,1,1,0
1918,1469,449,10,20,6,4,0
168,78,90,2,29,1,1,0
219,118,101,2,1199,1,1,0
892,126,766,2,30,1,1,0
66,66,0,1,0,1,0,2
12712,3662,9050,32,140,17,15,0
199,102,97,2,29,1,1,0
253,87,166,4,31,2,2,0
48285,2659,45626,65,15,32,33,0
212,110,102,2,30,1,1,0
66,66,0,1,0,1,0,2
4801,2138,2663,23,15,12,11,0
3429,1188,2241,13,134,6,7,0
422,140,282,6,15,3,3,0
70,70,0,1,0,1,0,2
70,70,0,2,7,2,0,0
66,66,0,1,0,1,0,2
66,66,0,1,0,1,0,1
70,70,0,1,0,1,0,2
3116,452,2664,18,394,5,13,0
62,62,0,1,0,1,0,1
70,70,0,1,0,1,0,2
70,70,0,1,0,1,0,2
2396,1144,1252,14,982,7,7,0
62,62,0,1,0,1,0,1
66,66,0,1,0,1,0,1
62,62,0,1,0,1,0,1
62,62,0,1,0,1,0,1
15556,2973,12583,41,80,22,19,0
6212,1823,4389,16,75,9,7,0
70,70,0,1,0,1,0,2
490,210,280,8,131,4,4,0
70,70,0,1,0,1,0,2
134,60,74,3,4,2,1,0
66,66,0,1,0,1,0,2
70,70,0,1,0,1,0,2
62,62,0,1,0,1,0,1
70,70,0,1,5,1,0,0
14448,2001,12447,26,16,14,12,0
62,62,0,1,0,1,0,1
9453,2797,6656,46,32,25,21,0
262,126,136,2,30,1,1,0
66,66,0,2,8,2,0,0
271,93,178,4,32,2,2,0
20488,16649,3839,30,24,18,12,0
7094,1672,5422,21,361,10,11,0
66,66,0,1,0,1,0,1
183,94,89,2,30,1,1,0
70,70,0,1,0,1,0,2
8073,2053,6020,20,15,11,9,0
100,100,0,1,0,1,0,1
62,62,0,1,0,1,0,1
30995,9655,21340,65,121,27,38,0
66,66,0,1,0,1,0,2
70,70,0,2,8,2,0,0
4187235,99258,4087977,4375,28,1464,2911,0
881,126,755,2,30,1,1,0
6331,837,5494,19,28,10,9,0
60,60,0,1,0,1,0,1
70,70,0,1,0,1,0,2
177,94,83,2,30,1,1,0
184,78,106,2,30,1,1,0
291,102,189,2,29,1,1,0
146,146,0,1,0,1,0,1
3429,1474,1955,16,16,8,8,0
100,100,0,1,0,1,0,1
62,62,0,1,0,1,0,1
70,70,0,1,0,1,0,2
70,70,0,1,0,1,0,2
209,102,107,2,30,1,1,0
1188,1188,0,1,0,1,0,1
216,110,106,2,30,1,1,0
91831,4379,87452,101,15,37,64,0
770,102,668,2,31,1,1,0
1155,781,374,10,15,6,4,0
66,66,0,1,0,1,0,2
10879,3057,7822,38,32,21,17,0
39518,2389,37129,54,179,21,33,0
243,94,149,2,31,1,1,0
204,118,86,2,31,1,1,0
70,70,0,1,0,1,0,2
62,62,0,1,0,1,0,1
66,66,0,1,0,1,0,2
62,62,0,1,0,1,0,1
70,70,0,1,0,1,0,2
180,94,86,2,30,1,1,0
44380,1589,42791,48,126,14,34,0
184,94,90,2,31,1,1,0
10585,3919,6666,33,80,16,17,0
70,70,0,1,0,1,0,2
62,62,0,1,0,1,0,1
66,66,0,1,0,1,0,2
10339,2028,8311,28,46,16,12,0
70,70,0,1,0,1,0,2
100,100,0,1,0,1,0,1
66,66,0,1,0,1,0,2
62,62,0,1,0,1,0,1
198,102,96,2,30,1,1,0
600,156,444,8,25,2,6,0
66,66,0,1,0,1,0,2
38098,12284,25814,207,2433,100,107,0
66,66,0,1,0,1,0,2
66,66,0,1,0,1,0,2
66,66,0,1,0,1,0,2
70,70,0,1,0,1,0,2
10306,3254,7052,32,47,18,14,0
198,102,96,2,30,1,1,0
244,94,150,2,30,1,1,0
8105,2278,5827,27,196,15,12,0
70,70,0,1,0,1,0,2
895,126,769,2,30,1,1,0
71,71,0,1,30,1,0,0
66,66,0,1,0,1,0,1
9875,1112,8763,21,125,10,11,0
5035,3194,1841,23,72,12,11,0
66,66,0,1,0,1,0,2
66,66,0,1,0,1,0,1
199,102,97,2,29,1,1,0
6728,1775,4953,25,275,13,12,0
182,93,89,2,31,1,1,0
70,70,0,2,8,2,0,0
294,106,188,4,56,2,2,0
3182,1568,1614,8,121,4,4,0
195,102,93,2,30,1,1,0
209,110,99,2,30,1,1,0
320,140,180,6,6,3,3,0
66,66,0,1,0,1,0,2
62,62,0,1,0,1,0,1
145,145,0,1,0,1,0,1
871846,24071,847775,900,30,326,574,0
2809,1884,925,19,27,11,8,0
366,240,126,7,25,5,2,0
184,102,82,2,30,1,1,0
492,306,186,8,16,5,3,0
335,84,251,4,32,2,2,0
94,94,0,1,30,1,0,0
209,110,99,2,30,1,1,0
62,62,0,1,0,1,0,1
332,104,228,2,30,1,1,0
66,66,0,1,0,1,0,1
216,82,134,2,33,1,1,0
70,70,0,1,0,1,0,2
66,66,0,1,0,1,0,1
70,70,0,1,0,1,0,2
66,66,0,1,0,1,0,1
179,94,85,2,30,1,1,0
890,126,764,2,31,1,1,0
378,256,122,7,18,5,2,0
244,94,150,2,30,1,1,0
7689,3574,4115,65,308,32,33,0
7897,3562,4335,19,16,10,9,0
156,156,0,2,0,2,0,0
70,70,0,1,0,1,0,2
197,76,121,2,31,1,1,0
66,66,0,1,0,1,0,2
320,140,180,6,6,3,3,0
5716,1341,4375,29,80,16,13,0
213,89,124,4,31,2,2,0
216,110,106,2,31,1,1,0
62,62,0,1,0,1,0,1
84066,79714,4352,98,125,66,32,0
184,94,90,2,31,1,1,0
8340,2896,5444,28,16,16,12,0
199,102,97,2,30,1,1,0
6055,3602,2453,16,136,8,8,0
212,98,114,2,30,1,1,0
62,62,0,1,0,1,0,1
209,110,99,2,30,1,1,0
277,78,199,2,30,1,1,0
130,70,60,2,15,1,1,0
7834,1758,6076,26,171,13,13,0
366,240,126,7,25,5,2,0
62,62,0,1,0,1,0,1
25034,7042,17992,58,21,29,29,0
62,62,0,1,0,1,0,1
70,70,0,2,7,2,0,0
184,94,90,2,30,1,1,0
350,94,256,2,30,1,1,0
70,70,0,1,0,1,0,2
70,70,0,1,0,1,0,2
10427,2928,7499,34,106,16,18,0
318,192,126,6,26,4,2,0
216,110,106,2,30,1,1,0
70,70,0,1,0,1,0,2
66,66,0,1,0,1,0,2
1566,754,812,10,15,6,4,0
62,62,0,1,0,1,0,1
199,94,105,2,29,1,1,0
264,94,170,2,29,1,1,0
330,330,0,6,3608,6,0,0
70,70,0,1,0,1,0,2
66,66,0,1,0,1,0,1
320,140,180,6,6,3,3,0
70,70,0,1,0,1,0,2
4296557,96359,4200198,3781,143,838,2943,0
716,428,288,11,26,7,4,0
74,74,0,1,0,1,0,1
66,66,0,1,0,1,0,2
62,62,0,1,0,1,0,1
166,166,0,1,1200,1,0,0
816,102,714,2,30,1,1,0
62,62,0,1,0,1,0,1
19185,2445,16740,40,25,20,20,0
213,79,134,2,32,1,1,0
70,70,0,1,0,1,0,2
6295,1324,4971,22,983,10,12,0
422,164,258,6,30,3,3,0
66,66,0,1,0,1,0,1
70,70,0,1,0,1,0,2
184,94,90,2,31,1,1,0
62,62,0,1,0,1,0,1
66,66,0,1,0,1,0,2
70,70,0,1,0,1,0,2
2841,1916,925,18,26,10,8,0
200,94,106,2,30,1,1,0
62,62,0,1,0,1,0,1
94,94,0,1,30,1,0,0
306,94,212,2,30,1,1,0
4783,2366,2417,16,203,8,8,0
1192,658,534,11,41,6,5,0
62,62,0,1,0,1,0,1
3570,1126,2444,28,1465,16,12,0
70,70,0,1,0,1,0,2
72,72,0,1,0,1,0,1
499,425,74,4,0,3,1,0
300,180,120,6,28,4,2,0
86,86,0,1,30,1,0,0
66,66,0,1,0,1,0,2
34450,1943,32507,47,144,16,31,0
62,62,0,1,0,1,0,1
62,62,0,1,0,1,0,1
70,70,0,1,0,1,0,2
177,94,83,2,31,1,1,0
146,146,0,1,0,1,0,1
14483,1152,13331,27,19,12,15,0
193,94,99,2,30,1,1,0
66,66,0,1,0,1,0,1
70,70,0,1,0,1,0,2
70,70,0,1,0,1,0,2
70,70,0,2,8,2,0,0
182,93,89,2,31,1,1,0
3325,1851,1474,19,16,9,10,0
66,66,0,1,0,1,0,1
70,70,0,2,7,2,0,0
66,66,0,1,0,1,0,1
963,391,572,10,83,5,5,0
70,70,0,1,0,1,0,2
7724,2555,5169,26,47,15,11,0
275,93,182,4,32,2,2,0
5523,2276,3247,22,28,13,9,0
70,70,0,2,8,2,0,0
275,78,197,2,29,1,1,0
66,66,0,1,0,1,0,1
6411,1611,4800,24,17,13,11,0
70,70,0,1,0,1,0,2
62,62,0,1,0,1,0,1
70,70,0,1,0,1,0,2
177,94,83,2,30,1,1,0
70,70,0,1,0,1,0,2
66,66,0,1,0,1,0,2
66,66,0,1,5,1,0,0
91,91,0,2,37,2,0,0
235,90,145,2,32,1,1,0
66,66,0,1,0,1,0,1
490,149,341,2,1200,1,1,0
62,62,0,1,0,1,0,1
145,145,0,1,0,1,0,1
66,66,0,1,0,1,0,2
66,66,0,1,4,1,0,0
62,62,0,1,0,1,0,1
78,78,0,1,0,1,0,1
4456,2436,2020,19,24,10,9,0
210,110,100,2,30,1,1,0
164,78,86,2,29,1,1,0
184,94,90,2,30,1,1,0
66,66,0,1,0,1,0,1
318,192,126,6,20,4,2,0
70,70,0,1,0,1,0,2
6981,948,6033,17,54,10,7,0
70,70,0,1,0,1,0,2
60,60,0,1,0,1,0,1
34712,2489,32223,52,19,27,25,0
7323,2654,4669,23,30,13,10,0
18088,1844,16244,34,130,14,20,0
70,70,0,1,0,1,0,2
66,66,0,1,0,1,0,1
21525,15159,6366,43,315,25,18,0
66,66,0,1,0,1,0,1
2128,828,1300,19,40,8,11,0
209,110,99,2,30,1,1,0
1638,1324,314,10,16,5,5,0
62,62,0,1,0,1,0,1
181,86,95,2,30,1,1,0
60,60,0,1,0,1,0,1
66,66,0,1,0,1,0,1
28034,26485,1549,48,16,29,19,0
70,70,0,1,5,1,0,0
62,62,0,1,0,1,0,1
72354,14398,57956,123,15,40,83,0
159,159,0,1,0,1,0,3
62,62,0,1,0,1,0,1
275,71,204,2,31,1,1,0
70,70,0,1,0,1,0,2
341,110,231,2,29,1,1,0
13769,11153,2616,30,361,16,14,0
130,70,60,3,6,2,1,0
235,90,145,2,32,1,1,0
195,102,93,2,31,1,1,0
70,70,0,2,8,2,0,0
1852,1103,749,16,31,9,7,0
1585,863,722,12,15,6,6,0
62,62,0,1,0,1,0,1
70,70,0,1,0,1,0,2
136,136,0,1,0,1,0,1
66,66,0,1,0,1,0,2
3197,2167,1030,17,72,10,7,0
70,70,0,1,0,1,0,2
100,100,0,1,0,1,0,1
148,82,66,2,10,1,1,0
184,94,90,2,30,1,1,0
66,66,0,1,0,1,0,1
243,94,149,2,30,1,1,0
66,66,0,1,0,1,0,1
62,62,0,1,0,1,0,1
60,60,0,1,0,1,0,1
6066,1016,5050,20,26,11,9,0
129,129,0,1,0,1,0,1
70,70,0,1,0,1,0,2
70,70,0,1,0,1,0,2
62,62,0,1,0,1,0,1
3936219,107920,3828299,3880,132,1208,2672,0
150,150,0,2,1201,2,0,0
70,70,0,1,0,1,0,2
214,140,74,4,35,3,1,0
70,70,0,1,0,1,0,2
66,66,0,1,0,1,0,2
139,139,0,1,0,1,0,1
166,86,80,2,31,1,1,0
70,70,0,1,0,1,0,2
62,62,0,1,0,1,0,1
70,70,0,1,0,1,0,2
146,146,0,1,0,1,0,1
70,70,0,1,0,1,0,2
66,66,0,1,0,1,0,2
5272,1535,3737,17,35,12,5,0
62,62,0,1,0,1,0,1
168,78,90,2,30,1,1,0
66,66,0,1,0,1,0,2
66,66,0,1,0,1,0,1
200,102,98,2,29,1,1,0
66,66,0,1,0,1,0,2
62,62,0,1,0,1,0,1
3875761,85491,3790270,3838,89,1315,2523,0
262,94,168,2,30,1,1,0
145,145,0,1,0,1,0,1
70,70,0,1,5,1,0,0
890,126,764,2,30,1,1,0
177,94,83,2,30,1,1,0
499,425,74,4,0,3,1,0
78,78,0,1,0,1,0,1
62,62,0,1,0,1,0,1
70,70,0,1,0,1,0,2
66,66,0,1,0,1,0,1
62,62,0,1,0,1,0,1
156,156,0,3,7,3,0,0
233,102,131,2,30,1,1,0
62,62,0,1,0,1,0,1
3428,1714,1714,16,33,8,8,0
184,94,90,2,31,1,1,0
70,70,0,1,0,1,0,2
62,62,0,1,0,1,0,1
528,528,0,9,1200,9,0,0
229,89,140,2,31,1,1,0
1798,1223,575,13,25,8,5,0
66,66,0,1,0,1,0,1
60,60,0,1,0,1,0,1
177,94,83,2,30,1,1,0
62,62,0,1,0,1,0,1
78,78,0,1,30,1,0,0
8758,3850,4908,26,330,14,12,0
70,70,0,2,8,2,0,0
3132,815,2317,14,18,7,7,0
11732,4753,6979,41,397,17,24,0
167,86,81,2,29,1,1,0
70,70,0,1,0,1,0,2
10717,6715,4002,121,4588,71,50,0
261,94,167,2,30,1,1,0
300,180,120,6,29,4,2,0
70,70,0,1,0,1,0,2
730,102,628,2,29,1,1,0
770,102,668,2,29,1,1,0
4974,2311,2663,29,79,15,14,0
197,102,95,2,30,1,1,0
357,105,252,4,57,2,2,0
198,94,104,2,30,1,1,0
70,70,0,1,0,1,0,2
66,66,0,1,0,1,0,1
1526,972,554,10,75,6,4,0
2019,1219,800,15,17,8,7,0
3409,1454,1955,16,16,8,8,0
70,70,0,1,0,1,0,2
60,60,0,1,0,1,0,1
816,102,714,2,30,1,1,0
60,60,0,1,0,1,0,1
165,86,79,2,31,1,1,0
192,98,94,2,31,1,1,0
66,66,0,1,0,1,0,1
235,92,143,2,30,1,1,0
66,66,0,1,0,1,0,1
184,94,90,2,30,1,1,0
70,70,0,1,0,1,0,2
70,70,0,1,5,1,0,0
70,70,0,1,0,1,0,2
62,62,0,1,0,1,0,1
70,70,0,1,0,1,0,2
6058,1038,5020,20,66,11,9,0
12666,4180,8486,37,504,20,17,0
4621,3079,1542,24,52,13,11,0
8888,1757,7131,26,174,15,11,0
66,66,0,1,0,1,0,1
70,70,0,1,0,1,0,2
5167,700,4467,16,15,7,9,0
826,362,464,13,30,6,7,0
19866,7188,12678,18,151,7,11,0
62,62,0,1,0,1,0,1
80556,2669,77887,84,144,28,56,0
66,66,0,1,0,1,0,1
183,94,89,2,30,1,1,0
70,70,0,1,0,1,0,2
70,70,0,1,5,1,0,0
177,94,83,2,29,1,1,0
70,70,0,1,0,1,0,2
70,70,0,1,5,1,0,0
66,66,0,1,0,1,0,2
183,94,89,2,31,1,1,0
66,66,0,1,0,1,0,1
74,74,0,1,0,1,0,1
209,83,126,2,30,1,1,0
193,102,91,2,30,1,1,0
66,66,0,1,0,1,0,2
5997,976,5021,19,72,10,9,0
62,62,0,1,0,1,0,1
200862,57949,142913,361,24,172,189,0
66,66,0,1,0,1,0,2
159,159,0,1,0,1,0,1
66,66,0,1,0,1,0,1
168,86,82,2,31,1,1,0
70,70,0,1,0,1,0,2
66,66,0,1,0,1,0,1
66,66,0,1,0,1,0,2
62,62,0,1,0,1,0,1
62,62,0,1,0,1,0,1
62,62,0,1,0,1,0,1
1898,378,1520,6,31,4,2,0
66,66,0,2,10,2,0,0
66,66,0,1,0,1,0,1
6650,1556,5094,23,18,13,10,0
129,129,0,1,0,1,0,1
70,70,0,1,0,1,0,1
66,66,0,1,0,1,0,1
62,62,0,1,0,1,0,1
70,70,0,1,0,1,0,2
6373,1744,4629,22,15,13,9,0
177,94,83,2,29,1,1,0
62,62,0,1,0,1,0,1
62,62,0,1,0,1,0,1
239,102,137,2,30,1,1,0
337,110,227,2,30,1,1,0
60,60,0,1,0,1,0,1
162,162,0,1,0,1,0,1
168,78,90,2,29,1,1,0
6060,1553,4507,18,129,10,8,0
732,89,643,2,30,1,1,0
70,70,0,1,0,1,0,1
66,66,0,1,0,1,0,2
7608,2413,5195,19,120,9,10,0
2806,626,2180,12,15,6,6,0
670,382,288,10,133,6,4,0
168,94,74,2,31,1,1,0
811,671,140,6,22,4,2,0
70,70,0,1,0,1,0,2
5789,952,4837,19,150,10,9,0
66,66,0,1,0,1,0,2
7519,2177,5342,16,136,8,8,0
10141,5997,4144,56,156,28,28,0
66,66,0,1,0,1,0,2
9581,2352,7229,14,89,7,7,0
70,70,0,1,0,1,0,2
66,66,0,1,0,1,0,1
785,110,675,2,30,1,1,0
70,70,0,1,0,1,0,2
314,98,216,2,30,1,1,0
70,70,0,1,0,1,0,2
214,82,132,2,32,1,1,0
146,146,0,1,0,1,0,1
168,78,90,2,30,1,1,0
62,62,0,1,0,1,0,1
178,79,99,2,30,1,1,0
199,102,97,2,30,1,1,0
66,66,0,1,0,1,0,1
199,102,97,2,30,1,1,0
66,66,0,1,0,1,0,2
70,70,0,2,7,2,0,0
214,102,112,2,29,1,1,0
66,66,0,1,0,1,0,2
211,110,101,2,30,1,1,0
70,70,0,1,0,1,0,2
62,62,0,1,0,1,0,1
66,66,0,1,0,1,0,1
66,66,0,1,0,1,0,1
18931,4924,14007,46,139,20,26,0
70,70,0,1,0,1,0,2
275,93,182,4,31,2,2,0
66,66,0,1,0,1,0,2
70,70,0,1,0,1,0,2
212,102,110,2,30,1,1,0
66,66,0,1,0,1,0,2
66,66,0,1,0,1,0,2
8020,1134,6886,23,15,11,12,0
11485,3381,8104,39,124,23,16,0
956,541,415,11,316,6,5,0
82,82,0,1,30,1,0,0
13923,1728,12195,24,16,10,14,0
183,94,89,2,29,1,1,0
150,150,0,1,1200,1,0,0
3170,1556,1614,7,121,3,4,0
70,70,0,1,5,1,0,0
66,66,0,1,0,1,0,2
751,95,656,2,31,1,1,0
234,234,0,4,11,4,0,0
70,70,0,1,0,1,0,2
11555,2620,8935,45,822,18,27,0
63100,10145,52955,87,147,37,50,0
66,66,0,1,0,1,0,1
3371,2029,1342,16,360,8,8,0
130,70,60,3,5,2,1,0
1658,1344,314,10,14,5,5,0
62,62,0,1,0,1,0,1
371,94,277,2,29,1,1,0
24686,1935,22751,36,20,17,19,0
711,87,624,2,0,1,1,0
66,66,0,1,0,1,0,1
883,126,757,2,30,1,1,0
70,70,0,1,0,1,0,2
66,66,0,1,0,1,0,1
8618,3110,5508,34,1695,18,16,0
66,66,0,1,0,1,0,1
69951,4941,65010,95,351,45,50,0
62,62,0,1,0,1,0,1
172,88,84,2,30,1,1,0
66,66,0,1,0,1,0,2
1515,481,1034,11,16,6,5,0
514,246,268,9,42,5,4,0
62,62,0,1,0,1,0,1
480624,56231,424393,860,196,427,433,0
70,70,0,1,0,1,0,2
70,70,0,1,0,1,0,2
60,60,0,1,0,1,0,1
66,66,0,1,0,1,0,1
70,70,0,1,0,1,0,2
7691,1999,5692,35,256,18,17,0
70,70,0,1,0,1,0,2
66,66,0,1,0,1,0,2
1640,831,809,18,43,10,8,0
694,350,344,11,28,6,5,0
216,110,106,2,29,1,1,0
1272,876,396,10,26,6,4,0
12942,3659,9283,66,217,36,30,0
321,108,213,4,33,2,2,0
62,62,0,1,0,1,0,1
70,70,0,1,0,1,0,2
78,78,0,1,0,1,0,1
60,60,0,1,60,1,0,0
62,62,0,1,0,1,0,1
209,102,107,2,30,1,1,0
70,70,0,1,0,1,0,2
62,62,0,1,0,1,0,1
70,70,0,1,0,1,0,2
183,94,89,2,30,1,1,0
26901,2286,24615,46,319,18,28,0
312,132,180,6,5,3,3,0
183,94,89,2,30,1,1,0
172,88,84,2,30,1,1,0
229,89,140,2,30,1,1,0
198,93,105,2,30,1,1,0
7987,2092,5895,18,119,8,10,0
74,74,0,1,0,1,0,1
216,156,60,4,8,3,1,0
280,118,162,2,29,1,1,0
235,90,145,2,32,1,1,0
366,240,126,7,21,5,2,0
70,70,0,1,0,1,0,2
60,60,0,1,0,1,0,1
62,62,0,1,0,1,0,1
9499,3786,5713,31,315,16,15,0
178,94,84,2,30,1,1,0
62,62,0,1,0,1,0,1
7356,1014,6342,20,75,10,10,0
66,66,0,1,0,1,0,2
756,95,661,2,30,1,1,0
6827,1776,5051,26,121,13,13,0
70,70,0,2,7,2,0,0
211,78,133,2,30,1,1,0
66,66,0,1,0,1,0,1
62,62,0,1,0,1,0,1
142,80,62,2,31,1,1,0
167,86,81,2,29,1,1,0
7356,1014,6342,20,75,10,10,0
138,78,60,2,5,1,1,0
70,70,0,1,5,1,0,0
232,110,122,2,30,1,1,0
752,93,659,2,30,1,1,0
62,62,0,1,0,1,0,1
218,78,140,2,30,1,1,0
62,62,0,1,0,1,0,1
70,70,0,1,0,1,0,2
66,66,0,1,0,1,0,1
4991,3096,1895,22,220,13,9,0
67265,57889,9376,174,102,98,76,0
146,146,0,1,0,1,0,1
8113,1082,7031,19,16,10,9,0
66,66,0,1,0,1,0,2
70,70,0,1,0,1,0,2
70,70,0,1,0,1,0,2
6165,1407,4758,21,45,12,9,0
318,192,126,6,42,4,2,0
70,70,0,1,0,1,0,2
482,300,182,9,26,6,3,0
7554,2281,5273,22,129,13,9,0
2050,1277,773,15,15,8,7,0
148,86,62,2,30,1,1,0
193,102,91,2,30,1,1,0
66,66,0,1,0,1,0,1
70,70,0,1,0,1,0,2
183,94,89,2,31,1,1,0
23266,18300,4966,56,27,33,23,0
70,70,0,1,0,1,0,2
60,60,0,1,0,1,0,1
66,66,0,1,0,1,0,1
62,62,0,1,0,1,0,1
66,66,0,1,0,1,0,2
733,94,639,2,30,1,1,0
6414,1614,4800,24,17,13,11,0
173,94,79,2,30,1,1,0
70,70,0,1,0,1,0,2
7948,1520,6428,21,16,13,8,0
5931,1750,4181,24,48,14,10,0
376,118,258,2,30,1,1,0
70,70,0,1,5,1,0,0
62,62,0,1,0,1,0,1
70,70,0,1,0,1,0,2
179,94,85,2,30,1,1,0
17470103,920642,16549461,18410,181,6438,11972,0
199,90,109,2,30,1,1,0
14862,1091,13771,26,135,14,12,0
5144,847,4297,16,132,9,7,0
209,110,99,2,31,1,1,0
66,66,0,1,0,1,0,2
62,62,0,1,0,1,0,1
66,66,0,1,0,1,0,2
66,66,0,1,0,1,0,1
70,70,0,1,0,1,0,2
774,101,673,2,31,1,1,0
1808,636,1172,16,16,8,8,0
66,66,0,1,0,1,0,2
199,102,97,2,29,1,1,0
70,70,0,1,0,1,0,2
24166,3105,21061,31,24,12,19,0
7332,2197,5135,18,135,8,10,0
318,192,126,6,26,4,2,0
70,70,0,1,0,1,0,2
210,110,100,2,29,1,1,0
62,62,0,1,0,1,0,1
734,94,640,2,30,1,1,0
179433,12614,166819,217,116,78,139,0
66,66,0,1,0,1,0,2
66,66,0,1,0,1,0,2
701,88,613,2,30,1,1,0
62,62,0,1,0,1,0,1
261,94,167,2,30,1,1,0
70,70,0,1,0,1,0,2
70,70,0,2,6,2,0,0
195,102,93,2,30,1,1,0
70,70,0,1,0,1,0,2
1167125,49170,1117955,1459,92,635,824,0
10208,5093,5115,46,15,27,19,0
166,166,0,1,1200,1,0,0
62,62,0,1,0,1,0,1
228,110,118,2,30,1,1,0
1813,1004,809,16,28,8,8,0
202,103,99,2,31,1,1,0
62,62,0,1,0,1,0,1
33667,25477,8190,60,33,34,26,0
70,70,0,1,0,1,0,2
66,66,0,1,0,1,0,2
66,66,0,1,0,1,0,2
66,66,0,1,0,1,0,1
70,70,0,1,0,1,0,2
70,70,0,1,0,1,0,2
21960,14378,7582,49,18,26,23,0
22817,7615,15202,30,16,16,14,0
37711,4074,33637,69,32,31,38,0
177,94,83,2,30,1,1,0
70,70,0,1,0,1,0,2
66,66,0,1,0,1,0,1
216,90,126,2,30,1,1,0
60,60,0,1,0,1,0,1
62,62,0,1,0,1,0,1
62,62,0,1,0,1,0,1
10209,2530,7679,33,223,17,16,0
1304,612,692,18,120,9,9,0
210,110,100,2,30,1,1,0
62,62,0,1,0,1,0,1
360,160,200,4,49,2,2,0
62,62,0,1,0,1,0,1
10087,4073,6014,33,88,18,15,0
70,70,0,1,0,1,0,2
384,166,218,2,30,1,1,0
7292,3171,4121,19,21,11,8,0
70,70,0,1,5,1,0,0
4249,724,3525,13,15,7,6,0
66,66,0,1,0,1,0,2
234,234,0,1,0,1,0,1
37465,18615,18850,299,588,135,164,0
268,94,174,2,30,1,1,0
183,94,89,2,30,1,1,0
177,94,83,2,30,1,1,0
70,70,0,1,0,1,0,2
176,90,86,2,31,1,1,0
480,149,331,2,1200,1,1,0
66,66,0,1,0,1,0,1
326,102,224,2,29,1,1,0
70,70,0,1,0,1,0,2
62,62,0,1,0,1,0,1
196,102,94,2,31,1,1,0
62,62,0,1,0,1,0,1
66,66,0,1,0,1,0,1
70,70,0,2,8,2,0,0
70,70,0,1,0,1,0,2
146,146,0,1,0,1,0,1
78,78,0,1,0,1,0,1
66,66,0,1,0,1,0,2
70,70,0,1,0,1,0,2
70,70,0,2,8,2,0,0
62,62,0,1,0,1,0,1
13738,6378,7360,70,981,33,37,0
197,102,95,2,30,1,1,0
181,94,87,2,30,1,1,0
70,70,0,1,0,1,0,2
66,66,0,1,0,1,0,1
347192,61325,285867,643,191,297,346,0
44294,9390,34904,167,319,83,84,0
199,102,97,2,31,1,1,0
70,70,0,2,8,2,0,0
146,146,0,1,0,1,0,1
198,102,96,2,30,1,1,0
832,106,726,2,30,1,1,0
1082,896,186,18,214,15,3,0
60,60,0,1,0,1,0,1
60,60,0,1,0,1,0,1
2334,1113,1221,19,27,9,10,0
210,110,100,2,31,1,1,0
62,62,0,1,0,1,0,1
66,66,0,1,0,1,0,2
878,126,752,2,30,1,1,0
70,70,0,1,0,1,0,2
66,66,0,1,0,1,0,1
70,70,0,1,0,1,0,2
62,62,0,1,0,1,0,1
60,60,0,1,0,1,0,1
70,70,0,1,0,1,0,2
278,86,192,2,30,1,1,0
66,66,0,1,0,1,0,2
216,98,118,2,30,1,1,0
66,66,0,1,0,1,0,1
70,70,0,1,0,1,0,2
70,70,0,1,0,1,0,2
202,103,99,2,31,1,1,0
62,62,0,1,0,1,0,1
4867,1208,3659,16,23,10,6,0
1369,708,661,14,45,8,6,0
343,343,0,1,0,1,0,1
146,146,0,1,0,1,0,1
180730,19869,160861,239,171,103,136,0
66,66,0,1,0,1,0,1
185,102,83,2,30,1,1,0
66,66,0,1,0,1,0,2
2237,508,1729,10,125,6,4,0
210,110,100,2,30,1,1,0
70,70,0,1,0,1,0,2
7047,1994,5053,20,24,12,8,0
152,78,74,2,4,1,1,0
932965,16289,916676,768,65,148,620,0
62,62,0,1,0,1,0,1
492,306,186,8,15,5,3,0
70,70,0,1,0,1,0,2
318,192,126,6,41,4,2,0
17188,1559,15629,25,25,10,15,0
70,70,0,1,0,1,0,2
286,103,183,4,51,2,2,0
66,66,0,1,0,1,0,1
66,66,0,1,0,1,0,1
66,66,0,1,0,1,0,1
414,140,274,7,27,3,4,0
66,66,0,1,0,1,0,1
7087,746,6341,16,15,9,7,0
3936,1618,2318,26,146,14,12,0
178,94,84,2,29,1,1,0
146,146,0,1,0,1,0,1
66,66,0,1,0,1,0,2
217,82,135,2,33,1,1,0
210,94,116,2,30,1,1,0
66,66,0,1,0,1,0,2
209,110,99,2,30,1,1,0
66,66,0,1,0,1,0,2
183,94,89,2,29,1,1,0
192,90,102,2,31,1,1,0
66,66,0,1,0,1,0,2
825,99,726,2,31,1,1,0
102,102,0,1,59,1,0,0
8137,2110,6027,29,394,10,19,0
74,74,0,1,0,1,0,1
62,62,0,1,0,1,0,1
4862,1820,3042,14,120,7,7,0
62,62,0,1,0,1,0,1
4417,3084,1333,17,361,9,8,0
66,66,0,1,0,1,0,2
5513,929,4584,20,360,10,10,0
1864,250,1614,8,120,4,4,0
62,62,0,1,0,1,0,1
62,62,0,1,0,1,0,1
312,102,210,2,30,1,1,0
240,78,162,2,30,1,1,0
170,87,83,2,30,1,1,0
6496,1340,5156,31,506,10,21,0
60,60,0,1,0,1,0,1
70,70,0,2,8,2,0,0
4962,1352,3610,19,135,9,10,0
72,72,0,1,0,1,0,1
234,102,132,2,30,1,1,0
66,66,0,1,0,1,0,1
62,62,0,1,0,1,0,1
199,102,97,2,29,1,1,0
66,66,0,1,0,1,0,1
779,86,693,2,29,1,1,0
90139,3545,86594,96,15,32,64,0
146,146,0,1,0,1,0,1
70,70,0,1,0,1,0,2
70,70,0,1,0,1,0,2
817,98,719,2,30,1,1,0
66,66,0,1,0,1,0,1
320,140,180,6,7,3,3,0
70,70,0,1,0,1,0,2
62,62,0,1,0,1,0,1
70553,6471,64082,141,182,69,72,0
84884,5896,78988,128,36,66,62,0
771,102,669,2,31,1,1,0
7144,4917,2227,36,561,18,18,0
66,66,0,1,0,1,0,2
200,94,106,2,30,1,1,0
78,78,0,1,30,1,0,0
316,190,126,5,15,3,2,0
762,98,664,2,30,1,1,0
60,60,0,1,0,1,0,1
92447,4519,87928,105,16,39,66,0
8005,1985,6020,20,15,11,9,0
66,66,0,1,0,1,0,1
70,70,0,1,0,1,0,2
66,66,0,1,0,1,0,1
146,146,0,1,0,1,0,1
66,66,0,1,0,1,0,1
66,66,0,1,0,1,0,1
70,70,0,1,0,1,0,2
214,140,74,4,25,3,1,0
53024,5569,47455,72,140,35,37,0
4185,3462,723,14,16,7,7,0
199,102,97,2,30,1,1,0
66,66,0,1,0,1,0,1
4565,3479,1086,13,138,8,5,0
70,70,0,1,0,1,0,2
70,70,0,1,0,1,0,2
66,66,0,1,0,1,0,2
1210,450,760,17,54,5,12,0
70,70,0,1,0,1,0,2
256,88,168,4,35,2,2,0
70,70,0,1,0,1,0,2
227,90,137,2,30,1,1,0
70,70,0,1,4,1,0,0
10809,2465,8344,45,121,21,24,0
8603,853,7750,27,92,9,18,0
178,91,87,2,30,1,1,0
1810,821,989,10,20,6,4,0
66,66,0,1,0,1,0,2
146,146,0,1,0,1,0,1
1094437,6233,1088204,817,36,92,725,0
195,102,93,2,30,1,1,0
66,66,0,1,0,1,0,2
1139,878,261,2,30,1,1,0
146,146,0,1,0,1,0,1
186,95,91,3,34,2,1,0
366,240,126,7,32,5,2,0
226,110,116,2,30,1,1,0
60,60,0,1,0,1,0,1
2310,2310,0,36,3136,36,0,0
3663,1097,2566,13,136,6,7,0
146,146,0,1,0,1,0,1
266,89,177,4,58,2,2,0
913,126,787,2,30,1,1,0
5941,1856,4085,22,81,13,9,0
70,70,0,1,0,1,0,2
70,70,0,1,4,1,0,0
2950,679,2271,13,120,6,7,0
12912,4288,8624,43,20,22,21,0
70,70,0,1,0,1,0,2
70,70,0,1,0,1,0,2
216,110,106,2,30,1,1,0
70,70,0,1,0,1,0,2
70,70,0,1,0,1,0,2
120,60,60,3,3600,2,1,0
70,70,0,1,0,1,0,2
145,145,0,1,0,1,0,1
184,94,90,2,30,1,1,0
66,66,0,1,0,1,0,2
146,146,0,1,0,1,0,1
928,928,0,1,0,1,0,1
182,182,0,1,0,1,0,1
62,62,0,1,0,1,0,1
70,70,0,1,5,1,0,0
193,102,91,2,30,1,1,0
732,89,643,2,30,1,1,0
204,118,86,2,31,1,1,0
210,110,100,2,30,1,1,0
66,66,0,1,5,1,0,0
899,288,611,4,1199,2,2,0
70,70,0,1,0,1,0,2
70,70,0,1,0,1,0,2
9156,2109,7047,27,32,15,12,0
314,128,186,6,26,3,3,0
66,66,0,1,0,1,0,1
22352,9825,12527,111,370,55,56,0
5696,703,4993,14,75,8,6,0
66,66,0,1,0,1,0,2
66,66,0,1,0,1,0,1
70,70,0,1,0,1,0,2
60,60,0,1,0,1,0,1
62,62,0,1,0,1,0,1
12779517,343310,12436207,12837,162,4589,8248,0
70,70,0,1,0,1,0,2
70,70,0,1,0,1,0,2
70,70,0,1,0,1,0,2
66,66,0,1,0,1,0,2
62,62,0,1,0,1,0,1
66,66,0,1,0,1,0,1
306,180,126,6,41,4,2,0
66,66,0,1,0,1,0,2
70,70,0,1,0,1,0,2
66,66,0,1,0,1,0,2
66,66,0,1,0,1,0,2
130,70,60,2,15,1,1,0
142,142,0,1,5,1,0,0
11804,4009,7795,41,150,21,20,0
764,102,662,2,30,1,1,0
1494,898,596,12,142,6,6,0
66,66,0,1,0,1,0,1
184,94,90,2,30,1,1,0
66,66,0,1,0,1,0,2
202384,47621,154763,307,198,112,195,0
11127,1324,9803,24,75,12,12,0
70,70,0,1,0,1,0,2
62,62,0,1,0,1,0,1
195,102,93,2,30,1,1,0
66,66,0,1,0,1,0,2
146,146,0,1,0,1,0,1
66,66,0,1,0,1,0,2
66,66,0,1,0,1,0,2
2120,1080,1040,17,55,10,7,0
177,94,83,2,29,1,1,0
70,70,0,1,0,1,0,2
3708,1988,1720,20,255,10,10,0
70,70,0,1,0,1,0,2
11323,3376,7947,29,77,16,13,0
60,60,0,1,0,1,0,1
66,66,0,1,0,1,0,2
14747,5073,9674,109,45,51,58,0
199,94,105,2,30,1,1,0
62,62,0,1,0,1,0,1
74,74,0,1,0,1,0,1
70,70,0,1,0,1,0,2
146,146,0,1,0,1,0,1
66,66,0,1,0,1,0,2
70,70,0,1,0,1,0,2
184,86,98,2,30,1,1,0
66,66,0,1,0,1,0,1
600,156,444,8,25,2,6,0
789,102,687,2,30,1,1,0
62,62,0,1,0,1,0,1
70,70,0,1,0,1,0,2
70,70,0,1,0,1,0,2
183,94,89,2,30,1,1,0
66,66,0,1,0,1,0,2
200,90,110,2,29,1,1,0
184,94,90,2,29,1,1,0
168,78,90,2,30,1,1,0
366,240,126,7,26,5,2,0
70,70,0,2,8,2,0,0
66,66,0,1,0,1,0,2
70,70,0,1,0,1,0,2
198,102,96,2,30,1,1,0
78,78,0,1,30,1,0,0
878,126,752,2,30,1,1,0
66,66,0,2,10,2,0,0
70,70,0,1,0,1,0,2
279,94,185,2,30,1,1,0
183,94,89,2,30,1,1,0
70,70,0,1,0,1,0,2
3850,1745,2105,19,18,11,8,0
762,98,664,2,30,1,1,0
66,66,0,1,0,1,0,2
16888,2692,14196,42,150,22,20,0
695,575,120,4,6,2,2,0
94083,6192,87891,121,139,57,64,0
62,62,0,1,0,1,0,1
70,70,0,1,0,1,0,2
62,62,0,1,0,1,0,1
70,70,0,1,5,1,0,0
66,66,0,1,0,1,0,2
216,90,126,2,30,1,1,0
4397,2104,2293,29,85,11,18,0
70,70,0,1,5,1,0,0
578,286,292,9,15,5,4,0
24856,2858,21998,57,100,30,27,0
66,66,0,1,0,1,0,2
130,70,60,2,15,1,1,0
177,94,83,2,30,1,1,0
70,70,0,1,0,1,0,2
62,62,0,1,0,1,0,1
70,70,0,1,0,1,0,2
66,66,0,1,0,1,0,1
70,70,0,1,0,1,0,2
199,102,97,2,29,1,1,0
1478,918,560,12,44,6,6,0
258,78,180,2,31,1,1,0
60,60,0,1,0,1,0,1
70,70,0,1,4,1,0,0
66,66,0,1,0,1,0,1
62,62,0,1,0,1,0,1
767,102,665,2,30,1,1,0
70,70,0,1,0,1,0,2
6292,4834,1458,18,129,11,7,0
4480,1573,2907,19,30,11,8,0
70,70,0,1,0,1,0,2
731,85,646,2,30,1,1,0
146,146,0,1,0,1,0,1
70,70,0,2,8,2,0,0
62,62,0,1,0,1,0,1
70,70,0,1,0,1,0,2
7212,1757,5455,20,17,10,10,0
66,66,0,1,0,1,0,1
66,66,0,1,0,1,0,1
371,237,134,3,32,2,1,0
9622,3524,6098,59,916,29,30,0
183,94,89,2,31,1,1,0
66,66,0,1,0,1,0,2
66,66,0,1,0,1,0,1
70,70,0,1,0,1,0,2
16848,822,16026,23,16,9,14,0
70,70,0,1,0,1,0,2
66,66,0,1,0,1,0,2
222010,7236,214774,216,28,66,150,0
193,102,91,2,29,1,1,0
62,62,0,1,0,1,0,1
2396,1144,1252,14,982,7,7,0
70,70,0,1,0,1,0,2
62,62,0,1,0,1,0,1
70,70,0,1,0,1,0,2
66,66,0,1,0,1,0,1
4994,855,4139,14,21,7,7,0
13341,4805,8536,88,378,42,46,0
70,70,0,1,0,1,0,2
62,62,0,1,0,1,0,1
70,70,0,1,0,1,0,2
168,86,82,2,30,1,1,0
7653,1226,6427,24,18,14,10,0
193,102,91,2,29,1,1,0
316,136,180,6,6,3,3,0
490571,27526,463045,511,141,170,341,0
62,62,0,1,0,1,0,1
194,102,92,2,31,1,1,0
88,88,0,1,0,1,0,1
70,70,0,1,0,1,0,2
22753,7559,15194,31,16,16,15,0
8042,2104,5938,27,26,15,12,0
5841,1986,3855,19,18,11,8,0
66,66,0,1,0,1,0,2
60,60,0,1,0,1,0,1
70,70,0,1,0,1,0,2
70,70,0,1,0,1,0,2
182,94,88,2,30,1,1,0
2086,1214,872,8,88,5,3,0
70,70,0,2,8,2,0,0
82,82,0,2,40,2,0,0
1032410,43358,989052,1356,72,591,765,0
199,102,97,2,29,1,1,0
156,156,0,3,8,3,0,0
70,70,0,1,0,1,0,2
62,62,0,1,0,1,0,1
1463,865,598,11,144,6,5,0
243,86,157,2,29,1,1,0
211,110,101,2,30,1,1,0
196,94,102,2,30,1,1,0
199,102,97,2,30,1,1,0
1480,1029,451,11,151,6,5,0
66,66,0,1,0,1,0,1
565,215,350,6,37,3,3,0
304,86,218,2,30,1,1,0
70,70,0,1,4,1,0,0
372,192,180,7,42,4,3,0
66,66,0,1,0,1,0,1
70,70,0,2,4,2,0,0
3120,1862,1258,18,15,11,7,0
66,66,0,1,0,1,0,2
66,66,0,1,0,1,0,1
82,82,0,1,30,1,0,0
110,110,0,1,0,1,0,1
62,62,0,1,0,1,0,1
1432,663,769,10,19,6,4,0
274,78,196,2,31,1,1,0
322,110,212,4,30,2,2,0
70,70,0,1,0,1,0,2
62,62,0,1,0,1,0,1
70,70,0,1,0,1,0,2
66,66,0,1,0,1,0,2
66,66,0,1,0,1,0,2
11485,3525,7960,32,33,18,14,0
62,62,0,1,0,1,0,1
3354,1792,1562,46,195,23,23,0
70,70,0,1,0,1,0,2
2707,1383,1324,29,36,16,13,0
178,94,84,2,30,1,1,0
523577,34256,489321,1025,208,473,552,0
470,348,122,6,26,4,2,0
62,62,0,1,0,1,0,1
4172,1018,3154,16,27,8,8,0
190,70,120,4,15,2,2,0
70,70,0,1,0,1,0,2
134,134,0,1,0,1,0,1
62,62,0,1,0,1,0,1
102,102,0,1,30,1,0,0
62,62,0,1,0,1,0,1
184,80,104,2,0,1,1,0
66,66,0,1,0,1,0,1
62,62,0,1,0,1,0,1
207,97,110,3,64,2,1,0
179,94,85,2,30,1,1,0
486,300,186,9,31,6,3,0
371,109,262,4,59,2,2,0
66,66,0,1,0,1,0,2
70,70,0,1,0,1,0,2
692,300,392,9,26,6,3,0
168,86,82,2,29,1,1,0
59786,3488,56298,119,55,45,74,0
70,70,0,1,0,1,0,2
371,77,294,2,30,1,1,0
177,94,83,2,30,1,1,0
62,62,0,1,0,1,0,1
190,97,93,2,31,1,1,0
145,145,0,1,0,1,0,1
7243,1860,5383,26,330,14,12,0
194,102,92,2,31,1,1,0
2658,1126,1532,25,120,12,13,0
572,240,332,10,84,5,5,0
216,110,106,2,31,1,1,0
822,102,720,2,30,1,1,0
5573,2434,3139,21,25,12,9,0
200,102,98,2,30,1,1,0
62,62,0,1,0,1,0,1
70,70,0,1,0,1,0,2
70,70,0,1,0,1,0,2
882,126,756,2,30,1,1,0
70,70,0,1,0,1,0,2
70,70,0,1,0,1,0,2
757,98,659,2,31,1,1,0
194,102,92,2,31,1,1,0
145,145,0,1,0,1,0,1
66,66,0,1,0,1,0,1
62,62,0,1,0,1,0,1
70,70,0,1,0,1,0,2
190,97,93,2,31,1,1,0
66,66,0,1,0,1,0,1
244,98,146,2,32,1,1,0
10178,1101,9077,22,125,10,12,0
749,94,655,2,30,1,1,0
195,102,93,2,29,1,1,0
66,66,0,1,0,1,0,1
150,150,0,1,1200,1,0,0
70,70,0,1,0,1,0,2
70,70,0,1,0,1,0,2
194,102,92,2,33,1,1,0
62,62,0,1,0,1,0,1
177,94,83,2,31,1,1,0
166,86,80,2,30,1,1,0
458,104,354,4,57,2,2,0
184,102,82,2,30,1,1,0
711,87,624,2,30,1,1,0
768,193,575,6,40,3,3,0
779,110,669,2,30,1,1,0
66,66,0,1,0,1,0,2
130,70,60,2,15,1,1,0
4729,1822,2907,19,27,11,8,0
62,62,0,1,0,1,0,1
70,70,0,1,0,1,0,2
62,62,0,1,0,1,0,1
183,94,89,2,30,1,1,0
62,62,0,1,0,1,0,1
6454,1227,5227,18,122,9,9,0
100,100,0,1,0,1,0,1
66,66,0,1,0,1,0,2
62,62,0,1,0,1,0,1
16652,13777,2875,48,44,27,21,0
241,94,147,2,30,1,1,0
221,111,110,2,1200,1,1,0
62,62,0,1,0,1,0,1
146,146,0,1,0,1,0,1
182,93,89,2,31,1,1,0
70,70,0,1,0,1,0,2
70,70,0,1,0,1,0,2
197,102,95,2,30,1,1,0
70,70,0,1,0,1,0,2
9999,4008,5991,33,345,18,15,0
2845,1765,1080,15,142,8,7,0
184,94,90,2,30,1,1,0
186,95,91,2,31,1,1,0
60,60,0,1,0,1,0,1
222,86,136,2,30,1,1,0
70,70,0,1,0,1,0,2
66,66,0,1,0,1,0,1
60,60,0,1,0,1,0,1
66,66,0,1,0,1,0,1
1254,160,1094,4,49,2,2,0
70,70,0,1,0,1,0,2
326,78,248,2,31,1,1,0
66,66,0,1,0,1,0,1
70,70,0,1,0,1,0,2
76193,2105,74088,75,359,23,52,0
66,66,0,1,0,1,0,2
182,60,122,4,26,2,2,0
66,66,0,1,0,1,0,2
10014,6664,3350,28,17,14,14,0
2958,1567,1391,15,15,8,7,0
30571,1990,28581,53,80,21,32,0
4995,3443,1552,23,26,13,10,0
211,102,109,2,30,1,1,0
60,60,0,1,0,1,0,1
186,95,91,2,31,1,1,0
62,62,0,1,0,1,0,1
4651,1744,2907,19,28,11,8,0
757,102,655,2,29,1,1,0
170,87,83,2,30,1,1,0
90289,3481,86808,96,16,31,65,0
74,74,0,1,0,1,0,1
60,60,0,1,0,1,0,1
70,70,0,1,0,1,0,2
66,66,0,1,0,1,0,1
70,70,0,1,0,1,0,2
1705,536,1169,5,1200,4,1,0
66,66,0,1,0,1,0,1
62,62,0,1,0,1,0,1
10103,3482,6621,59,16,29,30,0
4764,1876,2888,22,81,10,12,0
296,102,194,2,30,1,1,0
70,70,0,1,0,1,0,2
62,62,0,1,0,1,0,1
199,94,105,2,30,1,1,0
66,66,0,1,0,1,0,1
60,60,0,1,0,1,0,1
62,62,0,1,0,1,0,1
216,110,106,2,30,1,1,0
62,62,0,1,0,1,0,1
178,94,84,2,31,1,1,0
761,166,595,2,1200,1,1,0
9540,2954,6586,18,88,8,10,0
198,102,96,2,31,1,1,0
320,320,0,5,0,5,0,0
822,126,696,2,30,1,1,0
5708,1025,4683,16,35,9,7,0
70,70,0,1,0,1,0,2
62,62,0,1,0,1,0,1
148,148,0,1,0,1,0,1
60,60,0,1,0,1,0,1
210,78,132,2,30,1,1,0
70,70,0,2,8,2,0,0
6440,1844,4596,22,141,11,11,0
70,70,0,1,0,1,0,2
9398,2478,6920,26,82,14,12,0
82,82,0,1,0,1,0,1
285,110,175,2,30,1,1,0
62,62,0,1,0,1,0,1
11255,7612,3643,36,248,19,17,0
184,94,90,2,29,1,1,0
70,70,0,1,5,1,0,0
70,70,0,1,4,1,0,0
10176,2162,8014,25,186,14,11,0
146,146,0,1,0,1,0,1
62,62,0,1,0,1,0,1
10856,3151,7705,34,361,16,18,0
201,80,121,2,30,1,1,0
60,60,0,1,0,1,0,1
66,66,0,1,5,1,0,0
70,70,0,1,0,1,0,2
70,70,0,1,0,1,0,2
70,70,0,1,0,1,0,2
66,66,0,1,0,1,0,1
66,66,0,1,0,1,0,1
62,62,0,1,0,1,0,1
4602,1305,3297,27,183,12,15,0
209,110,99,2,30,1,1,0
182,93,89,2,30,1,1,0
29561,4857,24704,44,44,15,29,0
1151,711,440,10,15,5,5,0
70,70,0,1,0,1,0,2
60,60,0,1,0,1,0,1
384,166,218,2,30,1,1,0
120443,1965,118478,108,20,21,87,0
177,94,83,2,30,1,1,0
3498,1872,1626,48,200,24,24,0
254,128,126,5,15,3,2,0
755,94,661,2,31,1,1,0
70,70,0,2,8,2,0,0
70,70,0,1,0,1,0,2
130,70,60,2,6,1,1,0
221,111,110,2,1200,1,1,0
70,70,0,1,0,1,0,2
62,62,0,1,0,1,0,1
177,94,83,2,30,1,1,0
4014,2342,1672,42,386,21,21,0
211,102,109,2,30,1,1,0
70,70,0,1,0,1,0,2
5556,1438,4118,22,196,12,10,0
118943,24432,94511,156,96,79,77,0
62,62,0,1,0,1,0,1
62,62,0,1,0,1,0,1
481,150,331,2,1200,1,1,0
66,66,0,1,0,1,0,2
60,60,0,1,0,1,0,1
146,146,0,1,0,1,0,1
855,126,729,2,30,1,1,0
66,66,0,1,0,1,0,2
168,78,90,2,30,1,1,0
9692,6055,3637,21,30,11,10,0
14659,5023,9636,46,400,14,32,0
168,86,82,2,30,1,1,0
62,62,0,1,0,1,0,1
3775,2029,1746,30,3637,13,17,0
70,70,0,1,0,1,0,2
168,94,74,2,30,1,1,0
161938,137946,23992,412,384,227,185,0
66,66,0,1,0,1,0,2
8743,2676,6067,30,25,16,14,0
12382,9652,2730,43,58,26,17,0
967,967,0,1,0,1,0,1
66,66,0,1,0,1,0,1
7339,2638,4701,33,167,18,15,0
183,94,89,2,30,1,1,0
195,94,101,2,30,1,1,0
66,66,0,1,0,1,0,1
34504,2526,31978,45,156,16,29,0
102,102,0,2,31,2,0,0
499,425,74,4,1,3,1,0
174,89,85,2,30,1,1,0
3118,689,2429,13,144,6,7,0
66,66,0,1,0,1,0,2
70,70,0,1,0,1,0,2
378,192,186,7,39,4,3,0
170,87,83,3,56,2,1,0
314,192,122,6,15,4,2,0
1399,762,637,10,76,6,4,0
70,70,0,1,0,1,0,2
179,86,93,2,30,1,1,0
66,66,0,1,0,1,0,1
2690,1342,1348,23,19,12,11,0
1915,1466,449,10,20,6,4,0
199,102,97,2,30,1,1,0
1295,781,514,12,16,6,6,0
2990,1599,1391,15,15,8,7,0
252,252,0,3,32,3,0,0
168,78,90,2,30,1,1,0
62,62,0,1,0,1,0,1
167,86,81,2,31,1,1,0
66,66,0,1,0,1,0,1
146,146,0,1,0,1,0,1
247,118,129,2,30,1,1,0
1401,864,537,12,30,6,6,0
140,78,62,2,31,1,1,0
62,62,0,1,0,1,0,1
66,66,0,1,5,1,0,0
66,66,0,1,0,1,0,1
70,70,0,1,0,1,0,2
78,78,0,1,30,1,0,0
60,60,0,1,0,1,0,1
194,102,92,2,31,1,1,0
66,66,0,1,0,1,0,1
5639,846,4793,18,27,10,8,0
146,146,0,1,0,1,0,1
86,86,0,1,30,1,0,0
70,70,0,1,0,1,0,2
66,66,0,1,0,1,0,1
1373,734,639,17,96,10,7,0
184,102,82,2,30,1,1,0
70,70,0,1,0,1,0,2
70,70,0,1,0,1,0,2
70,70,0,1,0,1,0,2
5236,1549,3687,19,29,11,8,0
247,98,149,2,32,1,1,0
336,110,226,2,29,1,1,0
11891,2141,9750,40,231,19,21,0
188,96,92,2,30,1,1,0
7914,1925,5989,20,15,11,9,0
330,330,0,6,3609,6,0,0
66,66,0,1,0,1,0,1
70,70,0,1,0,1,0,2
70,70,0,1,0,1,0,2
70,70,0,1,0,1,0,2
184,94,90,2,30,1,1,0
6132,634,5498,13,130,6,7,0
62,62,0,1,0,1,0,1
70,70,0,1,0,1,0,2
66,66,0,1,0,1,0,1
66,66,0,1,0,1,0,1
36958,2966,33992,48,120,18,30,0
70,70,0,1,5,1,0,0
3517,1612,1905,17,186,10,7,0
183,94,89,2,30,1,1,0
55825,28792,27033,234,174,117,117,0
60,60,0,1,90,1,0,0
196,102,94,2,30,1,1,0
146,146,0,1,0,1,0,1
62,62,0,1,0,1,0,1
70,70,0,1,0,1,0,2
215,102,113,2,30,1,1,0
194,102,92,2,30,1,1,0
216,90,126,2,30,1,1,0
711,87,624,2,30,1,1,0
214,140,74,4,35,3,1,0
3429,784,2645,18,135,8,10,0
199,102,97,2,30,1,1,0
62,62,0,1,0,1,0,1
70,70,0,1,5,1,0,0
772,100,672,2,31,1,1,0
789,110,679,2,30,1,1,0
62,62,0,1,0,1,0,1
70,70,0,2,8,2,0,0
21512,4620,16892,22,127,8,14,0
60,60,0,1,0,1,0,1
62,62,0,1,0,1,0,1
62,62,0,1,0,1,0,1
66,66,0,1,0,1,0,2
198,94,104,2,30,1,1,0
196,94,102,2,30,1,1,0
66,66,0,1,0,1,0,1
39421,4980,34441,57,144,23,34,0
14768,2185,12583,32,80,13,19,0
66,66,0,1,0,1,0,1
62,62,0,1,0,1,0,1
62,62,0,1,0,1,0,1
177,94,83,2,30,1,1,0
146,146,0,1,0,1,0,1
168,86,82,2,31,1,1,0
66,66,0,1,5,1,0,0
70,70,0,2,8,2,0,0
74,74,0,1,0,1,0,1
62,62,0,1,0,1,0,1
66,66,0,1,0,1,0,2
66,66,0,1,5,1,0,0
188,96,92,2,31,1,1,0
198,94,104,2,31,1,1,0
66,66,0,1,0,1,0,2
740,93,647,2,31,1,1,0
12667,4060,8607,87,32,39,48,0
70,70,0,1,0,1,0,2
199,94,105,2,30,1,1,0
198,93,105,2,30,1,1,0
66,66,0,2,8,2,0,0
1298,100,1198,4,32,2,2,0
883,288,595,4,1200,2,2,0
819,102,717,2,29,1,1,0
66,66,0,1,0,1,0,2
4057,966,3091,14,31,8,6,0
788,108,680,2,31,1,1,0
66,66,0,1,0,1,0,2
184,94,90,2,31,1,1,0
145,145,0,1,0,1,0,1
6340,3788,2552,21,143,10,11,0
66,66,0,1,0,1,0,1
11784,7785,3999,55,120,28,27,0
70,70,0,1,0,1,0,2
7144,1872,5272,36,22,20,16,0
62,62,0,1,0,1,0,1
70,70,0,1,0,1,0,2
66,66,0,1,0,1,0,1
66,66,0,1,0,1,0,2
8337,2820,5517,19,30,10,9,0
2543,691,1852,13,17,8,5,0
8798,1667,7131,25,22,14,11,0
9759,2304,7455,28,138,14,14,0
62,62,0,1,0,1,0,1
66,66,0,1,0,1,0,2
394,102,292,2,29,1,1,0
177,94,83,2,30,1,1,0
167,86,81,2,29,1,1,0
70,70,0,2,7,2,0,0
1151,711,440,10,15,5,5,0
70,70,0,1,0,1,0,2
66,66,0,1,0,1,0,2
234,234,0,4,12,4,0,0
209,110,99,2,30,1,1,0
66,66,0,1,0,1,0,2
8020,2000,6020,20,15,11,9,0
13275,10536,2739,50,101,27,23,0
70,70,0,1,0,1,0,2
7468,2225,5243,27,16,15,12,0
18514,4506,14008,72,105,41,31,0
66,66,0,1,0,1,0,1
83203,3599,79604,101,138,41,60,0
226,102,124,2,29,1,1,0
66,66,0,1,0,1,0,2
66,66,0,1,0,1,0,2
70,70,0,1,0,1,0,2
969,86,883,2,30,1,1,0
37757,4416,33341,44,32,17,27,0
66,66,0,1,0,1,0,2
70,70,0,1,0,1,0,2
70,70,0,1,0,1,0,2
70,70,0,1,0,1,0,2
70,70,0,1,0,1,0,2
62,62,0,1,0,1,0,1
177,94,83,2,30,1,1,0
143,143,0,1,0,1,0,1
130,70,60,2,4,1,1,0
70,70,0,1,30,1,0,0
10682,4653,6029,28,33,15,13,0
66,66,0,1,0,1,0,1
7896,1770,6126,26,171,13,13,0
182,93,89,2,31,1,1,0
241,78,163,2,30,1,1,0
98,98,0,1,0,1,0,1
148,86,62,2,30,1,1,0
66,66,0,1,0,1,0,1
282171,13444,268727,377,201,175,202,0
66,66,0,1,30,1,0,0
1806,1806,0,22,225,22,0,0
1409634,52704,1356930,1536,173,533,1003,0
34237,22442,11795,86,131,41,45,0
62,62,0,1,0,1,0,1
62,62,0,1,0,1,0,1
80261,4766,75495,91,126,35,56,0
12000,3846,8154,29,28,17,12,0
62,62,0,1,0,1,0,1
9590,3002,6588,25,96,14,11,0
62,62,0,1,0,1,0,1
66,66,0,1,0,1,0,2
70,70,0,1,0,1,0,2
66,66,0,1,0,1,0,2
181,94,87,2,29,1,1,0
209,110,99,2,30,1,1,0
66,66,0,1,0,1,0,1
66,66,0,1,0,1,0,2
146,146,0,1,0,1,0,1
134,60,74,3,5,2,1,0
70,70,0,1,0,1,0,2
70,70,0,1,0,1,0,2
62,62,0,1,0,1,0,1
2709,1698,1011,20,1143,11,9,0
210,110,100,2,30,1,1,0
194,102,92,2,30,1,1,0
232,94,138,2,30,1,1,0
199,94,105,2,31,1,1,0
70,70,0,1,30,1,0,0
62,62,0,1,0,1,0,1
1299,730,569,13,25,7,6,0
188,86,102,2,29,1,1,0
166,86,80,2,30,1,1,0
66,66,0,1,0,1,0,1
70,70,0,1,0,1,0,2
62,62,0,1,0,1,0,1
174,89,85,2,31,1,1,0
9416,2366,7050,25,19,14,11,0
70,70,0,1,5,1,0,0
350,93,257,4,42,2,2,0
170,87,83,2,31,1,1,0
70,70,0,1,0,1,0,2
62,62,0,1,0,1,0,1
6336,1377,4959,19,169,9,10,0
66,66,0,1,0,1,0,1
62,62,0,1,0,1,0,1
194,94,100,2,30,1,1,0
62,62,0,1,0,1,0,1
70,70,0,1,0,1,0,2
10046,3300,6746,23,61,14,9,0
70,70,0,1,0,1,0,2
182,93,89,2,31,1,1,0
66,66,0,1,0,1,0,1
125790,4516,121274,118,55,28,90,0
197,102,95,2,31,1,1,0
66,66,0,1,5,1,0,0
66,66,0,1,0,1,0,2
62,62,0,1,0,1,0,1
3466,821,2645,11,121,5,6,0
66,66,0,1,0,1,0,1
66,66,0,1,0,1,0,1
260,86,174,2,30,1,1,0
66,66,0,1,0,1,0,1
66,66,0,1,0,1,0,2
1807,1048,759,16,26,8,8,0
62,62,0,1,0,1,0,1
70,70,0,1,0,1,0,2
208,60,148,4,13,2,2,0
66,66,0,1,0,1,0,1
70,70,0,1,0,1,0,2
66,66,0,1,0,1,0,2
167,78,89,2,29,1,1,0
253,99,154,2,32,1,1,0
70,70,0,1,0,1,0,2
70,70,0,2,8,2,0,0
62,62,0,1,0,1,0,1
4628,1035,3593,19,25,11,8,0
66,66,0,1,0,1,0,1
66,66,0,1,0,1,0,2
66,66,0,1,0,1,0,2
758,96,662,2,31,1,1,0
66,66,0,1,0,1,0,1
70,70,0,1,0,1,0,2
70,70,0,1,0,1,0,2
197,102,95,2,30,1,1,0
183,94,89,2,30,1,1,0
916,86,830,2,30,1,1,0
70,70,0,2,7,2,0,0
70,70,0,1,0,1,0,2
60,60,0,1,0,1,0,1
2866,623,2243,13,136,6,7,0
66,66,0,1,0,1,0,2
138,78,60,2,5,1,1,0
70,70,0,1,0,1,0,2
193,102,91,2,31,1,1,0
13412,5710,7702,50,257,24,26,0
62,62,0,1,0,1,0,1
70,70,0,2,8,2,0,0
291,94,197,2,29,1,1,0
324,150,174,2,1200,1,1,0
228,94,134,2,30,1,1,0
194,102,92,2,31,1,1,0
66,66,0,1,0,1,0,2
145,145,0,1,0,1,0,1
66,66,0,1,0,1,0,1
6001,982,5019,19,65,10,9,0
882,126,756,2,30,1,1,0
70,70,0,2,8,2,0,0
190,97,93,2,30,1,1,0
789,102,687,2,30,1,1,0
11661,4442,7219,87,71,41,46,0
758568,17631,740937,772,17,269,503,0
167,86,81,2,30,1,1,0
66,66,0,1,0,1,0,1
70,70,0,1,0,1,0,2
66,66,0,1,0,1,0,2
1072526,64733,1007793,1501,232,690,811,0
9518,3057,6461,21,43,12,9,0
146,146,0,1,0,1,0,1
92573,4519,88054,105,16,39,66,0
197,102,95,2,29,1,1,0
177,94,83,2,30,1,1,0
70,70,0,1,0,1,0,2
186,95,91,2,31,1,1,0
146,146,0,1,0,1,0,1
70,70,0,1,0,1,0,2
3182,1568,1614,8,120,4,4,0
4162,3455,707,14,15,8,6,0
70,70,0,2,7,2,0,0
70,70,0,1,0,1,0,2
66,66,0,1,0,1,0,1
6526,1210,5316,15,17,8,7,0
177,94,83,2,30,1,1,0
29924,6743,23181,37,150,16,21,0
60,60,0,1,0,1,0,1
66,66,0,1,0,1,0,2
183,94,89,2,30,1,1,0
1184,83,1101,4,59,2,2,0
70,70,0,1,0,1,0,2
758,93,665,2,31,1,1,0
1873,713,1160,10,15,5,5,0
514,246,268,9,91,5,4,0
146,146,0,1,0,1,0,1
334,94,240,2,30,1,1,0
70,70,0,1,0,1,0,2
66,66,0,1,0,1,0,1
70,70,0,1,0,1,0,2
62,62,0,1,0,1,0,1
366,240,126,7,25,5,2,0
66,66,0,1,0,1,0,2
480,149,331,2,1200,1,1,0
186,95,91,2,31,1,1,0
316,136,180,6,9,3,3,0
64748,15327,49421,87,273,39,48,0
62,62,0,1,0,1,0,1
70,70,0,1,0,1,0,2
184,94,90,2,30,1,1,0
8941,1776,7165,22,136,12,10,0
32732,6260,26472,69,217,34,35,0
326,186,140,6,29,4,2,0
62,62,0,1,0,1,0,1
66,66,0,1,0,1,0,2
11793,7188,4605,34,128,17,17,0
2095,1010,1085,11,87,6,5,0
78,78,0,1,0,1,0,1
172,88,84,2,31,1,1,0
70,70,0,1,0,1,0,2
480,258,222,8,12,5,3,0
752,93,659,2,31,1,1,0
70,70,0,1,0,1,0,2
13183,1682,11501,26,78,12,14,0
62,62,0,1,0,1,0,1
146,146,0,1,0,1,0,1
11147,3412,7735,36,458,20,16,0
70,70,0,1,0,1,0,2
62,62,0,1,0,1,0,1
70,70,0,1,0,1,0,2
66,66,0,1,0,1,0,1
164,86,78,2,30,1,1,0
66,66,0,1,0,1,0,1
365,233,132,3,32,2,1,0
6098,778,5320,17,15,8,9,0
558,210,348,9,29,4,5,0
6448,1982,4466,22,16,11,11,0
438968,12780,426188,449,16,157,292,0
168,86,82,2,31,1,1,0
66,66,0,1,0,1,0,2
70,70,0,1,0,1,0,2
512,95,417,4,34,2,2,0
216,110,106,2,29,1,1,0
62,62,0,1,0,1,0,1
398,255,143,3,33,2,1,0
62,62,0,1,0,1,0,1
60,60,0,1,0,1,0,1
66,66,0,1,0,1,0,1
70,70,0,1,0,1,0,2
44747,815,43932,45,15,12,33,0
209,110,99,2,30,1,1,0
70,70,0,1,0,1,0,2
66,66,0,1,0,1,0,2
7904,1915,5989,20,16,11,9,0
62,62,0,1,0,1,0,1
66,66,0,1,0,1,0,1
253,87,166,4,29,2,2,0
66,66,0,1,0,1,0,2
70,70,0,1,0,1,0,2
8006,1986,6020,20,15,11,9,0
70,70,0,1,0,1,0,2
350,210,140,6,16,4,2,0
238,118,120,2,1200,1,1,0
480,149,331,2,1200,1,1,0
70,70,0,1,5,1,0,0
70,70,0,1,5,1,0,0
12420,4900,7520,47,88,24,23,0
4563,1656,2907,19,28,11,8,0
66,66,0,1,0,1,0,2
70,70,0,1,0,1,0,2
382,94,288,2,30,1,1,0
6226,4213,2013,30,79,18,12,0
378,192,186,7,20,4,3,0
8586,1352,7234,27,34,13,14,0
70,70,0,1,0,1,0,2
7651,2046,5605,16,91,10,6,0
66,66,0,1,0,1,0,1
198,78,120,4,6,2,2,0
66,66,0,1,0,1,0,1
756,95,661,2,30,1,1,0
62,62,0,1,0,1,0,1
62,62,0,1,0,1,0,1
70,70,0,1,0,1,0,2
196,102,94,2,30,1,1,0
193,102,91,2,29,1,1,0
66,66,0,1,0,1,0,1
195,102,93,2,30,1,1,0
1392,731,661,14,80,8,6,0
66,66,0,1,0,1,0,1
193,102,91,2,30,1,1,0
740,93,647,2,31,1,1,0
70,70,0,1,0,1,0,2
166,86,80,2,30,1,1,0
70,70,0,1,0,1,0,2
5124,3499,1625,14,121,8,6,0
66,66,0,1,0,1,0,2
876,126,750,2,31,1,1,0
62,62,0,1,0,1,0,1
66,66,0,1,0,1,0,2
70,70,0,2,5,2,0,0
66,66,0,1,0,1,0,2
1057,683,374,10,15,6,4,0
199,102,97,2,31,1,1,0
66,66,0,1,0,1,0,2
70,70,0,1,0,1,0,2
7940,1951,5989,20,15,11,9,0
70,70,0,1,0,1,0,2
66,66,0,1,0,1,0,1
498,150,348,4,1273,2,2,0
320,140,180,6,6,3,3,0
5730066,61301,5668765,4686,81,891,3795,0
66,66,0,1,0,1,0,2
765,102,663,2,30,1,1,0
62,62,0,1,0,1,0,1
70,70,0,1,0,1,0,2
194,102,92,2,29,1,1,0
306,180,126,6,26,4,2,0
1052,612,440,10,15,5,5,0
62,62,0,1,0,1,0,1
70,70,0,1,0,1,0,2
70,70,0,1,4,1,0,0
70,70,0,1,0,1,0,2
1646,126,1520,4,30,2,2,0
66,66,0,1,0,1,0,1
242,118,124,2,30,1,1,0
70,70,0,1,0,1,0,2
66,66,0,1,0,1,0,2
60,60,0,1,0,1,0,1
62,62,0,1,0,1,0,1
70,70,0,1,0,1,0,2
6237,1811,4426,22,22,12,10,0
66,66,0,1,0,1,0,2
25864,15150,10714,105,217,54,51,0
199,102,97,2,30,1,1,0
50403,2032,48371,66,108,21,45,0
177,94,83,2,30,1,1,0
66,66,0,1,0,1,0,2
711,87,624,2,30,1,1,0
5674,3900,1774,29,80,15,14,0
66,66,0,1,0,1,0,1
148,148,0,1,0,1,0,1
20745,2083,18662,36,322,15,21,0
66,66,0,1,0,1,0,2
62,62,0,1,0,1,0,1
1658,1344,314,10,15,5,5,0
7716,3991,3725,50,125,25,25,0
70,70,0,1,0,1,0,2
4193,2689,1504,23,23,14,9,0
146,146,0,1,0,1,0,1
60,60,0,1,0,1,0,1
8073,2053,6020,20,15,11,9,0
146,146,0,1,0,1,0,1
1151,711,440,10,16,5,5,0
62,62,0,1,0,1,0,1
70,70,0,1,0,1,0,2
2531,1513,1018,17,3601,8,9,0
183,94,89,2,31,1,1,0
70,70,0,1,0,1,0,2
100,100,0,1,0,1,0,1
492,306,186,8,14,5,3,0
66,66,0,1,0,1,0,1
4918,1626,3292,17,17,10,7,0
62,62,0,1,0,1,0,1
168,78,90,2,30,1,1,0
594,594,0,1,0,1,0,1
1573,769,804,16,47,9,7,0
1268,960,308,9,32,5,4,0
458,111,347,4,59,2,2,0
6419,995,5424,21,360,11,10,0
70,70,0,1,0,1,0,2
70,70,0,1,0,1,0,2
1615,941,674,15,21,7,8,0
66,66,0,1,0,1,0,1
70,70,0,1,0,1,0,2
4719,1812,2907,19,29,11,8,0
166,86,80,2,30,1,1,0
2597,699,1898,11,181,6,5,0
342,110,232,2,30,1,1,0
66,66,0,1,0,1,0,1
62,62,0,1,0,1,0,1
321,97,224,4,57,2,2,0
184,94,90,2,30,1,1,0
70,70,0,1,0,1,0,2
60,60,0,1,0,1,0,1
315,110,205,2,30,1,1,0
195,102,93,2,31,1,1,0
62,62,0,1,0,1,0,1
12669,5297,7372,31,188,18,13,0
9956,2570,7386,21,335,10,11,0
183,94,89,2,29,1,1,0
5836,2829,3007,19,164,14,5,0
7532,3051,4481,13,121,6,7,0
62,62,0,1,0,1,0,1
143,143,0,1,0,1,0,3
1213,755,458,10,15,6,4,0
66,66,0,1,0,1,0,1
7343,2586,4757,23,20,11,12,0
5948,1664,4284,21,247,12,9,0
74,74,0,1,0,1,0,1
313,110,203,4,32,2,2,0
66,66,0,1,0,1,0,2
215,94,121,2,30,1,1,0
90449,3289,87160,93,16,28,65,0
70,70,0,1,0,1,0,2
2644,1918,726,11,89,7,4,0
39202,21598,17604,72,20,39,33,0
283,94,189,4,41,2,2,0
66,66,0,1,0,1,0,1
198,94,104,2,30,1,1,0
70,70,0,1,0,1,0,2
197,102,95,2,30,1,1,0
62,62,0,1,0,1,0,1
6749,2649,4100,19,142,9,10,0
70,70,0,1,0,1,0,2
181,94,87,2,30,1,1,0
168,86,82,2,30,1,1,0
7974,4175,3799,65,32,40,25,0
167,78,89,2,30,1,1,0
796772,27151,769621,878,137,302,576,0
708,384,324,12,195,7,5,0
3215,2272,943,15,38,9,6,0
62,62,0,1,0,1,0,1
1484,1484,0,1,0,1,0,1
70,70,0,1,0,1,0,2
97,97,0,1,0,1,0,1
197,94,103,2,29,1,1,0
66,66,0,1,0,1,0,2
330,330,0,6,3610,6,0,0
177,94,83,2,30,1,1,0
70,70,0,1,0,1,0,2
70,70,0,1,0,1,0,2
66,66,0,1,0,1,0,1
70,70,0,1,0,1,0,2
56339,3530,52809,79,26,39,40,0
62,62,0,1,0,1,0,1
177,94,83,2,30,1,1,0
62,62,0,1,0,1,0,1
66,66,0,1,0,1,0,1
70,70,0,1,5,1,0,0
168,86,82,2,30,1,1,0
66,66,0,1,0,1,0,1
62242217,4119315,58122902,123738,4772,43917,79821,0
5497,2520,2977,20,16,11,9,0
186,83,103,2,30,1,1,0
62,62,0,1,0,1,0,1
66,66,0,1,0,1,0,2
70,70,0,1,0,1,0,2
62,62,0,1,0,1,0,1
251,102,149,2,30,1,1,0
3434,1595,1839,17,15,9,8,0
1493,765,728,10,90,6,4,0
2725,1564,1161,19,124,10,9,0
177,94,83,2,30,1,1,0
177,94,83,2,30,1,1,0
70,70,0,2,7,2,0,0
66,66,0,1,0,1,0,1
177,94,83,2,30,1,1,0
214,110,104,2,29,1,1,0
60,60,0,1,0,1,0,1
66,66,0,1,0,1,0,1
82,82,0,1,0,1,0,1
842,150,692,4,1200,2,2,0
881,126,755,2,31,1,1,0
66,66,0,1,0,1,0,1
60,60,0,1,0,1,0,1
62,62,0,1,0,1,0,1
17031,8260,8771,39,128,19,20,0
66,66,0,1,0,1,0,2
11768028,275478,11492550,12305,77,4158,8147,0
130,70,60,2,15,1,1,0
198,94,104,2,30,1,1,0
198,90,108,2,30,1,1,0
70,70,0,1,0,1,0,2
66,66,0,1,0,1,0,2
17407,1529,15878,30,255,16,14,0
66,66,0,1,0,1,0,1
776,102,674,2,30,1,1,0
70,70,0,2,8,2,0,0
5411,3618,1793,27,75,14,13,0
66,66,0,1,0,1,0,1
214,82,132,2,33,1,1,0
70,70,0,1,0,1,0,2
6402,1595,4807,23,316,12,11,0
62,62,0,1,0,1,0,1
16010,4754,11256,47,130,20,27,0
260,86,174,2,29,1,1,0
2880,1648,1232,22,3602,10,12,0
35140,3700,31440,67,76,30,37,0
62,62,0,1,0,1,0,1
167,78,89,2,30,1,1,0
88,88,0,1,0,1,0,1
62,62,0,1,0,1,0,1
224,94,130,2,30,1,1,0
183,78,105,2,30,1,1,0
60,60,0,1,0,1,0,1
66,66,0,1,0,1,0,2
4609,763,3846,14,14,8,6,0
200,102,98,2,30,1,1,0
1326,300,1026,6,1200,3,3,0
70,70,0,2,8,2,0,0
1067,650,417,10,31,6,4,0
21108,15948,5160,47,151,30,17,0
16041,1805,14236,30,20,14,16,0
2291912,60511,2231401,2353,196,863,1490,0
402,102,300,2,30,1,1,0
6247,4138,2109,21,15,13,8,0
70,70,0,1,0,1,0,2
70,70,0,1,0,1,0,2
146,146,0,1,0,1,0,1
49165,1785,47380,56,36,21,35,0
66,66,0,1,0,1,0,1
70,70,0,1,0,1,0,2
146,146,0,1,0,1,0,1
10707,2548,8159,27,39,15,12,0
969,86,883,2,30,1,1,0
7194101,1949033,5245068,50585,1008,24913,25672,0
320,140,180,6,7,3,3,0
190,97,93,2,30,1,1,0
70,70,0,1,5,1,0,0
70,70,0,1,0,1,0,2
377,110,267,2,31,1,1,0
62,62,0,1,0,1,0,1
217,87,130,2,30,1,1,0
66,66,0,1,0,1,0,2
285,103,182,4,44,2,2,0
66,66,0,1,0,1,0,2
70,70,0,1,0,1,0,2
62,62,0,1,0,1,0,1
70,70,0,1,0,1,0,2
5169,790,4379,16,72,8,8,0
351,110,241,2,29,1,1,0
340,95,245,4,47,2,2,0
60,60,0,1,0,1,0,1
70,70,0,1,5,1,0,0
14654,9694,4960,36,17,19,17,0
10493,2658,7835,50,1469,26,24,0
8165,1664,6501,30,62,14,16,0
194,102,92,2,30,1,1,0
178,94,84,2,29,1,1,0
213140,10321,202819,260,33,108,152,0
70,70,0,1,0,1,0,2
62,62,0,1,0,1,0,1
146,146,0,1,0,1,0,1
2329,505,1824,14,124,7,7,0
204,204,0,3,46,3,0,0
70,70,0,1,0,1,0,2
146,146,0,1,0,1,0,1
9574,2600,6974,29,136,16,13,0
70,70,0,2,8,2,0,0
211,78,133,2,30,1,1,0
74,74,0,1,0,1,0,1
343,86,257,2,30,1,1,0
434,108,326,4,51,2,2,0
289,94,195,2,30,1,1,0
66,66,0,1,0,1,0,2
66,66,0,1,0,1,0,2
66,66,0,1,0,1,0,2
893,126,767,2,31,1,1,0
120014,7352,112662,155,37,64,91,0
180917,5183,175734,175,65,49,126,0
7196,1791,5405,18,31,11,7,0
70,70,0,1,0,1,0,2
62,62,0,1,0,1,0,1
66,66,0,1,0,1,0,2
70,70,0,1,0,1,0,2
62,62,0,1,0,1,0,1
209,110,99,2,30,1,1,0
70,70,0,1,0,1,0,2
33755,928,32827,36,104,11,25,0
70,70,0,1,0,1,0,2
295,101,194,4,30,2,2,0
157,94,63,2,30,1,1,0
66,66,0,1,0,1,0,1
70,70,0,1,0,1,0,2
66,66,0,1,0,1,0,2
62,62,0,1,0,1,0,1
183,94,89,2,30,1,1,0
196,102,94,2,31,1,1,0
70,70,0,1,0,1,0,2
7303,2206,5097,23,255,12,11,0
12231,6846,5385,38,160,19,19,0
62,62,0,1,0,1,0,1
480,149,331,2,1200,1,1,0
62,62,0,1,0,1,0,1
66,66,0,1,0,1,0,1
366,240,126,7,24,5,2,0
1197,620,577,13,27,6,7,0
70,70,0,1,0,1,0,2
60,60,0,1,5,1,0,0
12788,2594,10194,40,17,20,20,0
416,102,314,2,30,1,1,0
602483,18143,584340,627,27,219,408,0
1793,634,1159,11,15,6,5,0
213,102,111,2,30,1,1,0
66,66,0,1,0,1,0,1
244,244,0,2,0,2,0,0
195,102,93,2,30,1,1,0
184,94,90,2,30,1,1,0
126,62,64,2,5,1,1,0
1875,567,1308,11,31,6,5,0
6732,885,5847,24,368,7,17,0
2956,790,2166,10,120,5,5,0
10775,7126,3649,31,17,17,14,0
70,70,0,1,0,1,0,2
199,102,97,2,30,1,1,0
62,62,0,1,0,1,0,1
902,126,776,2,30,1,1,0
177,94,83,2,30,1,1,0
66,66,0,1,0,1,0,1
4401,1494,2907,19,29,11,8,0
145,145,0,1,0,1,0,1
22106,5214,16892,23,128,9,14,0
6974,3906,3068,19,30,11,8,0
747,462,285,2,30,1,1,0
70,70,0,2,8,2,0,0
70,70,0,1,0,1,0,2
7863,1962,5901,29,270,16,13,0
66,66,0,1,0,1,0,1
70,70,0,1,0,1,0,2
199,102,97,2,29,1,1,0
200,102,98,2,30,1,1,0
62,62,0,1,0,1,0,1
145,145,0,1,0,1,0,1
39067,7713,31354,74,247,29,45,0
5167,700,4467,16,15,7,9,0
66,66,0,1,0,1,0,1
284,79,205,2,30,1,1,0
1998,1422,576,10,15,6,4,0
504,318,186,8,17,5,3,0
70,70,0,1,0,1,0,2
62,62,0,1,0,1,0,1
66,66,0,1,0,1,0,2
2604,1690,914,20,610,11,9,0
5614,2964,2650,19,120,9,10,0
6128,763,5365,17,29,9,8,0
194,94,100,2,30,1,1,0
148,148,0,1,0,1,0,1
184,94,90,2,30,1,1,0
62,62,0,1,0,1,0,1
66,66,0,1,0,1,0,1
174,89,85,2,31,1,1,0
66,66,0,1,0,1,0,2
150,150,0,1,1200,1,0,0
198,89,109,2,31,1,1,0
62,62,0,1,0,1,0,1
66,66,0,1,0,1,0,2
17837,3830,14007,27,24,12,15,0
145,145,0,1,0,1,0,1
219,86,133,2,31,1,1,0
66,66,0,1,0,1,0,1
70,70,0,1,0,1,0,2
215490,8471,207019,194,45,45,149,0
238,118,120,2,1200,1,1,0
183,86,97,2,30,1,1,0
499,425,74,4,0,3,1,0
62,62,0,1,0,1,0,1
168,86,82,2,30,1,1,0
43084,3056,40028,60,135,27,33,0
170,87,83,2,31,1,1,0
878,126,752,2,30,1,1,0
72,72,0,1,0,1,0,1
70,70,0,1,0,1,0,2
233,91,142,2,31,1,1,0
152,152,0,1,1200,1,0,0
74,74,0,1,0,1,0,1
402,118,284,2,29,1,1,0
206,136,70,4,13,3,1,0
66,66,0,1,0,1,0,2
177,94,83,2,30,1,1,0
7069,2667,4402,22,28,13,9,0
62,62,0,1,0,1,0,1
7639,948,6691,25,395,9,16,0
62,62,0,1,0,1,0,1
9807,2542,7265,47,19,24,23,0
364,102,262,2,29,1,1,0
233,91,142,2,31,1,1,0
7617,4161,3456,34,332,15,19,0
70,70,0,1,0,1,0,2
66,66,0,1,0,1,0,2
216,110,106,2,30,1,1,0
66,66,0,1,0,1,0,2
291,86,205,2,30,1,1,0
66,66,0,1,0,1,0,1
70,70,0,1,0,1,0,2
760,97,663,2,31,1,1,0
70,70,0,1,0,1,0,2
481,150,331,2,1199,1,1,0
70,70,0,1,0,1,0,2
66,66,0,1,0,1,0,2
5452,1545,3907,22,16,13,9,0
2783,692,2091,10,120,5,5,0
14932,1671,13261,31,69,15,16,0
62,62,0,1,0,1,0,1
2482,516,1966,11,75,6,5,0
70,70,0,1,0,1,0,2
195,102,93,2,31,1,1,0
20509,7660,12849,54,131,28,26,0
198,102,96,2,30,1,1,0
7196,2834,4362,28,17,16,12,0
242,98,144,2,30,1,1,0
62,62,0,1,0,1,0,1
60,60,0,1,0,1,0,1
60,60,0,1,0,1,0,1
756,95,661,2,31,1,1,0
66,66,0,1,0,1,0,2
145,145,0,1,0,1,0,1
4419,1512,2907,19,30,11,8,0
62,62,0,1,0,1,0,1
194,102,92,2,31,1,1,0
736,462,274,2,30,1,1,0
70,70,0,1,0,1,0,2
70,70,0,1,0,1,0,2
211,110,101,2,29,1,1,0
6872,1815,5057,22,318,13,9,0
62,62,0,1,0,1,0,1
66,66,0,1,0,1,0,2
60,60,0,1,0,1,0,1
70,70,0,1,0,1,0,2
1300,676,624,14,15,7,7,0
70,70,0,1,0,1,0,2
316,190,126,5,15,3,2,0
210,70,140,4,8,2,2,0
7863,1874,5989,20,15,11,9,0
11822,1162,10660,22,20,11,11,0
70,70,0,1,0,1,0,2
123041,10988,112053,185,67,86,99,0
70,70,0,1,0,1,0,2
256,110,146,2,30,1,1,0
146,146,0,1,0,1,0,1
177,94,83,2,30,1,1,0
60,60,0,1,0,1,0,1
70,70,0,1,5,1,0,0
4480,1573,2907,19,29,11,8,0
62,62,0,1,0,1,0,1
8021,2001,6020,20,15,11,9,0
9802,2594,7208,25,360,10,15,0
180582,6020,174562,196,200,70,126,0
1312,651,661,13,185,7,6,0
66,66,0,1,0,1,0,1
62,62,0,1,0,1,0,1
312,132,180,6,7,3,3,0
70,70,0,1,0,1,0,2
170,87,83,2,31,1,1,0
197,102,95,2,29,1,1,0
200,102,98,2,30,1,1,0
70,70,0,2,8,2,0,0
70,70,0,1,0,1,0,2
156,156,0,1,0,1,0,1
2809,1884,925,19,25,11,8,0
1093,606,487,11,15,7,4,0
184,94,90,2,29,1,1,0
172,94,78,2,30,1,1,0
70,70,0,1,0,1,0,2
176,90,86,2,30,1,1,0
66,66,0,1,0,1,0,1
832,106,726,2,30,1,1,0
62,62,0,1,0,1,0,1
422,164,258,6,30,3,3,0
199,102,97,2,30,1,1,0
260,78,182,2,31,1,1,0
9972,2138,7834,39,130,19,20,0
66,66,0,1,0,1,0,2
37440,7952,29488,67,128,28,39,0
1123476,15099,1108377,963,39,223,740,0
237,93,144,2,31,1,1,0
295,86,209,2,30,1,1,0
62,62,0,1,0,1,0,1
66,66,0,1,0,1,0,1
62,62,0,1,0,1,0,1
2633,1179,1454,20,74,8,12,0
177,94,83,2,30,1,1,0
66,66,0,1,0,1,0,2
13890,5926,7964,36,84,20,16,0
130,70,60,2,5,1,1,0
66,66,0,1,0,1,0,1
416,102,314,2,30,1,1,0
66,66,0,1,0,1,0,2
12463,6762,5701,28,31,14,14,0
8693,2545,6148,26,34,13,13,0
735,88,647,2,31,1,1,0
11413,6823,4590,34,18,19,15,0
177,94,83,2,30,1,1,0
62,62,0,1,0,1,0,1
62,62,0,1,0,1,0,1
5737,1829,3908,22,18,13,9,0
126,62,64,2,5,1,1,0
1634,126,1508,4,30,2,2,0
707,707,0,2,0,2,0,0
823,98,725,2,30,1,1,0
66,66,0,1,0,1,0,2
1403,841,562,10,75,6,4,0
66,66,0,1,0,1,0,1
196,102,94,2,30,1,1,0
375357,11451,363906,356,61,100,256,0
70,70,0,1,5,1,0,0
218,86,132,2,30,1,1,0
179,94,85,2,29,1,1,0
8882,1866,7016,24,148,13,11,0
161,161,0,2,1199,2,0,0
5455,1388,4067,17,15,9,8,0
1151,711,440,10,15,5,5,0
66,66,0,1,0,1,0,1
66,66,0,1,0,1,0,1
83,83,0,1,0,1,0,1
234,234,0,4,12,4,0,0
66,66,0,1,0,1,0,1
4378,1471,2907,19,29,11,8,0
66,66,0,1,0,1,0,1
4507,744,3763,17,29,7,10,0
70,70,0,1,0,1,0,2
212,102,110,2,29,1,1,0
70,70,0,1,5,1,0,0
62,62,0,1,0,1,0,1
164,78,86,2,31,1,1,0
70,70,0,1,0,1,0,2
70,70,0,1,0,1,0,2
199,102,97,2,31,1,1,0
894,126,768,2,30,1,1,0
62,62,0,1,0,1,0,1
60,60,0,1,0,1,0,1
184,94,90,2,29,1,1,0
1302,300,1002,6,1200,3,3,0
7464,2375,5089,15,120,7,8,0
66,66,0,1,0,1,0,2
66,66,0,1,0,1,0,1
66,66,0,1,0,1,0,1
70,70,0,1,0,1,0,2
146,146,0,1,0,1,0,1
60,60,0,1,0,1,0,1
62,62,0,1,0,1,0,1
4052,2588,1464,18,16,9,9,0
199,102,97,2,30,1,1,0
177,94,83,2,30,1,1,0
6416,997,5419,17,30,8,9,0
70,70,0,1,0,1,0,2
66,66,0,1,0,1,0,1
177,94,83,2,29,1,1,0
66,66,0,1,0,1,0,1
62,62,0,1,0,1,0,1
179,94,85,2,30,1,1,0
1386,751,635,15,181,8,7,0
66,66,0,1,0,1,0,1
68,68,0,1,0,1,0,1
12060,4857,7203,25,71,14,11,0
33157,17446,15711,66,135,38,28,0
27009,7414,19595,46,122,21,25,0
1114,534,580,12,16,7,5,0
70,70,0,1,0,1,0,2
277,110,167,2,30,1,1,0
70,70,0,2,8,2,0,0
66,66,0,1,0,1,0,1
341,110,231,2,29,1,1,0
3524,1945,1579,32,131,17,15,0
70,70,0,1,0,1,0,2
60,60,0,1,0,1,0,1
62,62,0,1,0,1,0,1
24686,1935,22751,36,18,17,19,0
214,102,112,2,30,1,1,0
210,110,100,2,29,1,1,0
70,70,0,1,0,1,0,2
198,93,105,2,30,1,1,0
4453,1546,2907,19,29,11,8,0
66,66,0,1,0,1,0,2
229,85,144,2,31,1,1,0
200230,8733,191497,250,122,106,144,0
422,164,258,6,30,3,3,0
62,62,0,1,0,1,0,1
178,94,84,2,30,1,1,0
214,140,74,4,31,3,1,0
7725129,126824,7598305,6259,607,740,5519,0
62,62,0,1,0,1,0,1
70,70,0,1,0,1,0,2
82,82,0,1,0,1,0,1
193,102,91,2,30,1,1,0
16297,12965,3332,54,193,30,24,0
198,94,104,2,30,1,1,0
70,70,0,1,5,1,0,0
271,102,169,2,30,1,1,0
214,110,104,2,30,1,1,0
70,70,0,1,0,1,0,2
70,70,0,1,5,1,0,0
192,98,94,2,30,1,1,0
198,90,108,2,29,1,1,0
62,62,0,1,0,1,0,1
21852,2269,19583,48,95,23,25,0
66,66,0,1,0,1,0,2
10104,1643,8461,28,46,15,13,0
226,110,116,2,30,1,1,0
62,62,0,1,0,1,0,1
145,145,0,1,0,1,0,1
70,70,0,1,0,1,0,2
195,102,93,2,30,1,1,0
7692,2183,5509,24,224,14,10,0
6792,1521,5271,18,28,11,7,0
168,78,90,2,30,1,1,0
4728282,133897,4594385,4756,80,1650,3106,0
66,66,0,1,0,1,0,1
177,94,83,2,30,1,1,0
62,62,0,1,0,1,0,1
17161,1619,15542,18,143,4,14,0
389,94,295,4,55,2,2,0
146,146,0,1,0,1,0,1
481,150,331,2,1200,1,1,0
181,94,87,2,31,1,1,0
8753,4199,4554,76,54,41,35,0
70,70,0,1,0,1,0,2
66,66,0,1,0,1,0,1
70,70,0,1,0,1,0,2
334,226,108,3,29,2,1,0
62,62,0,1,0,1,0,1
60,60,0,1,0,1,0,1
62,62,0,1,0,1,0,1
70,70,0,1,0,1,0,2
66,66,0,1,0,1,0,1
70,70,0,1,0,1,0,2
66,66,0,1,0,1,0,1
62,62,0,1,0,1,0,1
179,94,85,2,30,1,1,0
62,62,0,1,0,1,0,1
62,62,0,1,0,1,0,1
376,254,122,6,15,4,2,0
70,70,0,1,0,1,0,2
10300,8829,1471,24,15,13,11,0
66,66,0,1,0,1,0,1
10629,1104,9525,23,46,12,11,0
41851,2810,39041,66,45,31,35,0
66,66,0,1,0,1,0,1
66,66,0,1,0,1,0,1
70,70,0,1,0,1,0,2
62,62,0,1,0,1,0,1
70,70,0,2,8,2,0,0
70,70,0,1,0,1,0,2
74,74,0,1,0,1,0,1
146,146,0,1,0,1,0,1
210,110,100,2,29,1,1,0
82,82,0,1,30,1,0,0
78,78,0,1,0,1,0,1
378,192,186,7,41,4,3,0
70,70,0,1,0,1,0,2
146,146,0,1,0,1,0,1
1579,988,591,13,24,7,6,0
70,70,0,1,0,1,0,2
199,102,97,2,29,1,1,0
5089,4217,872,23,47,13,10,0
198,101,97,2,30,1,1,0
310,94,216,2,31,1,1,0
156,156,0,1,0,1,0,1
8848,4908,3940,23,42,12,11,0
70,70,0,1,0,1,0,2
177,94,83,2,29,1,1,0
199,102,97,2,31,1,1,0
66,66,0,1,0,1,0,1
197,90,107,2,30,1,1,0
1188,1188,0,19,2338,19,0,0
62,62,0,1,0,1,0,1
70,70,0,1,5,1,0,0
146,146,0,1,0,1,0,1
223,78,145,2,30,1,1,0
205,86,119,2,29,1,1,0
66,66,0,1,0,1,0,1
1950,957,993,17,17,10,7,0
66,66,0,1,0,1,0,1
70,70,0,1,0,1,0,2
66,66,0,1,0,1,0,1
70,70,0,1,0,1,0,2
1964,919,1045,20,16,10,10,0
70,70,0,1,0,1,0,2
62,62,0,1,0,1,0,1
177,94,83,2,29,1,1,0
150,150,0,1,0,1,0,1
1506,914,592,9,16,5,4,0
62,62,0,1,0,1,0,1
252,102,150,2,30,1,1,0
70,70,0,1,5,1,0,0
193,102,91,2,31,1,1,0
62,62,0,1,0,1,0,1
78911,2499,76412,88,26,32,56,0
198,102,96,2,29,1,1,0
92240,4799,87441,107,16,43,64,0
62,62,0,1,0,1,0,1
146,146,0,1,0,1,0,1
7013,1718,5295,18,326,9,9,0
62,62,0,1,0,1,0,1
62,62,0,1,0,1,0,1
194,102,92,2,30,1,1,0
771,102,669,2,29,1,1,0
70,70,0,1,0,1,0,2
378,97,281,4,33,2,2,0
890,126,764,2,30,1,1,0
62,62,0,1,0,1,0,1
66,66,0,1,0,1,0,1
70,70,0,1,0,1,0,2
304,86,218,2,30,1,1,0
66,66,0,1,0,1,0,2
370,96,274,4,39,2,2,0
18238,3980,14258,61,152,27,34,0
60,60,0,1,0,1,0,1
3182,1568,1614,8,120,4,4,0
209,110,99,2,30,1,1,0
70,70,0,1,0,1,0,2
70,70,0,1,0,1,0,2
195,102,93,2,29,1,1,0
60,60,0,1,0,1,0,1
66,66,0,1,0,1,0,2
146,146,0,1,0,1,0,1
755,94,661,2,30,1,1,0
5897,1982,3915,20,18,11,9,0
234,234,0,1,0,1,0,1
70,70,0,1,0,1,0,2
66,66,0,1,0,1,0,1
6097,1540,4557,25,191,13,12,0
4114,2557,1557,22,418,9,13,0
758,93,665,2,31,1,1,0
62,62,0,1,0,1,0,1
66,66,0,1,0,1,0,1
11773,2390,9383,29,19,15,14,0
30650,11103,19547,66,51,40,26,0
70,70,0,2,8,2,0,0
66,66,0,1,0,1,0,2
323,110,213,2,30,1,1,0
318,192,126,6,29,4,2,0
145,145,0,1,0,1,0,1
66,66,0,1,0,1,0,2
492,306,186,8,15,5,3,0
66,66,0,1,0,1,0,1
168,86,82,2,31,1,1,0
574,500,74,6,15,5,1,0
318,192,126,6,26,4,2,0
209,110,99,2,30,1,1,0
66,66,0,1,0,1,0,2
177,94,83,2,30,1,1,0
754,94,660,2,30,1,1,0
60,60,0,1,0,1,0,1
70,70,0,1,5,1,0,0
146,146,0,1,0,1,0,1
177,94,83,2,30,1,1,0
70,70,0,1,5,1,0,0
198,102,96,2,30,1,1,0
22449,19500,2949,53,21,31,22,0
62,62,0,1,0,1,0,1
62,62,0,1,0,1,0,1
890,126,764,2,31,1,1,0
60,60,0,1,0,1,0,1
204,64,140,4,11,2,2,0
239,78,161,2,30,1,1,0
66,66,0,1,0,1,0,2
758,102,656,2,30,1,1,0
60,60,0,1,0,1,0,1
70,70,0,1,0,1,0,2
41486,20844,20642,64,37,32,32,0
66,66,0,1,0,1,0,1
66,66,0,1,0,1,0,1
70,70,0,1,0,1,0,2
23518,8884,14634,32,15,15,17,0
13506,5979,7527,39,127,20,19,0
70,70,0,1,0,1,0,2
66,66,0,1,0,1,0,2
174,79,95,2,30,1,1,0
7990,2701,5289,30,61,17,13,0
7561,2483,5078,26,20,13,13,0
195,102,93,2,29,1,1,0
6793,3206,3587,25,52,15,10,0
2186,1319,867,23,20,13,10,0
489,149,340,2,1200,1,1,0
735,88,647,2,30,1,1,0
66,66,0,1,0,1,0,2
66,66,0,1,0,1,0,1
70,70,0,1,0,1,0,2
70,70,0,1,0,1,0,2
62,62,0,1,0,1,0,1
277736,7810,269926,277,65,91,186,0
288,101,187,4,58,2,2,0
177,94,83,2,31,1,1,0
66,66,0,1,0,1,0,1
173,94,79,2,29,1,1,0
66,66,0,1,0,1,0,1
7206,4320,2886,16,120,8,8,0
62,62,0,1,0,1,0,1
7035,2364,4671,18,75,10,8,0
8656,2060,6596,20,57,10,10,0
70,70,0,1,0,1,0,2
167,86,81,2,30,1,1,0
199,94,105,2,29,1,1,0
448,78,370,6,25,1,5,0
2586,832,1754,14,15,7,7,0
66,66,0,1,0,1,0,2
174,89,85,2,30,1,1,0
71414,17145,54269,194,292,91,103,0
70,70,0,1,0,1,0,2
62,62,0,1,0,1,0,1
214,214,0,1,0,1,0,1
97,97,0,1,0,1,0,1
62,62,0,1,0,1,0,1
66,66,0,1,0,1,0,1
66,66,0,1,0,1,0,2
66,66,0,1,0,1,0,2
66,66,0,1,0,1,0,1
145,145,0,1,0,1,0,1
74,74,0,1,0,1,0,1
3182,1568,1614,8,121,4,4,0
70,70,0,2,8,2,0,0
338,110,228,2,30,1,1,0
62,62,0,1,0,1,0,1
74,74,0,1,0,1,0,1
2881,1766,1115,17,16,9,8,0
3322,2027,1295,16,16,9,7,0
70,70,0,1,0,1,0,2
70,70,0,1,0,1,0,2
62,62,0,1,0,1,0,1
9476,2759,6717,27,3601,15,12,0
235,90,145,2,32,1,1,0
70,70,0,2,7,2,0,0
4004,1347,2657,29,114,15,14,0
60,60,0,1,0,1,0,1
66,66,0,1,0,1,0,2
66,66,0,1,0,1,0,1
62,62,0,1,0,1,0,1
70,70,0,1,0,1,0,2
156,156,0,2,0,2,0,0
11810,2769,9041,29,47,15,14,0
412322,17503,394819,466,140,167,299,0
62,62,0,1,0,1,0,1
225,110,115,2,30,1,1,0
66,66,0,1,0,1,0,2
62,62,0,1,0,1,0,1
2305712,80795,2224917,2771,52,1293,1478,0
62,62,0,1,0,1,0,1
66,66,0,1,0,1,0,1
293,223,70,4,1,3,1,3
66,66,0,1,0,1,0,1
70,70,0,1,0,1,0,2
70,70,0,1,0,1,0,2
70,70,0,1,0,1,0,2
146,146,0,1,0,1,0,1
177,94,83,2,30,1,1,0
10163,3585,6578,47,26,24,23,0
513,152,361,2,1201,1,1,0
8223,3066,5157,30,33,15,15,0
66,66,0,1,0,1,0,1
62,62,0,1,0,1,0,1
359,118,241,2,30,1,1,0
10229,2777,7452,30,361,15,15,0
66,66,0,1,0,1,0,2
62,62,0,1,0,1,0,1
146,146,0,1,0,1,0,1
9534,746,8788,18,49,9,9,0
200,102,98,2,29,1,1,0
466,392,74,4,0,3,1,0
62,62,0,1,0,1,0,1
70,70,0,1,0,1,0,2
60,60,0,1,0,1,0,1
21476,1330,20146,32,137,12,20,0
70,70,0,1,0,1,0,2
62,62,0,1,0,1,0,1
174,77,97,2,30,1,1,0
312,132,180,6,6,3,3,0
66,66,0,1,0,1,0,1
70,70,0,1,0,1,0,2
209,110,99,2,30,1,1,0
62,62,0,1,0,1,0,1
78,78,0,1,30,1,0,0
60,60,0,1,0,1,0,1
868,126,742,3,31,2,1,0
8493,2314,6179,33,15,18,15,0
66,66,0,1,0,1,0,1
51152,3321,47831,81,100,38,43,0
70,70,0,1,0,1,0,2
181,94,87,2,30,1,1,0
70,70,0,1,5,1,0,0
66,66,0,1,0,1,0,2
66,66,0,1,0,1,0,2
196,102,94,2,30,1,1,0
445,94,351,2,30,1,1,0
206,84,122,4,29,2,2,0
66,66,0,1,0,1,0,2
66,66,0,1,0,1,0,2
3419,2241,1178,16,16,8,8,0
316,190,126,5,15,3,2,0
321,105,216,4,40,2,2,0
70,70,0,1,0,1,0,2
224,94,130,2,30,1,1,0
179,86,93,2,30,1,1,0
525,150,375,6,33,3,3,0
12685,7319,5366,36,398,15,21,0
11294,2234,9060,23,139,12,11,0
2367,1240,1127,10,16,5,5,0
66,66,0,1,0,1,0,1
8006,1986,6020,20,15,11,9,0
29739,1164,28575,40,120,15,25,0
1473,868,605,10,25,6,4,0
926,126,800,2,31,1,1,0
62,62,0,1,0,1,0,1
245,102,143,2,29,1,1,0
197,76,121,2,30,1,1,0
66,66,0,1,0,1,0,2
36181,3264,32917,51,62,24,27,0
216,110,106,2,31,1,1,0
184,94,90,2,31,1,1,0
572565,17274,555291,546,147,124,422,0
62,62,0,1,0,1,0,1
204936,10932,194004,277,31,140,137,0
66,66,0,1,0,1,0,2
66,66,0,1,0,1,0,2
70,70,0,1,0,1,0,2
258,70,188,4,8,2,2,0
183,94,89,2,30,1,1,0
1078,518,560,16,21,9,7,0
66,66,0,1,0,1,0,1
6677,1006,5671,19,26,11,8,0
326,186,140,6,29,4,2,0
7480,4670,2810,47,324,30,17,0
264,264,0,4,47,4,0,0
146,146,0,1,0,1,0,1
66,66,0,1,0,1,0,2
55872,28838,27034,234,175,117,117,0
70,70,0,1,0,1,0,2
154,94,60,2,4,1,1,0
1638,1324,314,10,15,5,5,0
209,110,99,2,30,1,1,0
59233,7514,51719,70,122,27,43,0
198,101,97,2,30,1,1,0
177,94,83,2,30,1,1,0
301,80,221,2,31,1,1,0
62,62,0,1,0,1,0,1
198,93,105,2,30,1,1,0
2024,504,1520,7,33,5,2,0
70,70,0,1,0,1,0,2
70,70,0,1,4,1,0,0
395,102,293,2,30,1,1,0
4595,1038,3557,19,69,11,8,0
146,146,0,1,0,1,0,1
62,62,0,1,0,1,0,1
70,70,0,1,4,1,0,0
194,102,92,2,31,1,1,0
8481,1976,6505,23,25,13,10,0
150,150,0,1,0,1,0,1
841,715,126,5,15,3,2,0
62,62,0,1,0,1,0,1
548,248,300,10,30,5,5,0
261,94,167,2,30,1,1,0
70,70,0,1,0,1,0,2
82,82,0,1,30,1,0,0
3489,1598,1891,25,631,7,18,0
4542,2962,1580,13,28,8,5,0
70,70,0,1,0,1,0,2
169315,5255,164060,190,77,66,124,0
130,70,60,2,15,1,1,0
1238821,42695,1196126,1389,72,535,854,0
66,66,0,1,0,1,0,2
146,146,0,1,0,1,0,1
161,161,0,1,0,1,0,1
3024,709,2315,13,120,6,7,0
70,70,0,1,0,1,0,2
6936,1761,5175,17,16,11,6,0
70,70,0,1,5,1,0,0
66,66,0,1,0,1,0,2
66,66,0,1,0,1,0,2
944,529,415,11,315,6,5,0
70,70,0,1,0,1,0,2
2043,1331,712,13,17,7,6,0
6118,5698,420,12,124,6,6,0
92117,4799,87318,107,15,43,64,0
12727,948,11779,21,30,10,11,0
70,70,0,1,0,1,0,2
10520,3200,7320,29,38,16,13,0
66,66,0,1,0,1,0,1
1642,126,1516,4,31,2,2,0
1296,612,684,18,120,9,9,0
62,62,0,1,0,1,0,1
346,346,0,1,0,1,0,1
70,70,0,2,8,2,0,0
3922,552,3370,16,16,8,8,0
5737,1602,4135,23,86,13,10,0
199,199,0,1,0,1,0,1
72,72,0,1,0,1,0,1
244,98,146,2,33,1,1,0
66,66,0,1,0,1,0,1
70,70,0,1,0,1,0,2
14819,3993,10826,80,330,36,44,0
7171,1729,5442,24,78,13,11,0
180,94,86,2,30,1,1,0
62,62,0,1,0,1,0,1
66,66,0,1,0,1,0,2
70,70,0,1,0,1,0,2
3655,1807,1848,17,15,9,8,0
62,62,0,1,0,1,0,1
94,94,0,1,30,1,0,0
9366,5830,3536,23,121,12,11,0
66,66,0,1,0,1,0,1
217,87,130,2,30,1,1,0
170,87,83,2,31,1,1,0
9621,7389,2232,33,256,14,19,0
86,86,0,1,0,1,0,1
66,66,0,1,0,1,0,1
74,74,0,1,0,1,0,1
194,102,92,2,30,1,1,0
711,87,624,2,31,1,1,0
879,126,753,2,31,1,1,0
199,102,97,2,32,1,1,0
1139,506,633,10,15,6,4,0
200,102,98,2,30,1,1,0
228,110,118,2,30,1,1,0
70,70,0,1,4,1,0,0
66,66,0,1,0,1,0,1
72,72,0,1,0,1,0,1
70,70,0,1,0,1,0,2
196,94,102,2,30,1,1,0
199,102,97,2,30,1,1,0
62,62,0,1,0,1,0,1
4019,2219,1800,33,186,17,16,0
66,66,0,1,0,1,0,1
66,66,0,1,0,1,0,1
3051,1801,1250,18,15,8,10,0
66,66,0,1,0,1,0,2
184,94,90,2,30,1,1,0
71256,962,70294,63,52,11,52,0
10335,1617,8718,19,124,9,10,0
303,303,0,4,47,4,0,0
60,60,0,1,0,1,0,1
66,66,0,1,0,1,0,1
62,62,0,1,0,1,0,1
5327,963,4364,19,15,11,8,0
70,70,0,1,0,1,0,2
29904,3111,26793,68,164,35,33,0
66,66,0,1,0,1,0,1
426,240,186,8,25,5,3,0
654956,17062,637894,673,18,244,429,0
70,70,0,1,0,1,0,2
2011,1422,589,12,48,6,6,0
5613,733,4880,16,14,9,7,0
62,62,0,1,0,1,0,1
66,66,0,1,0,1,0,1
186,95,91,2,30,1,1,0
63494,7222,56272,107,81,49,58,0
148,86,62,2,31,1,1,0
4082,958,3124,14,26,8,6,0
145,145,0,1,0,1,0,1
1632,1023,609,16,133,9,7,0
70,70,0,1,0,1,0,2
1352,848,504,13,255,8,5,0
7930,3351,4579,56,38,27,29,0
70,70,0,1,0,1,0,2
60,60,0,1,0,1,0,1
66,66,0,1,0,1,0,2
70,70,0,1,5,1,0,0
167,86,81,2,30,1,1,0
184,102,82,2,29,1,1,0
2074,1375,699,13,83,7,6,0
762,98,664,2,30,1,1,0
62,62,0,1,0,1,0,1
62,62,0,1,0,1,0,1
3296,1636,1660,17,255,9,8,0
198,102,96,2,30,1,1,0
3335,2735,600,12,30,7,5,0
27904,14100,13804,46,34,24,22,0
5096,1030,4066,25,1751,9,16,0
1618,126,1492,4,31,2,2,0
273,118,155,2,30,1,1,0
336,231,105,3,30,2,1,0
66,66,0,1,0,1,0,1
184,94,90,2,30,1,1,0
6012,873,5139,18,25,9,9,0
1366,865,501,8,15,5,3,0
3889,1992,1897,19,255,10,9,0
186,95,91,2,30,1,1,0
5611,1560,4051,22,266,13,9,0
193,102,91,2,30,1,1,0
8805,3429,5376,33,475,16,17,0
366,240,126,7,25,5,2,0
62,62,0,1,0,1,0,1
66,66,0,1,0,1,0,2
62,62,0,1,0,1,0,1
70,70,0,1,0,1,0,2
66,66,0,1,0,1,0,2
731,85,646,2,30,1,1,0
174,89,85,2,31,1,1,0
242,102,140,2,30,1,1,0
66,66,0,2,7,2,0,0
283,98,185,4,52,2,2,0
8688,4248,4440,56,131,34,22,0
8533,4446,4087,65,160,32,33,0
66,66,0,1,0,1,0,2
259,110,149,2,29,1,1,0
62,62,0,1,0,1,0,1
66,66,0,1,0,1,0,2
216,110,106,2,30,1,1,0
36265,3519,32746,55,46,27,28,0
70,70,0,1,0,1,0,2
146,146,0,1,0,1,0,1
2124,1158,966,13,87,7,6,0
70,70,0,1,0,1,0,2
146,146,0,1,0,1,0,1
4553,856,3697,17,362,9,8,0
7827,2416,5411,18,136,8,10,0
320,320,0,5,0,5,0,0
196,102,94,2,29,1,1,0
62,62,0,1,0,1,0,1
66,66,0,1,0,1,0,1
92212,4799,87413,107,16,43,64,0
245,78,167,2,30,1,1,0
6181,833,5348,19,52,9,10,0
70,70,0,2,8,2,0,0
60,60,0,1,0,1,0,1
66,66,0,1,0,1,0,2
60,60,0,1,0,1,0,1
225,110,115,2,30,1,1,0
177,94,83,2,31,1,1,0
66,66,0,1,0,1,0,2
133558,8265,125293,186,31,93,93,0
66,66,0,1,5,1,0,0
60,60,0,1,0,1,0,1
66,66,0,1,0,1,0,2
62,62,0,1,0,1,0,1
245,94,151,2,30,1,1,0
194,102,92,2,30,1,1,0
3044,1694,1350,23,45,13,10,0
19357,10244,9113,36,27,19,17,0
178,94,84,2,30,1,1,0
66,66,0,1,0,1,0,1
172,88,84,2,31,1,1,0
70,70,0,1,0,1,0,2
469946,11862,458084,482,68,173,309,0
66,66,0,1,0,1,0,1
812,110,702,2,30,1,1,0
3594,1787,1807,31,163,17,14,0
146,146,0,1,0,1,0,1
11429,4904,6525,33,156,18,15,0
3084,1646,1438,19,131,10,9,0
70,70,0,1,0,1,0,2
66,66,0,1,0,1,0,1
2373,614,1759,11,15,6,5,0
168,94,74,2,30,1,1,0
2869,1173,1696,11,21,6,5,0
74,74,0,1,0,1,0,1
1376,946,430,8,86,5,3,0
62,62,0,1,0,1,0,1
70,70,0,1,5,1,0,0
219,81,138,2,30,1,1,0
233,90,143,2,32,1,1,0
13661,2246,11415,28,256,14,14,0
62,62,0,1,0,1,0,1
60,60,0,1,0,1,0,1
233,90,143,2,33,1,1,0
184,94,90,2,30,1,1,0
177,94,83,2,30,1,1,0
70,70,0,1,0,1,0,2
2894,1653,1241,24,26,12,12,0
1658,1344,314,10,15,5,5,0
70,70,0,1,0,1,0,2
184,94,90,2,30,1,1,0
92244,4799,87445,107,15,43,64,0
70,70,0,1,0,1,0,2
142,78,64,2,5,1,1,0
66,66,0,1,0,1,0,1
182,93,89,2,31,1,1,0
8142,2090,6052,22,360,10,12,0
70,70,0,1,0,1,0,2
218,90,128,2,29,1,1,0
432,192,240,8,30,4,4,0
66,66,0,1,0,1,0,1
66,66,0,1,5,1,0,0
62,62,0,1,0,1,0,1
70,70,0,1,0,1,0,2
70,70,0,1,0,1,0,2
66,66,0,1,0,1,0,1
70,70,0,1,0,1,0,2
177,94,83,2,30,1,1,0
1221,781,440,11,16,6,5,0
10280,6167,4113,20,15,12,8,0
146,146,0,1,0,1,0,1
82608,3591,79017,101,15,39,62,0
192,98,94,2,30,1,1,0
212,102,110,2,30,1,1,0
66,66,0,1,0,1,0,2
62,62,0,1,0,1,0,1
66,66,0,1,0,1,0,1
70,70,0,2,8,2,0,0
70,70,0,1,0,1,0,2
70,70,0,1,0,1,0,2
177,94,83,2,30,1,1,0
66,66,0,1,0,1,0,2
66,66,0,1,0,1,0,1
70,70,0,1,5,1,0,0
70,70,0,1,0,1,0,1
7633,5620,2013,31,60,19,12,0
70,70,0,1,4,1,0,0
70,70,0,2,8,2,0,0
177,94,83,2,30,1,1,0
10483,4072,6411,20,26,9,11,0
328,88,240,4,32,2,2,0
70,70,0,1,0,1,0,2
70,70,0,1,5,1,0,0
70,70,0,1,0,1,0,2
60,60,0,1,0,1,0,1
60,60,0,1,91,1,0,0
2087,1215,872,8,88,5,3,0
752,110,642,2,30,1,1,0
265,91,174,4,36,2,2,0
62,62,0,1,0,1,0,1
194,87,107,2,30,1,1,0
858,858,0,14,1199,14,0,0
60,60,0,1,0,1,0,1
70,70,0,1,0,1,0,2
186,95,91,2,31,1,1,0
66,66,0,1,0,1,0,1
62,62,0,1,0,1,0,1
711,87,624,2,30,1,1,0
70,70,0,1,0,1,0,2
66,66,0,1,0,1,0,1
214,110,104,2,30,1,1,0
194,102,92,2,30,1,1,0
19237,829,18408,29,15,13,16,0
66,66,0,1,0,1,0,1
637,178,459,6,70,3,3,0
66,66,0,1,0,1,0,1
70,70,0,1,4,1,0,0
26867,2743,24124,45,140,23,22,0
70,70,0,1,0,1,0,2
340,110,230,2,29,1,1,0
66,66,0,1,0,1,0,1
197,102,95,2,30,1,1,0
755,93,662,2,31,1,1,0
70,70,0,1,0,1,0,2
167,78,89,2,30,1,1,0
211,78,133,2,30,1,1,0
66,66,0,1,0,1,0,1
181,94,87,2,29,1,1,0
4419,3852,567,15,144,8,7,0
5205,1251,3954,18,15,10,8,0
130,70,60,3,5,2,1,0
20248,1033,19215,28,3620,9,19,0
70,70,0,1,0,1,0,2
70,70,0,1,0,1,0,2
3181,1647,1534,18,31,10,8,0
3910,1805,2105,20,18,12,8,0
62,62,0,1,0,1,0,1
70,70,0,1,4,1,0,0
9468,2242,7226,23,15,12,11,0
6003,691,5312,13,16,7,6,0
70,70,0,1,0,1,0,2
14009,10561,3448,30,135,16,14,0
888,126,762,2,31,1,1,0
70,70,0,1,0,1,0,2
177,94,83,2,30,1,1,0
66,66,0,1,0,1,0,1
62,62,0,1,0,1,0,1
66,66,0,1,0,1,0,1
514,246,268,9,76,5,4,0
216,94,122,2,30,1,1,0
60,60,0,1,0,1,0,1
247,98,149,2,32,1,1,0
70,70,0,1,0,1,0,2
70,70,0,1,0,1,0,2
74,74,0,1,0,1,0,1
210,94,116,2,30,1,1,0
12322,3893,8429,28,139,13,15,0
66,66,0,1,0,1,0,1
177,94,83,2,30,1,1,0
146,146,0,1,0,1,0,1
70,70,0,2,8,2,0,0
62,62,0,1,0,1,0,1
172,88,84,2,30,1,1,0
235,90,145,2,33,1,1,0
198,102,96,2,29,1,1,0
60,60,0,1,0,1,0,1
60,60,0,1,0,1,0,1
62,62,0,1,0,1,0,1
314,192,122,6,15,4,2,0
70,70,0,2,8,2,0,0
62,62,0,1,0,1,0,1
70,70,0,1,0,1,0,2
66,66,0,1,0,1,0,1
70,70,0,1,0,1,0,2
184,94,90,2,31,1,1,0
62,62,0,1,0,1,0,1
7889,1900,5989,20,16,11,9,0
200,102,98,2,30,1,1,0
66,66,0,1,0,1,0,2
3477,1572,1905,16,186,9,7,0
60,60,0,1,0,1,0,1
66,66,0,1,0,1,0,1
200,102,98,2,30,1,1,0
66,66,0,1,0,1,0,2
239,110,129,2,30,1,1,0
70,70,0,1,0,1,0,2
177,94,83,2,30,1,1,0
62,62,0,1,0,1,0,1
198,90,108,2,30,1,1,0
3420,983,2437,15,121,7,8,0
8047,2291,5756,22,19,13,9,0
62,62,0,1,0,1,0,1
70,70,0,1,0,1,0,2
66,66,0,1,0,1,0,1
199,102,97,2,30,1,1,0
70,70,0,1,0,1,0,2
1917,1468,449,10,19,6,4,0
209,110,99,2,30,1,1,0
6043,1568,4475,11,120,4,7,0
211,110,101,2,30,1,1,0
1883,995,888,11,47,6,5,0
146,146,0,1,0,1,0,1
14616,6227,8389,32,31,16,16,0
66,66,0,2,7,2,0,0
62,62,0,1,0,1,0,1
66,66,0,1,0,1,0,2
183,94,89,2,29,1,1,0
316,136,180,6,8,3,3,0
70,70,0,1,0,1,0,2
168,86,82,2,31,1,1,0
70,70,0,1,0,1,0,2
3776,1446,2330,20,153,9,11,0
4006,3572,434,14,15,7,7,0
66,66,0,1,0,1,0,2
66,66,0,1,0,1,0,2
62,62,0,1,0,1,0,1
314,192,122,6,15,4,2,0
1600,1089,511,13,151,7,6,0
70,70,0,1,0,1,0,2
228,90,138,2,32,1,1,0
209,102,107,2,30,1,1,0
211,102,109,2,29,1,1,0
177,94,83,2,29,1,1,0
12030,1282,10748,23,17,9,14,0
718,94,624,2,30,1,1,0
294,102,192,2,30,1,1,0
4792,3072,1720,31,80,16,15,0
70,70,0,1,0,1,0,2
6128,1394,4734,24,146,10,14,0
10384,4563,5821,34,436,17,17,0
70,70,0,1,0,1,0,2
70,70,0,1,0,1,0,2
555104,4582,550522,446,20,60,386,0
113894,15573,98321,182,119,67,115,0
120566,15345,105221,173,125,72,101,0
240,240,0,5,338,5,0,0
193,102,91,2,30,1,1,0
193,102,91,2,30,1,1,0
66,66,0,1,0,1,0,1
880,126,754,2,30,1,1,0
198,93,105,2,31,1,1,0
178,94,84,2,30,1,1,0
5349,1090,4259,18,31,10,8,0
130,70,60,2,6,1,1,0
70,70,0,1,0,1,0,2
195,102,93,2,31,1,1,0
154,94,60,2,4,1,1,0
199,102,97,2,29,1,1,0
701,88,613,2,30,1,1,0
4187,773,3414,16,30,9,7,0
70,70,0,1,0,1,0,2
70,70,0,1,0,1,0,1
62,62,0,1,0,1,0,1
229,94,135,2,30,1,1,0
195,102,93,2,31,1,1,0
60,60,0,1,0,1,0,1
1097,654,443,12,86,7,5,0
754,94,660,2,30,1,1,0
199,199,0,1,0,1,0,1
275,85,190,2,31,1,1,0
7250,2813,4437,21,62,12,9,0
62,62,0,1,0,1,0,1
70,70,0,1,0,1,0,2
1987,1593,394,10,151,6,4,0
70,70,0,1,0,1,0,2
1680,950,730,12,15,6,6,0
62,62,0,1,0,1,0,1
708,384,324,12,195,7,5,0
139,139,0,1,0,1,0,1
12767608,157856,12609752,11936,135,2227,9709,0
186,64,122,4,29,2,2,0
793,101,692,2,30,1,1,0
178,94,84,2,31,1,1,0
62,62,0,1,0,1,0,1
802,104,698,2,31,1,1,0
62,62,0,1,0,1,0,1
70,70,0,1,0,1,0,2
1139403,49178,1090225,1155,108,353,802,0
283,101,182,4,37,2,2,0
70,70,0,1,0,1,0,2
70,70,0,1,0,1,0,2
881,126,755,2,30,1,1,0
7960,2219,5741,27,35,16,11,0
70,70,0,1,0,1,0,2
70,70,0,1,0,1,0,2
146,146,0,1,0,1,0,1
369,150,219,2,30,1,1,0
1527,940,587,14,21,8,6,0
146,146,0,1,0,1,0,1
60,60,0,1,0,1,0,1
62,62,0,1,0,1,0,1
70,70,0,1,5,1,0,0
951054,20747,930307,902,26,276,626,0
66,66,0,1,0,1,0,2
65770,4466,61304,94,46,44,50,0
239,94,145,2,29,1,1,0
10331,2157,8174,37,137,18,19,0
66,66,0,1,0,1,0,2
62,62,0,1,0,1,0,1
70,70,0,1,4,1,0,0
168,78,90,2,30,1,1,0
376,254,122,6,17,4,2,0
66,66,0,1,0,1,0,1
66,66,0,1,0,1,0,2
1660,126,1534,4,30,2,2,0
70,70,0,1,0,1,0,2
60,60,0,1,0,1,0,1
224,164,60,3,5,2,1,0
62,62,0,1,0,1,0,1
199,94,105,2,30,1,1,0
66,66,0,1,0,1,0,2
146,146,0,1,0,1,0,1
113036,13164,99872,191,144,89,102,0
2648,1797,851,19,22,11,8,0
66,66,0,1,0,1,0,1
6158,654,5504,15,16,8,7,0
8366,2018,6348,32,104,17,15,0
217,82,135,2,32,1,1,0
4869,1016,3853,18,121,9,9,0
62,62,0,1,0,1,0,1
194,102,92,2,31,1,1,0
146,146,0,1,0,1,0,1
60,60,0,1,0,1,0,1
70,70,0,1,0,1,0,2
186,95,91,2,30,1,1,0
1786,1147,639,17,177,10,7,0
66,66,0,1,0,1,0,2
60,60,0,1,0,1,0,1
450,246,204,8,29,5,3,0
740,93,647,2,31,1,1,0
70,70,0,1,0,1,0,2
7157,2183,4974,22,16,12,10,0
62,62,0,1,0,1,0,1
70,70,0,1,0,1,0,2
70,70,0,1,5,1,0,0
222,90,132,2,30,1,1,0
70,70,0,2,8,2,0,0
70,70,0,1,0,1,0,2
1711,1011,700,11,21,6,5,0
66,66,0,1,0,1,0,1
70,70,0,1,0,1,0,2
5591,3194,2397,16,122,8,8,0
199,94,105,2,30,1,1,0
657,187,470,6,72,3,3,0
173,94,79,2,29,1,1,0
78,78,0,1,0,1,0,1
66,66,0,1,0,1,0,1
70,70,0,1,0,1,0,2
1280822,27768,1253054,1241,40,365,876,0
184,94,90,2,30,1,1,0
184,94,90,2,29,1,1,0
66,66,0,1,0,1,0,1
130,70,60,2,5,1,1,0
199,102,97,2,29,1,1,0
66,66,0,1,0,1,0,1
70,70,0,1,0,1,0,2
66,66,0,1,0,1,0,1
132,64,68,2,30,1,1,0
70,70,0,1,0,1,0,2
1515,568,947,14,82,6,8,0
66,66,0,1,0,1,0,1
416,210,206,7,29,4,3,0
197,94,103,2,29,1,1,0
177,94,83,2,30,1,1,0
422,164,258,6,30,3,3,0
70,70,0,1,0,1,0,2
816,97,719,2,30,1,1,0
66,66,0,1,0,1,0,1
366,240,126,7,24,5,2,0
186,95,91,2,31,1,1,0
62,62,0,1,120,1,0,0
70,70,0,1,5,1,0,0
174,89,85,2,30,1,1,0
66,66,0,1,0,1,0,1
70,70,0,1,0,1,0,2
1638,1324,314,10,14,5,5,0
767,102,665,2,30,1,1,0
70,70,0,1,0,1,0,2
66,66,0,1,0,1,0,1
216,110,106,2,29,1,1,0
70,70,0,1,0,1,0,2
79524,18512,61012,205,50,101,104,0
194,102,92,2,31,1,1,0
238059,13790,224269,276,141,113,163,0
62,62,0,1,0,1,0,1
333,90,243,4,41,2,2,0
66,66,0,1,0,1,0,2
182,93,89,2,31,1,1,0
285,106,179,2,31,1,1,0
1251,749,502,11,68,6,5,0
122,62,60,2,15,1,1,0
177,94,83,2,30,1,1,0
209,110,99,2,31,1,1,0
1696,996,700,11,22,6,5,0
70,70,0,1,0,1,0,2
70,70,0,1,0,1,0,2
66,66,0,1,0,1,0,1
184,94,90,2,29,1,1,0
66,66,0,1,0,1,0,2
62,62,0,1,0,1,0,1
62,62,0,1,0,1,0,1
2244,1505,739,11,146,6,5,0
6882,1788,5094,15,16,9,6,0
62,62,0,1,0,1,0,1
62,62,0,1,0,1,0,1
9324,4240,5084,24,16,13,11,0
1862,1223,639,18,89,11,7,0
62,62,0,1,0,1,0,1
8404,1892,6512,23,30,12,11,0
70,70,0,1,0,1,0,2
70,70,0,1,5,1,0,0
70,70,0,1,0,1,0,2
70,70,0,1,0,1,0,2
288,288,0,4,47,4,0,0
252,102,150,2,30,1,1,0
72,72,0,1,0,1,0,1
451,451,0,1,0,1,0,1
15600,7789,7811,155,169,82,73,0
66,66,0,1,0,1,0,2
193,102,91,2,30,1,1,0
66,66,0,1,0,1,0,1
156,156,0,2,0,2,0,0
819,102,717,2,30,1,1,0
66,66,0,1,0,1,0,2
195,102,93,2,30,1,1,0
70,70,0,1,5,1,0,0
7292,950,6342,19,75,9,10,0
177,94,83,2,30,1,1,0
62,62,0,1,0,1,0,1
487,201,286,6,37,3,3,0
70,70,0,1,5,1,0,0
188,96,92,2,30,1,1,0
70,70,0,1,0,1,0,2
701,88,613,2,30,1,1,0
62,62,0,1,0,1,0,1
205,86,119,2,30,1,1,0
758,320,438,11,17,6,5,0
70,70,0,1,0,1,0,2
121145,3578,117567,128,77,39,89,0
10811,2571,8240,27,48,15,12,0
70,70,0,1,0,1,0,2
195,94,101,2,30,1,1,0
5959,169,5790,10,121,3,7,0
70,70,0,1,0,1,0,2
161,101,60,2,5,1,1,0
62,62,0,1,0,1,0,1
199,102,97,2,31,1,1,0
66,66,0,1,0,1,0,2
70,70,0,1,0,1,0,2
70,70,0,1,0,1,0,2
366,240,126,7,32,5,2,0
70,70,0,1,0,1,0,2
4659604,120303,4539301,4651,74,1586,3065,0
70,70,0,1,0,1,0,2
14940,9434,5506,30,105,17,13,0
66,66,0,1,0,1,0,2
291,110,181,2,30,1,1,0
16227,2037,14190,40,109,19,21,0
66,66,0,1,0,1,0,1
86,86,0,1,30,1,0,0
293,223,70,4,1,3,1,3
86,86,0,1,30,1,0,0
70,70,0,1,0,1,0,2
199,102,97,2,30,1,1,0
164,86,78,2,31,1,1,0
70,70,0,1,0,1,0,2
172,78,94,2,30,1,1,0
70,70,0,1,0,1,0,2
78,78,0,1,5,1,0,0
1312,651,661,13,185,7,6,0
130,66,64,2,4,1,1,0
66,66,0,1,0,1,0,1
62,62,0,1,0,1,0,1
399,93,306,4,41,2,2,0
62,62,0,1,0,1,0,1
7870,2945,4925,19,136,9,10,0
20860,1618,19242,35,122,15,20,0
316,136,180,6,6,3,3,0
74039,4367,69672,91,19,40,51,0
1056,682,374,10,15,6,4,0
375,126,249,2,30,1,1,0
62,62,0,1,0,1,0,1
178,94,84,2,30,1,1,0
182,93,89,2,31,1,1,0
62,62,0,1,0,1,0,1
132,132,0,3,1199,3,0,0
70,70,0,1,0,1,0,2
499,425,74,4,0,3,1,0
226,102,124,2,30,1,1,0
66992,5462,61530,79,26,30,49,0
66,66,0,1,0,1,0,2
62,62,0,1,0,1,0,1
5359,705,4654,15,25,8,7,0
159,159,0,1,0,1,0,1
62,62,0,1,0,1,0,1
410,210,200,7,86,4,3,0
168753,7954,160799,212,26,95,117,0
70,70,0,1,0,1,0,2
718,94,624,2,29,1,1,0
19782,3596,16186,38,256,21,17,0
66,66,0,1,0,1,0,1
66,66,0,1,0,1,0,2
183,94,89,2,30,1,1,0
311,311,0,3,1200,3,0,0
2622,1074,1548,14,282,8,6,0
16160,13969,2191,42,80,23,19,0
66,66,0,1,0,1,0,1
35407,1784,33623,46,20,20,26,0
16002,4305,11697,60,138,29,31,0
70,70,0,2,8,2,0,0
320,140,180,6,6,3,3,0
66,66,0,1,0,1,0,2
70,70,0,1,0,1,0,2
74,74,0,1,0,1,0,1
66,66,0,1,5,1,0,0
1598,794,804,16,18,9,7,0
6033,770,5263,18,15,8,10,0
66,66,0,1,0,1,0,2
4216,771,3445,16,26,9,7,0
70,70,0,1,0,1,0,2
70,70,0,1,0,1,0,2
6352,4052,2300,44,630,23,21,0
74,74,0,1,0,1,0,1
70,70,0,1,0,1,0,2
70,70,0,1,0,1,0,2
66,66,0,1,0,1,0,1
1000,557,443,11,141,6,5,0
8939,3462,5477,25,263,12,13,0
70,70,0,1,0,1,0,2
146,146,0,1,0,1,0,1
3424,1710,1714,16,31,8,8,0
21478,2212,19266,47,86,19,28,0
404,259,145,3,32,2,1,0
62,62,0,1,0,1,0,1
199,102,97,2,30,1,1,0
22366,9583,12783,50,37,25,25,0
60,60,0,1,0,1,0,1
66,66,0,1,0,1,0,2
62,62,0,1,0,1,0,1
66,66,0,1,0,1,0,2
194,99,95,2,1,1,1,0
88574,15708,72866,114,176,52,62,0
62,62,0,1,0,1,0,1
6888,1774,5114,25,210,14,11,0
210890,8286,202604,208,28,64,144,0
62,62,0,1,0,1,0,1
70,70,0,1,0,1,0,2
70,70,0,1,0,1,0,2
70,70,0,1,0,1,0,2
66,66,0,1,0,1,0,1
168,94,74,2,30,1,1,0
9668,4698,4970,42,16,25,17,0
70,70,0,1,0,1,0,2
183,94,89,2,30,1,1,0
184,94,90,2,30,1,1,0
62,62,0,1,0,1,0,1
93,93,0,1,30,1,0,0
70,70,0,1,0,1,0,2
216,110,106,2,30,1,1,0
257,102,155,2,29,1,1,0
146,146,0,1,0,1,0,1
177,94,83,2,31,1,1,0
6812,1127,5685,24,255,11,13,0
193,102,91,2,30,1,1,0
66,66,0,1,91,1,0,0
70,70,0,1,0,1,0,2
62,62,0,1,0,1,0,1
70,70,0,1,0,1,0,2
6155,888,5267,17,15,8,9,0
66,66,0,1,0,1,0,2
70,70,0,1,0,1,0,2
168,78,90,2,30,1,1,0
422,164,258,6,29,3,3,0
564,318,246,9,18,5,4,0
720,94,626,2,31,1,1,0
7548,1586,5962,18,21,8,10,0
179,94,85,2,30,1,1,0
4945,1401,3544,21,25,11,10,0
329,118,211,2,30,1,1,0
70,70,0,1,5,1,0,0
82,82,0,1,30,1,0,0
217,90,127,2,30,1,1,0
196,102,94,2,30,1,1,0
70,70,0,1,0,1,0,2
66,66,0,1,0,1,0,2
62,62,0,1,0,1,0,1
36154,9709,26445,60,161,27,33,0
211,110,101,2,30,1,1,0
5785,2575,3210,24,76,14,10,0
66,66,0,1,0,1,0,1
195,102,93,2,30,1,1,0
184,94,90,2,29,1,1,0
70,70,0,1,0,1,0,2
66,66,0,1,0,1,0,1
279067,22871,256196,327,90,145,182,0
66,66,0,1,0,1,0,2
146,146,0,1,0,1,0,1
1155,781,374,10,15,6,4,0
70,70,0,1,0,1,0,2
250,86,164,4,29,2,2,0
146,146,0,1,0,1,0,3
146,146,0,1,0,1,0,1
4398,1491,2907,19,27,11,8,0
774,101,673,2,31,1,1,0
12053,6627,5426,47,1043,26,21,0
70,70,0,1,0,1,0,2
70,70,0,1,0,1,0,2
16265,3132,13133,54,276,26,28,0
62,62,0,1,0,1,0,1
190,70,120,4,15,2,2,0
94,94,0,1,30,1,0,0
62,62,0,1,0,1,0,1
318,192,126,6,28,4,2,0
70,70,0,1,5,1,0,0
199,94,105,2,30,1,1,0
62,62,0,1,0,1,0,1
12756,3596,9160,31,299,16,15,0
60,60,0,1,0,1,0,1
184,94,90,2,31,1,1,0
213,89,124,4,32,2,2,0
7975,1974,6001,31,210,15,16,0
172,88,84,2,30,1,1,0
66,66,0,1,0,1,0,2
14840,3978,10862,32,33,15,17,0
4628,1721,2907,19,30,11,8,0
146,146,0,1,0,1,0,1
414,268,146,3,32,2,1,0
194,94,100,2,30,1,1,0
60,60,0,1,0,1,0,1
66,66,0,1,0,1,0,1
70,70,0,2,8,2,0,0
3910,1805,2105,20,18,12,8,0
70,70,0,1,0,1,0,2
148,148,0,1,0,1,0,1
34405,7602,26803,53,35,24,29,0
66,66,0,1,0,1,0,1
66,66,0,1,0,1,0,2
8659,1687,6972,30,55,16,14,0
23248,1600,21648,35,31,17,18,0
145,145,0,1,0,1,0,1
62,62,0,1,0,1,0,1
182,102,80,2,30,1,1,0
36062,4663,31399,87,33,41,46,0
308,94,214,2,29,1,1,0
195,102,93,2,30,1,1,0
184,94,90,2,30,1,1,0
7963,2657,5306,29,333,13,16,0
13442,1200,12242,26,29,11,15,0
27035,4207,22828,43,31,21,22,0
66,66,0,1,0,1,0,1
37198,29093,8105,64,17,34,30,0
215,94,121,2,29,1,1,0
66,66,0,1,0,1,0,1
25865,7151,18714,36,15,19,17,0
199,102,97,2,30,1,1,0
197,90,107,2,30,1,1,0
66,66,0,1,0,1,0,2
982,982,0,1,0,1,0,1
4754,1847,2907,19,26,11,8,0
66,66,0,1,0,1,0,1
70,70,0,1,0,1,0,2
145,145,0,1,0,1,0,1
443,182,261,6,31,3,3,0
62,62,0,1,0,1,0,1
67063,17409,49654,94,274,48,46,0
66,66,0,1,0,1,0,1
3498,1872,1626,48,197,24,24,0
70,70,0,1,0,1,0,2
62,62,0,1,0,1,0,1
62,62,0,1,0,1,0,1
245,110,135,2,30,1,1,0
55132,17147,37985,126,150,55,71,0
9998,2237,7761,38,121,21,17,0
559339,545011,14328,595,316,388,207,0
62,62,0,1,0,1,0,1
200,102,98,2,30,1,1,0
164,78,86,2,30,1,1,0
11486,5080,6406,24,121,12,12,0
70,70,0,2,7,2,0,0
66,66,0,1,0,1,0,1
255,102,153,2,31,1,1,0
4014,1592,2422,17,147,9,8,0
70,70,0,1,0,1,0,2
60,60,0,1,0,1,0,1
66,66,0,1,0,1,0,1
66,66,0,1,0,1,0,2
66,66,0,1,0,1,0,1
3178535,62767,3115768,2800,83,626,2174,0
70,70,0,1,0,1,0,2
211,78,133,2,30,1,1,0
70,70,0,2,7,2,0,0
130,70,60,2,15,1,1,0
1966450,57437,1909013,1885,338,544,1341,0
222159,52803,169356,361,26,173,188,0
2684,2550,134,7,17,5,2,0
36149,11297,24852,56,29,25,31,0
203346,21619,181727,301,376,140,161,0
104397,8436,95961,122,21,49,73,0
66,66,0,1,0,1,0,1
12946,5235,7711,38,185,21,17,0
70,70,0,1,0,1,0,2
54871,28320,26551,231,174,116,115,0
184,94,90,2,30,1,1,0
7965,2643,5322,42,15,24,18,0
86,86,0,1,29,1,0,0
62,62,0,1,0,1,0,1
7419,2173,5246,17,16,9,8,0
672,426,246,11,21,7,4,0
66,66,0,1,0,1,0,2
148,86,62,2,29,1,1,0
7338,2419,4919,19,35,12,7,0
245,78,167,2,30,1,1,0
62,62,0,1,0,1,0,1
754,94,660,2,30,1,1,0
186,95,91,2,31,1,1,0
70,70,0,1,5,1,0,0
492,306,186,8,15,5,3,0
70,70,0,1,0,1,0,2
70,70,0,1,0,1,0,2
499,425,74,4,0,3,1,0
156,156,0,2,0,2,0,0
198,101,97,2,31,1,1,0
70,70,0,1,0,1,0,2
5578,1390,4188,19,16,9,10,0
3741,3008,733,16,15,10,6,0
5029,1986,3043,16,130,8,8,0
66,66,0,1,0,1,0,1
66,66,0,1,0,1,0,1
60,60,0,1,0,1,0,1
98965,16634,82331,187,30,82,105,0
140109,5229,134880,159,46,59,100,0
8877,1380,7497,30,18,15,15,0
74,74,0,1,0,1,0,1
60,60,0,1,0,1,0,1
146,146,0,1,0,1,0,1
70,70,0,2,8,2,0,0
287,78,209,2,30,1,1,0
294,142,152,2,30,1,1,0
62,62,0,1,0,1,0,1
66,66,0,1,0,1,0,1
3907,880,3027,11,15,5,6,0
78,78,0,1,5,1,0,0
5638,2934,2704,15,120,7,8,0
66,66,0,1,0,1,0,2
86,86,0,1,30,1,0,0
5584,2543,3041,20,27,11,9,0
888,126,762,2,31,1,1,0
66,66,0,1,0,1,0,2
167,86,81,2,30,1,1,0
3167,1498,1669,19,315,10,9,0
70,70,0,2,7,2,0,0
8435,1687,6748,30,76,14,16,0
16749,7614,9135,74,17,34,40,0
797,208,589,6,67,3,3,0
215,102,113,2,30,1,1,0
62,62,0,1,0,1,0,1
6659,1215,5444,17,15,9,8,0
79441,3092,76349,103,16,48,55,0
87797,47766,40031,754,453,303,451,0
184,94,90,2,31,1,1,0
66,66,0,1,0,1,0,1
62,62,0,1,0,1,0,1
66,66,0,2,7,2,0,0
193,102,91,2,30,1,1,0
1414,95,1319,4,41,2,2,0
62,62,0,1,0,1,0,1
1758,252,1506,5,32,3,2,0
66,66,0,1,0,1,0,1
199,86,113,2,29,1,1,0
70,70,0,1,5,1,0,0
70,70,0,1,0,1,0,2
70,70,0,1,0,1,0,2
316,94,222,2,29,1,1,0
184,94,90,2,30,1,1,0
378,192,186,7,21,4,3,0
62,62,0,1,0,1,0,1
117023,8825,108198,138,143,49,89,0
70,70,0,1,0,1,0,2
46400,3639,42761,59,135,25,34,0
193,102,91,2,30,1,1,0
5021,1030,3991,16,30,9,7,0
66,66,0,1,0,1,0,2
60,60,0,1,0,1,0,1
1151,711,440,10,15,5,5,0
15358,8278,7080,47,19,24,23,0
70,70,0,1,0,1,0,2
183,94,89,2,29,1,1,0
200,102,98,2,30,1,1,0
181,94,87,2,29,1,1,0
70,70,0,1,0,1,0,2
1716,1716,0,27,1598,27,0,0
737,94,643,2,29,1,1,0
7616,3064,4552,14,120,6,8,0
70,70,0,1,0,1,0,2
1648,126,1522,4,30,2,2,0
9485,2173,7312,32,27,17,15,0
66,66,0,1,0,1,0,1
66,66,0,1,0,1,0,2
60,60,0,1,0,1,0,1
146,146,0,1,0,1,0,1
199,102,97,2,30,1,1,0
146,146,0,1,0,1,0,1
70,70,0,1,0,1,0,2
66,66,0,1,0,1,0,2
66,66,0,1,0,1,0,1
198,102,96,2,30,1,1,0
82,82,0,1,30,1,0,0
11158,3338,7820,27,16,16,11,0
229,98,131,2,30,1,1,0
366,240,126,7,25,5,2,0
40456,12307,28149,114,140,58,56,0
248,78,170,2,30,1,1,0
62,62,0,1,0,1,0,1
70,70,0,2,8,2,0,0
62,62,0,1,0,1,0,1
70,70,0,1,5,1,0,0
62,62,0,1,0,1,0,1
184,94,90,2,31,1,1,0
66,66,0,1,0,1,0,1
622,356,266,4,1201,2,2,0
62,62,0,1,0,1,0,1
197,102,95,2,30,1,1,0
62,62,0,1,0,1,0,1
13502,2331,11171,42,194,19,23,0
60,60,0,1,0,1,0,1
180,94,86,2,31,1,1,0
359,95,264,4,46,2,2,0
9266,2595,6671,35,123,18,17,0
190,97,93,2,31,1,1,0
5166,700,4466,16,15,7,9,0
66,66,0,1,0,1,0,1
220,100,120,2,31,1,1,0
70,70,0,1,0,1,0,1
62,62,0,1,0,1,0,1
5368,1609,3759,21,75,12,9,0
832,106,726,2,30,1,1,0
2049,1065,984,15,78,8,7,0
70,70,0,1,0,1,0,2
960,539,421,9,30,5,4,0
12038195,322404,11715791,12026,153,3435,8591,0
5409,1471,3938,21,17,12,9,0
146,146,0,1,0,1,0,1
60,60,0,1,0,1,0,1
70,70,0,1,0,1,0,2
318,192,126,6,25,4,2,0
66,66,0,1,0,1,0,1
338,110,228,2,29,1,1,0
11008,4624,6384,36,322,19,17,0
70,70,0,1,0,1,0,2
168,86,82,2,30,1,1,0
66,66,0,1,0,1,0,1
199,102,97,2,30,1,1,0
200,94,106,2,30,1,1,0
191,78,113,2,30,1,1,0
237,91,146,2,33,1,1,0
146,146,0,1,0,1,0,1
66,66,0,1,0,1,0,2
66,66,0,1,0,1,0,1
7508,2864,4644,18,75,11,7,0
60,60,0,1,0,1,0,1
883,126,757,2,30,1,1,0
334,70,264,5,17,1,4,0
66,66,0,1,0,1,0,1
184,94,90,2,31,1,1,0
70,70,0,1,0,1,0,2
60,60,0,1,0,1,0,1
193,102,91,2,30,1,1,0
70,70,0,1,0,1,0,2
177,94,83,2,30,1,1,0
70,70,0,1,0,1,0,2
772,103,669,2,31,1,1,0
7485,1962,5523,27,95,13,14,0
375374,160846,214528,633,1412,294,339,0
193,94,99,2,30,1,1,0
748,95,653,2,30,1,1,0
130,70,60,2,5,1,1,0
66,66,0,1,0,1,0,1
62,62,0,1,0,1,0,1
66,66,0,1,0,1,0,1
21446,1599,19847,35,155,16,19,0
2639,258,2381,9,120,4,5,0
10192,3621,6571,24,36,12,12,0
10059,2039,8020,23,186,12,11,0
229,102,127,2,30,1,1,0
62,62,0,1,0,1,0,1
70,70,0,1,0,1,0,2
60,60,0,1,0,1,0,1
60,60,0,1,0,1,0,1
6727,762,5965,15,25,8,7,0
66,66,0,1,0,1,0,2
177,94,83,2,29,1,1,0
90,90,0,1,0,1,0,1
66,66,0,1,0,1,0,2
66,66,0,2,8,2,0,0
146684,25233,121451,183,189,75,108,0
316,136,180,6,5,3,3,0
62,62,0,1,0,1,0,1
196,102,94,2,30,1,1,0
3354,1792,1562,46,193,23,23,0
1093,1093,0,1,0,1,0,1
70,70,0,1,0,1,0,2
70,70,0,1,0,1,0,2
209,102,107,2,30,1,1,0
240,86,154,2,29,1,1,0
70,70,0,1,0,1,0,2
195,102,93,2,31,1,1,0
66,66,0,1,0,1,0,2
70,70,0,1,0,1,0,2
6762,3351,3411,31,160,14,17,0
82,82,0,1,30,1,0,0
761,102,659,2,30,1,1,0
2568,1705,863,12,186,7,5,0
2776,1333,1443,12,37,7,5,0
3168,1038,2130,16,136,8,8,0
645,90,555,2,30,1,1,0
825,99,726,2,30,1,1,0
66,66,0,1,0,1,0,1
758,102,656,2,29,1,1,0
70,70,0,1,0,1,0,2
138,78,60,2,5,1,1,0
62,62,0,1,0,1,0,1
653,349,304,5,30,3,2,0
70,70,0,1,0,1,0,2
316,136,180,6,5,3,3,0
62,62,0,1,0,1,0,1
70,70,0,1,0,1,0,2
9114,2208,6906,36,120,19,17,0
70,70,0,1,0,1,0,2
312,192,120,6,41,4,2,0
66,66,0,1,0,1,0,2
168,78,90,2,30,1,1,0
62,62,0,1,0,1,0,1
70,70,0,1,0,1,0,2
274,87,187,4,31,2,2,0
480,149,331,2,1200,1,1,0
4581,1674,2907,19,29,11,8,0
70,70,0,1,0,1,0,2
132,132,0,3,1200,3,0,0
146,146,0,1,0,1,0,1
214,140,74,4,30,3,1,0
70,70,0,1,0,1,0,2
94,94,0,1,30,1,0,0
66,66,0,1,0,1,0,2
184,94,90,2,31,1,1,0
2708,1386,1322,23,75,12,11,0
190,97,93,2,30,1,1,0
70,70,0,1,0,1,0,2
66,66,0,1,0,1,0,1
199,102,97,2,30,1,1,0
228,102,126,2,29,1,1,0
753,94,659,2,30,1,1,0
184,94,90,2,31,1,1,0
332,332,0,1,0,1,0,1
86,86,0,1,0,1,0,1
66,66,0,1,0,1,0,2
5642,2395,3247,22,38,13,9,0
70,70,0,1,0,1,0,2
66,66,0,1,0,1,0,1
485,158,327,2,1200,1,1,0
66,66,0,1,0,1,0,2
70,70,0,2,7,2,0,0
60,60,0,1,0,1,0,1
70,70,0,1,0,1,0,2
60,60,0,1,0,1,0,1
70,70,0,1,0,1,0,2
62,62,0,1,0,1,0,1
146,146,0,1,0,1,0,1
509,150,359,2,1200,1,1,0
8022,2002,6020,20,15,11,9,0
177,94,83,2,30,1,1,0
9040,2349,6691,22,64,13,9,0
70,70,0,1,0,1,0,2
66,66,0,1,0,1,0,2
62,62,0,1,0,1,0,1
880,126,754,2,31,1,1,0
70,70,0,1,0,1,0,2
181,94,87,2,31,1,1,0
72,72,0,1,0,1,0,1
198,102,96,2,30,1,1,0
70,70,0,1,0,1,0,2
8433,3066,5367,21,17,10,11,0
36383,29447,6936,103,163,51,52,0
70,70,0,1,0,1,0,2
70,70,0,1,0,1,0,2
545,166,379,2,1200,1,1,0
214,110,104,2,30,1,1,0
757,102,655,2,30,1,1,0
70,70,0,1,0,1,0,2
62,62,0,1,0,1,0,1
66,66,0,1,0,1,0,1
895,126,769,2,30,1,1,0
168,86,82,2,29,1,1,0
755,275,480,4,1200,2,2,0
146,146,0,1,0,1,0,1
70,70,0,1,0,1,0,2
103117,6206,96911,127,106,54,73,0
711,87,624,2,31,1,1,0
146,146,0,1,0,1,0,1
66,66,0,1,0,1,0,1
234,234,0,4,11,4,0,0
146,146,0,1,0,1,0,1
62,62,0,1,0,1,0,1
62,62,0,1,0,1,0,1
7146,2010,5136,34,167,18,16,0
66,66,0,1,0,1,0,1
70,70,0,1,4,1,0,0
195,102,93,2,32,1,1,0
2696,1695,1001,24,105,13,11,0
182,94,88,2,30,1,1,0
70,70,0,1,0,1,0,2
212,110,102,2,30,1,1,0
62,62,0,1,0,1,0,1
66,66,0,1,0,1,0,1
70,70,0,2,8,2,0,0
70,70,0,1,0,1,0,2
7862,1873,5989,20,15,11,9,0
10781,3635,7146,27,221,15,12,0
7821,3237,4584,39,149,19,20,0
70,70,0,1,0,1,0,2
410,410,0,1,0,1,0,1
1558,971,587,14,123,8,6,0
146,146,0,1,0,1,0,1
60,60,0,1,0,1,0,1
181,86,95,2,30,1,1,0
66,66,0,1,0,1,0,2
717020,36766,680254,939,60,449,490,0
70,70,0,1,0,1,0,2
70,70,0,1,0,1,0,2
199,102,97,2,30,1,1,0
62,62,0,1,0,1,0,1
66,66,0,1,0,1,0,1
170,87,83,2,31,1,1,0
7298,2601,4697,21,26,10,11,0
62,62,0,1,0,1,0,1
66,66,0,1,0,1,0,2
178,94,84,2,29,1,1,0
70,70,0,1,0,1,0,2
202,83,119,2,31,1,1,0
216,110,106,2,30,1,1,0
195,102,93,2,30,1,1,0
62,62,0,1,0,1,0,1
6057,4543,1514,16,15,9,7,0
198,90,108,2,30,1,1,0
70,70,0,1,5,1,0,0
182,93,89,2,30,1,1,0
66,66,0,1,0,1,0,2
413,170,243,6,30,3,3,0
62,62,0,1,0,1,0,1
1535,652,883,9,16,5,4,0
1628,828,800,10,25,6,4,0
198,101,97,2,31,1,1,0
8324,3635,4689,76,53,35,41,0
6059,1040,5019,20,58,11,9,0
3419,2046,1373,12,515,7,5,0
66,66,0,1,0,1,0,2
2460,1267,1193,16,98,9,7,0
184,94,90,2,29,1,1,0
200,102,98,2,31,1,1,0
134,60,74,3,6,2,1,0
70,70,0,1,0,1,0,2
222,90,132,2,30,1,1,0
160,160,0,1,0,1,0,1
268,78,190,2,30,1,1,0
66,66,0,1,0,1,0,2
782,110,672,2,30,1,1,0
160,66,94,2,9,1,1,0
62,62,0,1,0,1,0,1
198,101,97,2,31,1,1,0
62,62,0,1,0,1,0,1
70,70,0,1,0,1,0,2
66,66,0,1,0,1,0,1
25995,13597,12398,53,186,28,25,0
70,70,0,1,0,1,0,2
66,66,0,1,0,1,0,2
70,70,0,1,0,1,0,2
196,94,102,2,30,1,1,0
70,70,0,1,0,1,0,2
70,70,0,1,0,1,0,2
66,66,0,1,5,1,0,0
66,66,0,1,0,1,0,2
66,66,0,1,0,1,0,1
193,102,91,2,31,1,1,0
66,66,0,1,0,1,0,1
422,164,258,6,29,3,3,0
193,102,91,2,31,1,1,0
74,74,0,1,0,1,0,1
60,60,0,1,0,1,0,1
276,94,182,4,55,2,2,0
70,70,0,1,0,1,0,2
6345,1024,5321,21,361,11,10,0
66,66,0,1,0,1,0,1
2981,473,2508,9,16,5,4,0
66,66,0,1,0,1,0,2
66,66,0,1,0,1,0,2
244,98,146,2,32,1,1,0
184,94,90,2,31,1,1,0
70,70,0,1,0,1,0,2
70,70,0,1,0,1,0,2
11455,2804,8651,59,121,28,31,0
66,66,0,1,0,1,0,1
66,66,0,1,0,1,0,2
146,146,0,1,0,1,0,1
60,60,0,1,0,1,0,1
168,78,90,2,30,1,1,0
215,94,121,2,30,1,1,0
6275,3787,2488,17,147,8,9,0
70,70,0,1,0,1,0,2
12192,3674,8518,53,454,26,27,0
62,62,0,1,0,1,0,1
70,70,0,1,0,1,0,2
62,62,0,1,0,1,0,1
66,66,0,1,0,1,0,2
66,66,0,1,5,1,0,0
66,66,0,1,0,1,0,2
70,70,0,1,0,1,0,2
66,66,0,1,0,1,0,2
6278402,111931,6166471,5306,1119,732,4574,0
60,60,0,1,0,1,0,1
66,66,0,1,0,1,0,2
753,93,660,2,31,1,1,0
66,66,0,1,0,1,0,2
180,94,86,2,29,1,1,0
2087,729,1358,10,15,5,5,0
643,88,555,2,30,1,1,0
212,94,118,2,30,1,1,0
70,70,0,1,0,1,0,2
62,62,0,1,0,1,0,1
190,97,93,2,31,1,1,0
70,70,0,1,0,1,0,2
757,98,659,2,30,1,1,0
1871,1235,636,13,31,8,5,0
70,70,0,2,7,2,0,0
206,86,120,2,30,1,1,0
62,62,0,1,0,1,0,1
183,94,89,2,30,1,1,0
5363,2713,2650,26,53,14,12,0
70,70,0,1,0,1,0,2
167,86,81,2,30,1,1,0
86,86,0,1,30,1,0,0
7098,5692,1406,17,41,9,8,0
184,94,90,2,30,1,1,0
308,118,190,2,29,1,1,0
66,66,0,1,0,1,0,1
209,77,132,2,34,1,1,0
66,66,0,1,0,1,0,1
62,62,0,1,0,1,0,1
29226,2150,27076,44,30,19,25,0
7567,3038,4529,35,15,21,14,0
6360,2483,3877,20,16,10,10,0
176,90,86,2,30,1,1,0
62,62,0,1,0,1,0,1
1515,481,1034,11,15,6,5,0
210,98,112,2,29,1,1,0
145369,7769,137600,224,21,106,118,0
9943,1882,8061,32,33,15,17,0
168,86,82,2,30,1,1,0
357,87,270,2,31,1,1,0
168,78,90,2,30,1,1,0
212,108,104,2,31,1,1,0
902,126,776,2,30,1,1,0
70,70,0,1,0,1,0,2
528,528,0,9,1200,9,0,0
62,62,0,1,0,1,0,1
62,62,0,1,0,1,0,1
177,94,83,2,30,1,1,0
4134,2109,2025,18,17,9,9,0
66,66,0,1,0,1,0,1
62,62,0,1,0,1,0,1
62,62,0,1,0,1,0,1
8159037,271621,7887416,9644,214,4424,5220,0
70,70,0,1,0,1,0,2
354,94,260,2,30,1,1,0
66,66,0,1,0,1,0,1
7034,2039,4995,37,255,18,19,0
4086,1248,2838,24,140,11,13,0
62,62,0,1,0,1,0,1
146,146,0,1,0,1,0,1
62,62,0,1,0,1,0,1
406,142,264,2,30,1,1,0
3970,2230,1740,17,114,10,7,0
6081,844,5237,17,15,9,8,0
66,66,0,1,0,1,0,2
66,66,0,1,0,1,0,2
66,66,0,1,0,1,0,1
181,94,87,2,31,1,1,0
62,62,0,1,0,1,0,1
70,70,0,1,0,1,0,2
3655,2344,1311,18,17,9,9,0
224,88,136,2,30,1,1,0
70,70,0,2,9,2,0,0
146,146,0,1,0,1,0,1
145,145,0,1,0,1,0,1
70,70,0,1,0,1,0,2
17666,3045,14621,52,213,21,31,0
66,66,0,1,0,1,0,1
74,74,0,1,0,1,0,1
66,66,0,1,0,1,0,1
1043,556,487,10,16,6,4,0
5464,3984,1480,35,221,20,15,0
66,66,0,1,0,1,0,1
62,62,0,1,0,1,0,1
177,94,83,2,30,1,1,0
1798,1223,575,13,28,8,5,0
70,70,0,1,4,1,0,0
369073,4523,364550,316,142,59,257,0
138544,7073,131471,165,144,59,106,0
167,86,81,2,30,1,1,0
66,66,0,1,0,1,0,2
776,102,674,2,31,1,1,0
10727,3308,7419,33,503,15,18,0
146,146,0,1,0,1,0,1
248,102,146,2,29,1,1,0
170,87,83,2,30,1,1,0
70,70,0,1,0,1,0,2
256,136,120,5,9,3,2,0
422,240,182,8,24,5,3,0
817,102,715,2,30,1,1,0
74,74,0,1,0,1,0,1
66,66,0,1,0,1,0,1
66,66,0,2,7,2,0,0
178,94,84,2,30,1,1,0
275,118,157,2,30,1,1,0
216,94,122,2,30,1,1,0
7280,4154,3126,30,735,16,14,0
146,146,0,1,0,1,0,1
146,146,0,1,0,1,0,1
3465,818,2647,11,122,5,6,0
452,280,172,5,31,3,2,0
60,60,0,1,0,1,0,1
228681,29484,199197,303,110,149,154,0
286,98,188,4,40,2,2,0
78,78,0,1,0,1,0,1
232,110,122,2,30,1,1,0
70,70,0,2,8,2,0,0
62,62,0,1,0,1,0,1
66,66,0,1,0,1,0,1
66,66,0,1,0,1,0,1
66,66,0,1,0,1,0,2
62,62,0,1,0,1,0,1
178,94,84,2,30,1,1,0
66,66,0,1,0,1,0,2
182,94,88,2,30,1,1,0
70,70,0,1,0,1,0,2
46879,2864,44015,74,179,34,40,0
10345,6823,3522,25,25,14,11,0
66,66,0,1,0,1,0,1
12017,2031,9986,38,216,18,20,0
70,70,0,1,0,1,0,2
66,66,0,1,0,1,0,2
11646,4774,6872,29,32,18,11,0
60,60,0,1,0,1,0,1
130458,7920,122538,199,359,94,105,0
198,102,96,2,30,1,1,0
502,150,352,2,1199,1,1,0
134,60,74,3,4,2,1,0
66,66,0,1,0,1,0,1
404,259,145,3,32,2,1,0
70,70,0,1,0,1,0,2
32975,9028,23947,39,15,18,21,0
8962,4731,4231,26,75,14,12,0
138,78,60,3,6,2,1,0
66,66,0,1,0,1,0,1
70,70,0,1,0,1,0,2
70,70,0,1,0,1,0,2
210,102,108,2,30,1,1,0
314,93,221,2,30,1,1,0
12843,3808,9035,26,81,13,13,0
193,102,91,2,30,1,1,0
62,62,0,1,0,1,0,1
66,66,0,1,0,1,0,2
74,74,0,1,0,1,0,1
2401,1149,1252,14,982,7,7,0
183,94,89,2,31,1,1,0
62,62,0,1,0,1,0,1
70,70,0,1,0,1,0,2
66,66,0,1,0,1,0,2
70,70,0,1,0,1,0,2
87129,6924,80205,126,258,49,77,0
62,62,0,1,0,1,0,1
814,335,479,10,15,5,5,0
70,70,0,1,4,1,0,0
70,70,0,1,0,1,0,2
778,103,675,2,31,1,1,0
9185,3854,5331,23,16,13,10,0
70,70,0,1,0,1,0,2
167,107,60,2,5,1,1,0
825,99,726,2,30,1,1,0
11123,4258,6865,48,197,27,21,0
34423,3999,30424,52,46,24,28,0
644,90,554,2,30,1,1,0
70,70,0,1,0,1,0,2
199,94,105,2,30,1,1,0
70,70,0,1,0,1,0,2
66,66,0,1,0,1,0,1
66,66,0,1,0,1,0,2
66,66,0,1,0,1,0,1
146,146,0,1,0,1,0,1
6887,2473,4414,20,15,11,9,0
62,62,0,1,0,1,0,1
75323,6054,69269,110,38,52,58,0
814,110,704,2,29,1,1,0
7900,3324,4576,28,139,13,15,0
134,60,74,3,5,2,1,0
7353,2840,4513,33,107,18,15,0
334,94,240,2,31,1,1,0
19236,2292,16944,45,55,23,22,0
6354,1373,4981,18,129,9,9,0
70,70,0,1,5,1,0,0
711,87,624,2,30,1,1,0
70,70,0,1,0,1,0,2
146,146,0,1,0,1,0,1
66,66,0,1,0,1,0,1
186,95,91,2,30,1,1,0
404,259,145,3,33,2,1,0
70,70,0,1,5,1,0,0
321,102,219,2,30,1,1,0
195,102,93,2,30,1,1,0
6170,918,5252,18,15,10,8,0
184,94,90,2,30,1,1,0
2233,1237,996,18,75,9,9,0
373,90,283,4,53,2,2,0
70,70,0,1,0,1,0,2
70,70,0,1,0,1,0,2
66,66,0,1,0,1,0,2
4493,2566,1927,40,130,21,19,0
7399,3328,4071,76,4153,33,43,0
422,164,258,6,29,3,3,0
10281,4850,5431,23,400,13,10,0
227,110,117,2,30,1,1,0
206,105,101,2,31,1,1,0
453,251,202,4,1199,2,2,0
66,66,0,1,0,1,0,2
66,66,0,1,0,1,0,2
66,66,0,1,0,1,0,2
70,70,0,1,0,1,0,2
469,103,366,4,43,2,2,0
66,66,0,1,0,1,0,2
1571,660,911,13,18,7,6,0
70,70,0,1,0,1,0,2
70,70,0,1,5,1,0,0
62,62,0,1,0,1,0,1
66,66,0,1,0,1,0,1
424,210,214,7,27,4,3,0
130,70,60,2,14,1,1,0
70,70,0,1,0,1,0,2
10100,3072,7028,25,16,14,11,0
13902,3253,10649,26,135,14,12,0
66,66,0,1,0,1,0,1
1591,1004,587,15,125,8,7,0
244,244,0,2,0,2,0,0
195,102,93,2,29,1,1,0
199,102,97,2,30,1,1,0
94,94,0,1,30,1,0,0
193,102,91,2,30,1,1,0
316,86,230,2,29,1,1,0
502,250,252,9,26,5,4,0
176,90,86,2,31,1,1,0
7647,1917,5730,22,80,13,9,0
66,66,0,1,0,1,0,2
9037,1851,7186,26,180,14,12,0
518,518,0,1,0,1,0,1
66,66,0,1,0,1,0,2
62,62,0,1,0,1,0,1
71,71,0,1,30,1,0,0
284,86,198,2,30,1,1,0
4844,1099,3745,18,25,10,8,0
70,70,0,1,0,1,0,2
66,66,0,1,0,1,0,2
66,66,0,1,0,1,0,1
70,70,0,1,0,1,0,2
13490,2525,10965,30,18,17,13,0
62,62,0,1,0,1,0,1
66,66,0,1,0,1,0,2
1615,941,674,15,21,7,8,0
1326,876,450,11,32,6,5,0
70,70,0,1,0,1,0,2
3370,1226,2144,13,135,6,7,0
60,60,0,1,0,1,0,1
212,94,118,2,30,1,1,0
878,126,752,2,30,1,1,0
224,78,146,2,30,1,1,0
62,62,0,1,0,1,0,1
533,102,431,4,42,2,2,0
3413,1458,1955,16,17,8,8,0
501,150,351,2,1200,1,1,0
70,70,0,1,0,1,0,2
60,60,0,1,0,1,0,1
8023,3352,4671,19,80,11,8,0
145,145,0,1,0,1,0,1
70,70,0,1,0,1,0,1
62,62,0,1,0,1,0,1
3354,1792,1562,46,192,23,23,0
16775,1879,14896,36,16,17,19,0
70,70,0,1,0,1,0,2
200,94,106,2,30,1,1,0
62,62,0,1,0,1,0,1
3530,2851,679,13,20,8,5,0
193,102,91,2,31,1,1,0
70,70,0,1,0,1,0,2
70,70,0,1,0,1,0,2
7982,1962,6020,20,15,11,9,0
304,86,218,2,29,1,1,0
66,66,0,1,0,1,0,2
4721,2724,1997,35,130,19,16,0
199,94,105,2,30,1,1,0
890,126,764,3,31,2,1,0
23867,3316,20551,38,135,20,18,0
8233,948,7285,18,30,10,8,0
62,62,0,1,0,1,0,1
186,64,122,4,28,2,2,0
1577,594,983,20,2766,10,10,0
195,102,93,2,30,1,1,0
211574,21152,190422,236,96,92,144,0
1511,517,994,8,15,5,3,0
62,62,0,1,0,1,0,1
70,70,0,1,0,1,0,2
94,94,0,1,30,1,0,0
310863,9840,301023,323,16,115,208,0
3549,1594,1955,18,18,10,8,0
62,62,0,1,0,1,0,1
62,62,0,1,0,1,0,1
66,66,0,1,0,1,0,1
70,70,0,2,8,2,0,0
330,330,0,6,3609,6,0,0
66,66,0,1,0,1,0,2
2738,1904,834,18,28,10,8,0
10413,7123,3290,30,18,17,13,0
2134,1397,737,18,1162,10,8,0
70,70,0,1,0,1,0,2
33131,26333,6798,49,121,28,21,0
184,94,90,2,30,1,1,0
199,102,97,2,30,1,1,0
70,70,0,1,0,1,0,2
6250,1312,4938,23,28,12,11,0
66,66,0,1,0,1,0,1
66,66,0,1,0,1,0,2
70,70,0,1,0,1,0,2
173,94,79,2,30,1,1,0
70,70,0,2,8,2,0,0
60,60,0,1,0,1,0,1
165,86,79,2,30,1,1,0
409,107,302,4,29,2,2,0
70,70,0,1,0,1,0,2
62,62,0,1,0,1,0,1
2170,472,1698,10,125,6,4,0
60,60,0,1,0,1,0,1
62,62,0,1,0,1,0,1
199,94,105,2,30,1,1,0
62,62,0,1,0,1,0,1
11369,3404,7965,28,26,14,14,0
66,66,0,1,0,1,0,2
90393,7684,82709,132,22,69,63,0
499,425,74,4,0,3,1,0
66,66,0,1,0,1,0,1
70,70,0,1,0,1,0,2
876,126,750,2,30,1,1,0
341,110,231,2,29,1,1,0
66,66,0,1,0,1,0,2
499,425,74,4,0,3,1,0
250,87,163,4,57,2,2,0
70,70,0,1,0,1,0,2
7407,2650,4757,24,20,12,12,0
70,70,0,1,0,1,0,2
217,87,130,2,31,1,1,0
70,70,0,1,0,1,0,2
70,70,0,1,0,1,0,2
60,60,0,1,0,1,0,1
168,78,90,2,30,1,1,0
150,150,0,1,1200,1,0,0
782,428,354,12,28,7,5,0
314,93,221,4,43,2,2,0
7270,3119,4151,14,41,7,7,0
66,66,0,1,0,1,0,1
148,86,62,2,30,1,1,0
195,94,101,2,30,1,1,0
70,70,0,1,0,1,0,2
7021,1767,5254,26,224,13,13,0
62,62,0,1,0,1,0,1
210,94,116,2,29,1,1,0
70,70,0,1,5,1,0,0
70,70,0,2,8,2,0,0
66,66,0,1,0,1,0,2
145,145,0,1,0,1,0,1
216,110,106,2,30,1,1,0
202,86,116,2,30,1,1,0
138,78,60,2,5,1,1,0
195,102,93,2,30,1,1,0
66,66,0,1,0,1,0,2
66,66,0,1,0,1,0,2
5168,700,4468,16,15,7,9,0
183,94,89,2,30,1,1,0
186,95,91,2,31,1,1,0
60,60,0,1,0,1,0,1
213,102,111,2,30,1,1,0
199,94,105,2,30,1,1,0
70,70,0,1,0,1,0,2
60,60,0,1,0,1,0,1
70,70,0,1,0,1,0,2
7159,1851,5308,22,31,13,9,0
62,62,0,1,0,1,0,1
66,66,0,1,0,1,0,1
66,66,0,1,0,1,0,2
111328,4904,106424,145,240,66,79,0
55465,11462,44003,89,31,43,46,0
184,94,90,2,30,1,1,0
66,66,0,1,0,1,0,1
167293,8028,159265,186,26,68,118,0
70,70,0,1,0,1,0,2
1857,1218,639,18,135,11,7,0
62,62,0,1,0,1,0,1
1514,852,662,16,86,9,7,0
5177,3010,2167,37,83,17,20,0
359878,6703,353175,325,36,88,237,0
66,66,0,1,0,1,0,2
4510,1603,2907,19,27,11,8,0
66,66,0,1,0,1,0,2
66,66,0,1,0,1,0,2
70,70,0,1,0,1,0,2
190,97,93,2,31,1,1,0
70,70,0,1,0,1,0,2
682,370,312,12,32,7,5,0
66,66,0,1,0,1,0,1
14944,7430,7514,32,25,19,13,0
168,78,90,2,29,1,1,0
66,66,0,1,0,1,0,1
70,70,0,2,8,2,0,0
164,84,80,2,31,1,1,0
267,110,157,2,30,1,1,0
13557,3307,10250,43,47,25,18,0
66,66,0,1,0,1,0,1
70,70,0,1,0,1,0,2
182,94,88,2,30,1,1,0
371,97,274,4,53,2,2,0
70,70,0,1,0,1,0,2
66,66,0,1,0,1,0,1
216,90,126,2,29,1,1,0
8550,1880,6670,22,376,12,10,0
31517,1203,30314,38,15,15,23,0
70,70,0,1,0,1,0,2
66,66,0,1,0,1,0,2
146,146,0,1,0,1,0,1
66,66,0,1,0,1,0,2
143,143,0,1,0,1,0,1
66,66,0,1,0,1,0,2
66,66,0,1,0,1,0,1
70,70,0,1,0,1,0,2
66,66,0,1,0,1,0,2
168,78,90,2,29,1,1,0
70,70,0,1,5,1,0,0
368,118,250,2,30,1,1,0
177,94,83,2,30,1,1,0
66,66,0,1,0,1,0,2
7211,823,6388,16,15,10,6,0
146,146,0,1,0,1,0,1
245,94,151,2,30,1,1,0
66,66,0,1,0,1,0,2
70,70,0,1,0,1,0,2
374,192,182,7,15,4,3,0
168,78,90,2,31,1,1,0
66,66,0,1,0,1,0,1
70,70,0,1,0,1,0,2
168,78,90,2,29,1,1,0
2000,1020,980,20,0,10,10,0
62,62,0,1,0,1,0,1
481,150,331,2,1199,1,1,0
320,140,180,6,7,3,3,0
60,60,0,1,0,1,0,1
324,90,234,4,35,2,2,0
70,70,0,2,8,2,0,0
183,94,89,2,31,1,1,0
10079,2210,7869,36,120,19,17,0
66,66,0,1,0,1,0,1
70,70,0,1,5,1,0,0
522925,36953,485972,799,229,304,495,0
146,146,0,1,0,1,0,1
62,62,0,1,0,1,0,1
7697,2940,4757,25,18,13,12,0
199,102,97,2,31,1,1,0
62,62,0,1,0,1,0,1
70,70,0,2,8,2,0,0
62,62,0,1,0,1,0,1
295,77,218,2,30,1,1,0
213,102,111,2,29,1,1,0
130,70,60,2,14,1,1,0
600,600,0,5,1200,5,0,0
70,70,0,1,0,1,0,2
70,70,0,1,4,1,0,0
66,66,0,1,0,1,0,1
665,665,0,1,0,1,0,1
70,70,0,2,8,2,0,0
66,66,0,1,0,1,0,2
70,70,0,1,0,1,0,2
5670,2739,2931,18,129,9,9,0
166,86,80,2,31,1,1,0
70,70,0,1,0,1,0,2
1640,126,1514,4,30,2,2,0
15162,8505,6657,55,197,29,26,0
199,86,113,2,30,1,1,0
62,62,0,1,0,1,0,1
132,132,0,3,1200,3,0,0
62,62,0,1,0,1,0,1
31432,748,30684,32,104,8,24,0
66,66,0,1,0,1,0,1
594,594,0,10,1200,10,0,0
937,126,811,2,30,1,1,0
1343,763,580,14,26,8,6,0
70,70,0,1,5,1,0,0
70,70,0,1,0,1,0,2
148,86,62,2,30,1,1,0
62,62,0,1,0,1,0,1
1056,362,694,10,49,6,4,0
235,90,145,2,32,1,1,0
501,150,351,2,1200,1,1,0
209,110,99,2,30,1,1,0
62,62,0,1,0,1,0,1
9782,1996,7786,30,31,14,16,0
5409,1834,3575,25,17,12,13,0
70,70,0,1,0,1,0,2
887,126,761,2,31,1,1,0
70,70,0,1,0,1,0,2
177,94,83,2,30,1,1,0
221,89,132,2,30,1,1,0
1119,1045,74,7,14,6,1,0
900,110,790,2,30,1,1,0
70,70,0,1,0,1,0,2
173,94,79,2,30,1,1,0
70,70,0,1,0,1,0,2
7420,1078,6342,21,75,11,10,0
210,110,100,2,30,1,1,0
3892,1824,2068,21,187,12,9,0
125299,3364,121935,129,19,44,85,0
62,62,0,1,0,1,0,1
70,70,0,1,0,1,0,2
199,102,97,2,30,1,1,0
70,70,0,1,0,1,0,2
18385,7771,10614,47,48,27,20,0
174,89,85,2,31,1,1,0
311,94,217,2,30,1,1,0
66,66,0,1,0,1,0,1
66,66,0,1,0,1,0,1
70,70,0,1,0,1,0,2
264,78,186,2,29,1,1,0
70,70,0,1,0,1,0,2
78,78,0,1,0,1,0,1
130,70,60,3,5,2,1,0
70,70,0,1,0,1,0,2
823,98,725,2,30,1,1,0
66,66,0,1,0,1,0,1
172,172,0,2,5,2,0,0
12900,4980,7920,91,117,51,40,0
7878,1531,6347,36,257,16,20,0
60,60,0,1,0,1,0,1
760,96,664,2,30,1,1,0
499,425,74,4,0,3,1,0
74,74,0,1,0,1,0,1
12351,7584,4767,38,48,22,16,0
167,86,81,2,30,1,1,0
70,70,0,1,4,1,0,0
90,90,0,1,0,1,0,1
357841,77119,280722,646,142,316,330,0
8340,3417,4923,20,75,11,9,0
200,102,98,2,30,1,1,0
166,73,93,2,30,1,1,0
194,102,92,2,30,1,1,0
62,62,0,1,0,1,0,1
66,66,0,1,0,1,0,2
215,94,121,2,29,1,1,0
1449,364,1085,13,15,6,7,0
66,66,0,1,0,1,0,1
195,102,93,2,30,1,1,0
62,62,0,1,0,1,0,1
66,66,0,1,0,1,0,1
1904,1455,449,10,19,6,4,0
4673,1766,2907,19,26,11,8,0
66,66,0,1,0,1,0,2
318,120,198,6,25,3,3,0
62,62,0,1,0,1,0,1
215284,28807,186477,346,129,151,195,0
62,62,0,1,0,1,0,1
66,66,0,1,0,1,0,1
66,66,0,1,0,1,0,1
66,66,0,1,0,1,0,1
395,102,293,2,30,1,1,0
1440,719,721,15,198,8,7,0
70,70,0,1,0,1,0,2
1849,1015,834,11,150,6,5,0
62,62,0,1,0,1,0,1
62,62,0,1,0,1,0,1
66,66,0,1,0,1,0,1
62,62,0,1,0,1,0,1
4931,957,3974,17,15,10,7,0
70,70,0,1,0,1,0,2
70,70,0,1,0,1,0,2
62,62,0,1,0,1,0,1
184,94,90,2,30,1,1,0
422,164,258,6,30,3,3,0
62,62,0,1,0,1,0,1
182,94,88,2,30,1,1,0
216,90,126,2,30,1,1,0
172,94,78,2,29,1,1,0
854,150,704,4,1200,2,2,0
62,62,0,1,0,1,0,1
197269,14917,182352,254,204,107,147,0
62,62,0,1,0,1,0,1
62,62,0,1,0,1,0,1
772,103,669,2,31,1,1,0
295,126,169,4,1,2,2,1
70,70,0,1,0,1,0,2
25033,2433,22600,42,25,21,21,0
70,70,0,1,5,1,0,0
66,66,0,1,0,1,0,2
70,70,0,1,0,1,0,2
70,70,0,1,0,1,0,2
200,102,98,2,29,1,1,0
70,70,0,1,0,1,0,2
12993,6920,6073,22,20,13,9,0
1447,468,979,9,181,5,4,0
70,70,0,1,0,1,0,2
7310,967,6343,18,25,10,8,0
181,94,87,2,30,1,1,0
382972,9177,373795,378,16,120,258,0
1083,653,430,8,15,5,3,0
66,66,0,1,0,1,0,2
208,106,102,2,31,1,1,0
82739,3221,79518,91,156,28,63,0
62,62,0,1,0,1,0,1
70,70,0,2,7,2,0,0
247,98,149,2,34,1,1,0
2426,1594,832,17,151,9,8,0
1679,1269,410,8,15,5,3,0
66,66,0,1,0,1,0,1
1052,612,440,10,15,5,5,0
186,102,84,2,30,1,1,0
83302,3780,79522,105,66,47,58,0
2911,2062,849,14,134,8,6,0
62,62,0,1,0,1,0,1
193,102,91,2,29,1,1,0
3063,1395,1668,16,144,8,8,0
765,102,663,2,30,1,1,0
811,94,717,2,30,1,1,0
66,66,0,1,0,1,0,2
70,70,0,1,5,1,0,0
62,62,0,1,0,1,0,1
2854,1732,1122,16,15,8,8,0
70,70,0,2,8,2,0,0
66,66,0,1,0,1,0,2
66,66,0,1,0,1,0,1
148,86,62,2,30,1,1,0
66,66,0,1,0,1,0,1
66,66,0,1,0,1,0,2
70,70,0,1,5,1,0,0
168,86,82,2,30,1,1,0
291,94,197,2,30,1,1,0
304,101,203,4,37,2,2,0
70,70,0,2,8,2,0,0
70,70,0,1,0,1,0,2
3641,1784,1857,19,375,10,9,0
194,102,92,2,30,1,1,0
66,66,0,1,0,1,0,2
216,110,106,2,30,1,1,0
168,86,82,2,30,1,1,0
28791,2297,26494,41,255,20,21,0
66,66,0,1,0,1,0,1
19092095,654744,18437351,24079,407,8531,15548,0
320,140,180,6,6,3,3,0
491,150,341,2,1200,1,1,0
62,62,0,1,0,1,0,1
177,94,83,2,30,1,1,0
166,86,80,2,30,1,1,0
70,70,0,1,5,1,0,0
168,86,82,2,30,1,1,0
70,70,0,1,0,1,0,2
62,62,0,1,0,1,0,1
279,118,161,2,30,1,1,0
1630,918,712,12,16,7,5,0
66,66,0,1,0,1,0,2
172,88,84,2,30,1,1,0
5224,1560,3664,15,165,9,6,0
66,66,0,1,0,1,0,1
6703,1307,5396,28,18,14,14,0
62,62,0,1,0,1,0,1
6600,1174,5426,23,62,13,10,0
62,62,0,1,0,1,0,1
62,62,0,1,0,1,0,1
626036,38764,587272,713,191,245,468,0
458,188,270,6,30,3,3,0
5727,491,5236,14,15,7,7,0
209,110,99,2,31,1,1,0
1067,650,417,10,73,6,4,0
6668,1369,5299,20,3600,10,10,0
69732,65832,3900,104,316,55,49,0
1728,1031,697,14,17,8,6,0
70,70,0,1,0,1,0,2
62,62,0,1,0,1,0,1
230,102,128,2,30,1,1,0
66,66,0,1,0,1,0,2
66,66,0,1,0,1,0,1
70,70,0,1,0,1,0,2
640504,257235,383269,1476,797,643,833,0
62,62,0,1,0,1,0,1
70,70,0,2,7,2,0,0
2713,1386,1327,18,316,10,8,0
70,70,0,1,0,1,0,2
70,70,0,2,8,2,0,0
70,70,0,1,0,1,0,2
183,94,89,2,30,1,1,0
23386,2375,21011,30,21,12,18,0
220,220,0,1,0,1,0,1
62,62,0,1,0,1,0,1
182,94,88,2,30,1,1,0
66,66,0,1,0,1,0,1
66,66,0,1,0,1,0,1
216,82,134,2,31,1,1,0
231,110,121,2,30,1,1,0
70,70,0,1,0,1,0,2
70,70,0,1,0,1,0,2
70,70,0,1,0,1,0,2
70,70,0,1,0,1,0,2
70,70,0,1,0,1,0,2
62,62,0,1,0,1,0,1
139,139,0,1,0,1,0,3
183,94,89,2,29,1,1,0
66,66,0,1,0,1,0,2
70,70,0,1,0,1,0,2
66,66,0,1,0,1,0,2
3575,1079,2496,15,155,7,8,0
70,70,0,1,0,1,0,2
210,110,100,2,31,1,1,0
18591,5839,12752,78,18,44,34,0
816,97,719,2,31,1,1,0
66,66,0,1,0,1,0,2
196,102,94,2,31,1,1,0
22851,3171,19680,39,147,20,19,0
70,70,0,1,0,1,0,2
182,102,80,2,30,1,1,0
18172,3573,14599,39,26,20,19,0
366,240,126,7,25,5,2,0
62,62,0,1,0,1,0,1
3409,1454,1955,16,16,8,8,0
7129,1853,5276,27,316,13,14,0
66,66,0,1,0,1,0,2
177,94,83,2,30,1,1,0
62,62,0,1,0,1,0,1
183,94,89,2,30,1,1,0
194,102,92,2,31,1,1,0
148,86,62,2,30,1,1,0
66,66,0,1,0,1,0,2
70,70,0,1,0,1,0,2
13640,2316,11324,24,136,10,14,0
66,66,0,1,0,1,0,2
166,85,81,2,31,1,1,0
70,70,0,1,0,1,0,2
26069,12062,14007,46,123,21,25,0
70,70,0,1,0,1,0,2
8420,4472,3948,63,450,32,31,0
271,95,176,4,48,2,2,0
783,96,687,2,31,1,1,0
66,66,0,1,0,1,0,2
70,70,0,1,0,1,0,2
66,66,0,1,0,1,0,1
66,66,0,1,0,1,0,1
70,70,0,1,0,1,0,2
1644,126,1518,4,30,2,2,0
62,62,0,1,0,1,0,1
60,60,0,1,0,1,0,1
66,66,0,1,0,1,0,2
66,66,0,1,0,1,0,1
66,66,0,2,7,2,0,0
85,85,0,1,0,1,0,1
66,66,0,1,0,1,0,1
193,102,91,2,30,1,1,0
83,83,0,1,0,1,0,1
8904,1058,7846,18,31,9,9,0
701,88,613,2,30,1,1,0
10393,7059,3334,27,26,15,12,0
70,70,0,1,0,1,0,2
70,70,0,1,0,1,0,2
60,60,0,1,0,1,0,1
216,110,106,2,30,1,1,0
295,101,194,4,31,2,2,0
193,102,91,2,29,1,1,0
62,62,0,1,0,1,0,1
6973,2166,4807,20,15,11,9,0
66,66,0,1,0,1,0,1
168,86,82,2,30,1,1,0
66,66,0,1,0,1,0,2
60,60,0,1,0,1,0,1
269,71,198,2,31,1,1,0
66,66,0,1,0,1,0,1
143,143,0,1,0,1,0,1
764,99,665,2,31,1,1,0
70,70,0,1,0,1,0,2
66,66,0,1,0,1,0,2
198,94,104,2,30,1,1,0
70,70,0,1,0,1,0,2
3562,1936,1626,48,195,24,24,0
66,66,0,1,0,1,0,1
10704,4094,6610,52,47,29,23,0
216,90,126,2,29,1,1,0
214,102,112,2,30,1,1,0
70,70,0,2,8,2,0,0
70,70,0,1,0,1,0,2
62,62,0,1,0,1,0,1
203,86,117,2,30,1,1,0
62,62,0,1,0,1,0,1
60,60,0,1,0,1,0,1
12000,9252,2748,34,273,17,17,0
8164,1206,6958,24,139,12,12,0
10046,1394,8652,22,75,13,9,0
16417,13221,3196,50,74,31,19,0
1806,1806,0,22,224,22,0,0
556,256,300,10,31,5,5,0
7170,1436,5734,35,261,19,16,0
237,91,146,2,33,1,1,0
1455,965,490,10,142,6,4,0
221,83,138,2,32,1,1,0
70,70,0,1,0,1,0,2
183,98,85,3,31,2,1,0
199,102,97,2,30,1,1,0
338,110,228,2,30,1,1,0
60,60,0,1,0,1,0,1
12676,4222,8454,36,87,20,16,0
60,60,0,1,0,1,0,1
66,66,0,1,0,1,0,1
70,70,0,1,0,1,0,2
3970,1726,2244,13,135,6,7,0
70,70,0,1,0,1,0,2
1094,1094,0,1,0,1,0,1
2576,1549,1027,15,15,7,8,0
145,145,0,1,0,1,0,1
66,66,0,1,0,1,0,2
25055,5440,19615,65,84,35,30,0
70,70,0,1,0,1,0,2
5780,2572,3208,23,120,11,12,0
71,71,0,1,30,1,0,0
62,62,0,1,0,1,0,1
66,66,0,1,0,1,0,2
216,110,106,2,31,1,1,0
66,66,0,1,0,1,0,2
469783,461079,8704,444,167,329,115,0
198,86,112,2,29,1,1,0
100,100,0,1,0,1,0,1
156,156,0,3,8,3,0,0
62,62,0,1,0,1,0,1
334,94,240,2,30,1,1,0
1477,940,537,13,26,7,6,0
66,66,0,1,0,1,0,2
60,60,0,1,0,1,0,1
162,102,60,2,5,1,1,0
197,102,95,2,30,1,1,0
70,70,0,1,0,1,0,2
146,146,0,1,0,1,0,1
70,70,0,1,0,1,0,2
762,98,664,2,30,1,1,0
889,126,763,2,30,1,1,0
4550,1643,2907,19,28,11,8,0
295,101,194,4,31,2,2,0
178,94,84,2,31,1,1,0
66,66,0,1,0,1,0,1
146,146,0,1,0,1,0,1
70,70,0,1,0,1,0,2
70,70,0,2,8,2,0,0
355,102,253,2,30,1,1,0
62,62,0,1,0,1,0,1
151233,12592,138641,190,19,88,102,0
70,70,0,1,5,1,0,0
70,70,0,1,0,1,0,2
62,62,0,1,0,1,0,1
282,60,222,5,14,2,3,0
181,94,87,2,31,1,1,0
72,72,0,1,0,1,0,1
66,66,0,1,0,1,0,2
70,70,0,1,0,1,0,2
178,94,84,2,31,1,1,0
426,89,337,4,58,2,2,0
62,62,0,1,0,1,0,1
9766,1810,7956,30,86,16,14,0
8640,2329,6311,19,76,10,9,0
318,192,126,6,40,4,2,0
70,70,0,1,0,1,0,2
137,137,0,1,0,1,0,1
66,66,0,1,0,1,0,2
70,70,0,1,0,1,0,2
195,102,93,2,30,1,1,0
177,94,83,2,29,1,1,0
70,70,0,1,0,1,0,2
253,99,154,2,32,1,1,0
66,66,0,1,0,1,0,2
177,94,83,2,30,1,1,0
66,66,0,1,0,1,0,1
7316,1933,5383,27,15,15,12,0
886,126,760,2,31,1,1,0
49872,11098,38774,65,24,27,38,0
62,62,0,1,0,1,0,1
62,62,0,1,0,1,0,1
62,62,0,1,0,1,0,1
808,480,328,13,158,9,4,0
3182,1568,1614,8,120,4,4,0
555,195,360,6,62,3,3,0
62,62,0,1,0,1,0,1
60,60,0,1,0,1,0,1
62,62,0,1,0,1,0,1
213,102,111,2,30,1,1,0
184,94,90,2,30,1,1,0
70,70,0,2,8,2,0,0
498,204,294,6,29,3,3,0
194,87,107,2,31,1,1,0
79268,76966,2302,936,88,923,13,0
70,70,0,1,0,1,0,2
146,146,0,1,0,1,0,1
755,102,653,2,30,1,1,0
146,146,0,1,0,1,0,1
70,70,0,1,0,1,0,2
871,126,745,2,31,1,1,0
168,78,90,2,30,1,1,0
23418,2454,20964,56,197,26,30,0
132,132,0,3,1200,3,0,0
70,70,0,1,0,1,0,2
70,70,0,1,0,1,0,2
199,94,105,2,29,1,1,0
70,70,0,1,0,1,0,2
70,70,0,1,0,1,0,2
177,94,83,2,30,1,1,0
145,145,0,1,0,1,0,1
66,66,0,1,0,1,0,2
8327,4890,3437,23,316,12,11,0
70,70,0,2,8,2,0,0
499,425,74,4,0,3,1,0
70,70,0,1,0,1,0,2
70,70,0,1,0,1,0,2
199,102,97,2,30,1,1,0
62,62,0,1,0,1,0,1
53280,3270,50010,78,142,31,47,0
5229,1002,4227,21,16,11,10,0
751,95,656,2,30,1,1,0
563,86,477,2,30,1,1,0
4960,896,4064,14,16,8,6,0
202,103,99,2,30,1,1,0
66,66,0,1,0,1,0,1
66,66,0,1,0,1,0,2
70,70,0,1,0,1,0,2
62,62,0,1,0,1,0,1
66,66,0,1,0,1,0,2
197,102,95,2,35,1,1,0
148,148,0,1,0,1,0,1
9660,2402,7258,27,46,15,12,0
70,70,0,1,0,1,0,2
2005,1094,911,11,87,6,5,0
4381,1474,2907,19,29,11,8,0
2974,408,2566,13,135,6,7,0
196,102,94,2,30,1,1,0
70,70,0,1,0,1,0,2
177,94,83,2,29,1,1,0
318,192,126,6,14,4,2,0
104868,1493,103375,90,31,17,73,0
62,62,0,1,0,1,0,1
79659,3269,76390,96,170,37,59,0
127970,4968,123002,144,30,53,91,0
5027222,114898,4912324,4763,109,1375,3388,0
148,86,62,2,30,1,1,0
62,62,0,1,0,1,0,1
195,102,93,2,30,1,1,0
62,62,0,1,0,1,0,1
70,70,0,1,0,1,0,2
504,318,186,8,16,5,3,0
718,94,624,2,30,1,1,0
66,66,0,1,0,1,0,2
26073,2868,23205,41,110,17,24,0
168,78,90,2,30,1,1,0
5655,934,4721,16,130,8,8,0
7453,1467,5986,19,25,10,9,0
200,90,110,2,30,1,1,0
139,139,0,2,6,2,0,0
66,66,0,1,0,1,0,1
736,670,66,6,15,5,1,0
211,102,109,2,30,1,1,0
10714,3531,7183,26,120,12,14,0
1415,689,726,3,30,2,1,0
179,86,93,2,30,1,1,0
66,66,0,1,4,1,0,0
6349,1072,5277,18,21,10,8,0
261,78,183,2,30,1,1,0
2227,1018,1209,17,16,8,9,0
184,102,82,2,30,1,1,0
7268,3166,4102,19,136,10,9,0
173,94,79,2,31,1,1,0
62,62,0,1,0,1,0,1
70,70,0,1,0,1,0,2
448,78,370,6,24,1,5,0
70,70,0,1,0,1,0,2
8257,4187,4070,70,43,42,28,0
70,70,0,1,0,1,0,2
161,161,0,2,1200,2,0,0
70,70,0,1,0,1,0,2
184,94,90,2,31,1,1,0
206,105,101,2,31,1,1,0
304,86,218,2,30,1,1,0
199,102,97,2,30,1,1,0
70,70,0,1,0,1,0,2
66,66,0,1,5,1,0,0
70,70,0,1,0,1,0,2
210,102,108,2,30,1,1,0
157452,26878,130574,213,214,111,102,0
62,62,0,1,0,1,0,1
71347,4788,66559,83,136,34,49,0
177,94,83,2,30,1,1,0
60,60,0,1,0,1,0,1
328,99,229,4,45,2,2,0
66,66,0,1,0,1,0,2
7942,1953,5989,20,15,11,9,0
182,94,88,2,31,1,1,0
763,102,661,2,30,1,1,0
66,66,0,1,0,1,0,2
60,60,0,1,0,1,0,1
62,62,0,1,0,1,0,1
4496,2369,2127,15,136,7,8,0
177,94,83,2,30,1,1,0
16507,6060,10447,32,49,16,16,0
4612,830,3782,16,27,9,7,0
70,70,0,2,7,2,0,0
60,60,0,1,0,1,0,1
70,70,0,1,0,1,0,2
65572,14874,50698,92,84,48,44,0
66,66,0,1,0,1,0,2
66,66,0,2,8,2,0,0
12470,1570,10900,21,125,10,11,0
70,70,0,1,0,1,0,2
62,62,0,1,0,1,0,1
481,150,331,2,1200,1,1,0
66,66,0,1,0,1,0,1
125282,21435,103847,162,20,80,82,0
62,62,0,1,0,1,0,1
193,102,91,2,31,1,1,0
70,70,0,2,8,2,0,0
493003,23995,469008,578,22,246,332,0
62,62,0,1,0,1,0,1
1587,935,652,14,16,8,6,0
4544,1112,3432,21,176,12,9,0
226,110,116,2,30,1,1,0
66,66,0,1,0,1,0,1
8456,2502,5954,32,120,19,13,0
6258,956,5302,20,16,11,9,0
618,318,300,10,16,5,5,0
1716,952,764,13,69,8,5,0
462,462,0,8,3632,8,0,0
66,66,0,1,0,1,0,1
863,363,500,4,1200,2,2,0
70,70,0,1,0,1,0,2
62,62,0,1,0,1,0,1
193,102,91,2,30,1,1,0
40598,5313,35285,83,97,43,40,0
66,66,0,2,8,2,0,0
70,70,0,1,0,1,0,2
504,318,186,8,15,5,3,0
60,60,0,1,0,1,0,1
16229,3316,12913,23,125,9,14,0
481,150,331,2,1200,1,1,0
62,62,0,1,0,1,0,1
70,70,0,1,0,1,0,2
244,181,63,2,31,1,1,0
148,148,0,1,0,1,0,1
66,66,0,1,0,1,0,2
183,94,89,2,30,1,1,0
62,62,0,1,0,1,0,1
176,90,86,2,30,1,1,0
204,118,86,2,30,1,1,0
70,70,0,1,0,1,0,2
184,94,90,2,30,1,1,0
811,94,717,2,30,1,1,0
70,70,0,1,0,1,0,2
70,70,0,1,0,1,0,2
70,70,0,1,0,1,0,2
70,70,0,1,0,1,0,2
5994,1594,4400,23,42,12,11,0
99,99,0,1,0,1,0,1
16545,8556,7989,69,69,30,39,0
66,66,0,1,0,1,0,2
168,86,82,2,30,1,1,0
70,70,0,1,0,1,0,2
318,192,126,6,42,4,2,0
130,70,60,3,5,2,1,0
168,78,90,2,30,1,1,0
66,66,0,1,0,1,0,2
70,70,0,1,0,1,0,2
338,110,228,2,30,1,1,0
62,62,0,1,0,1,0,1
70,70,0,1,0,1,0,2
62,62,0,1,0,1,0,1
70,70,0,1,0,1,0,2
60,60,0,1,0,1,0,1
4401,1494,2907,19,28,11,8,0
4886,1260,3626,17,17,10,7,0
211,102,109,2,30,1,1,0
70,70,0,1,0,1,0,2
152,78,74,2,30,1,1,0
70,70,0,1,4,1,0,0
62,62,0,1,0,1,0,1
212,102,110,2,30,1,1,0
60,60,0,1,0,1,0,1
70,70,0,1,0,1,0,2
9801,5352,4449,28,473,16,12,0
297,102,195,4,34,2,2,0
5307,3288,2019,25,397,8,17,0
698,320,378,10,16,6,4,0
66,66,0,1,0,1,0,1
480,149,331,2,1200,1,1,0
243,94,149,2,32,1,1,0
272081,11032,261049,304,139,107,197,0
70,70,0,1,0,1,0,2
194,102,92,2,31,1,1,0
66,66,0,1,0,1,0,2
66,66,0,1,0,1,0,1
62,62,0,1,0,1,0,1
70,70,0,1,0,1,0,2
66,66,0,1,0,1,0,1
612314,25589,586725,676,127,234,442,0
66,66,0,1,0,1,0,2
370,94,276,2,30,1,1,0
60,60,0,1,0,1,0,1
747,90,657,2,30,1,1,0
174,89,85,2,30,1,1,0
70,70,0,1,0,1,0,2
94,94,0,1,30,1,0,0
1149,709,440,13,38,8,5,0
23175,13071,10104,134,1929,67,67,0
17829,9658,8171,92,150,46,46,0
387,134,253,2,30,1,1,0
66,66,0,1,0,1,0,2
146,146,0,1,0,1,0,1
24686,1935,22751,36,19,17,19,0
11220,726,10494,18,75,8,10,0
199,102,97,2,30,1,1,0
66,66,0,1,0,1,0,1
868,150,718,4,1200,2,2,0
1577,594,983,20,1638,10,10,0
168,86,82,2,30,1,1,0
70,70,0,2,7,2,0,0
143,143,0,1,0,1,0,1
62,62,0,1,0,1,0,1
698,320,378,10,18,6,4,0
66,66,0,1,0,1,0,1
97,97,0,1,0,1,0,1
8060,2040,6020,20,15,11,9,0
66,66,0,1,0,1,0,1
66,66,0,1,0,1,0,1
11011,7675,3336,21,26,11,10,0
66,66,0,1,0,1,0,1
8021,2001,6020,20,16,11,9,0
97,97,0,1,0,1,0,1
1114,534,580,12,15,7,5,0
145,145,0,1,0,1,0,1
199,102,97,2,30,1,1,0
480,149,331,2,1200,1,1,0
70,70,0,1,5,1,0,0
199,102,97,2,31,1,1,0
62,62,0,1,0,1,0,1
307,307,0,4,61,4,0,0
8738,2628,6110,23,154,11,12,0
66,66,0,1,0,1,0,1
70,70,0,1,5,1,0,0
82,82,0,1,30,1,0,0
70,70,0,1,0,1,0,2
177,94,83,2,30,1,1,0
170342,10231,160111,264,136,130,134,0
70,70,0,1,0,1,0,2
6306,1780,4526,28,33,14,14,0
70,70,0,1,0,1,0,2
1309,670,639,16,127,9,7,0
66,66,0,1,0,1,0,1
70,70,0,1,0,1,0,2
70,70,0,1,0,1,0,2
70,70,0,1,0,1,0,2
60,60,0,1,0,1,0,1
131514,7190,124324,183,53,72,111,0
66,66,0,1,0,1,0,1
1213,471,742,10,111,6,4,0
66,66,0,1,0,1,0,1
426,240,186,8,24,5,3,0
2149,1549,600,14,45,8,6,0
62,62,0,1,0,1,0,1
502,250,252,9,26,5,4,0
74,74,0,1,0,1,0,1
4664,962,3702,15,120,7,8,0
8232,3997,4235,21,16,11,10,0
11114,3066,8048,41,119,22,19,0
66,66,0,1,0,1,0,2
66,66,0,1,0,1,0,1
6197,942,5255,19,361,10,9,0
305,94,211,2,29,1,1,0
234,234,0,4,12,4,0,0
5444,2263,3181,23,86,12,11,0
62,62,0,1,0,1,0,1
8058,2038,6020,20,15,11,9,0
146,146,0,1,0,1,0,1
62,62,0,1,0,1,0,1
8912,2297,6615,43,255,20,23,0
184,94,90,2,30,1,1,0
70,70,0,1,0,1,0,2
9045,1938,7107,21,16,12,9,0
8471,3275,5196,21,120,11,10,0
782,105,677,2,31,1,1,0
883,126,757,2,30,1,1,0
196,102,94,2,30,1,1,0
70,70,0,2,7,2,0,0
196,102,94,2,30,1,1,0
166,86,80,2,31,1,1,0
453,100,353,4,57,2,2,0
66,66,0,1,0,1,0,2
499,425,74,4,0,3,1,0
196,102,94,2,30,1,1,0
3014,1052,1962,14,97,9,5,0
62,62,0,1,0,1,0,1
66,66,0,1,0,1,0,1
16499,9522,6977,44,364,22,22,0
70,70,0,1,0,1,0,2
70,70,0,1,5,1,0,0
3428,1820,1608,21,17,12,9,0
763,102,661,2,30,1,1,0
66,66,0,1,0,1,0,2
196,102,94,2,31,1,1,0
148,148,0,1,0,1,0,1
4904,864,4040,17,28,10,7,0
577,251,326,4,1200,2,2,0
70,70,0,1,0,1,0,2
66,66,0,1,0,1,0,1
499,425,74,4,0,3,1,0
195,102,93,2,29,1,1,0
146,146,0,1,0,1,0,1
70,70,0,1,0,1,0,2
312,132,180,6,6,3,3,0
70,70,0,1,0,1,0,2
27484,4857,22627,42,46,15,27,0
3414,1979,1435,22,69,11,11,0
195,102,93,2,31,1,1,0
199,94,105,2,30,1,1,0
60,60,0,1,0,1,0,1
255,78,177,2,30,1,1,0
70,70,0,1,5,1,0,0
66,66,0,1,0,1,0,2
130,70,60,2,14,1,1,0
62,62,0,1,0,1,0,1
130,64,66,3,4,2,1,0
621104,12188,608916,575,78,149,426,0
242735602,5306961,237428641,238334,3604,81340,156994,0
66,66,0,1,0,1,0,2
62,62,0,1,0,1,0,1
66,66,0,1,0,1,0,2
143,143,0,1,0,1,0,1
66,66,0,1,0,1,0,1
70,70,0,1,0,1,0,2
66,66,0,1,0,1,0,1
66,66,0,1,0,1,0,2
130,70,60,2,15,1,1,0
7192,1772,5420,25,305,13,12,0
66,66,0,1,0,1,0,2
170,87,83,2,30,1,1,0
62,62,0,1,0,1,0,1
9748,5209,4539,22,121,11,11,0
66,66,0,1,0,1,0,1
210,102,108,2,30,1,1,0
164,78,86,2,30,1,1,0
66,66,0,1,0,1,0,2
62,62,0,1,0,1,0,1
174021,11443,162578,197,63,81,116,0
3562,1936,1626,48,194,24,24,0
66,66,0,1,0,1,0,2
4504,839,3665,16,125,8,8,0
229,94,135,2,30,1,1,0
199,102,97,2,30,1,1,0
3276,404,2872,11,15,5,6,0
62,62,0,1,0,1,0,3
199,102,97,2,29,1,1,0
2577,1550,1027,15,16,7,8,0
66,66,0,1,0,1,0,1
25613,1592,24021,32,22,9,23,0
1898,1524,374,14,15,8,6,0
5431,3164,2267,32,76,18,14,0
66,66,0,1,0,1,0,2
70,70,0,1,0,1,0,2
62,62,0,1,0,1,0,1
66,66,0,1,0,1,0,1
66,66,0,1,0,1,0,2
4945,1060,3885,21,15,12,9,0
4378,1471,2907,19,30,11,8,0
70,70,0,1,0,1,0,2
74711,8646,66065,150,89,70,80,0
3121,1764,1357,19,181,10,9,0
66,66,0,1,0,1,0,2
66,66,0,1,0,1,0,1
192,98,94,2,30,1,1,0
66,66,0,1,0,1,0,2
258,110,148,2,30,1,1,0
166,85,81,2,31,1,1,0
3354,1792,1562,46,194,23,23,0
601,601,0,1,0,1,0,1
349,108,241,4,35,2,2,0
179,94,85,2,30,1,1,0
60,60,0,1,0,1,0,1
70,70,0,1,0,1,0,2
3822,2132,1690,19,32,11,8,0
60,60,0,1,0,1,0,1
1750,184,1566,6,85,3,3,0
15058,8409,6649,40,271,21,19,0
66,66,0,1,0,1,0,2
66,66,0,1,0,1,0,1
212,110,102,2,30,1,1,0
62,62,0,1,0,1,0,1
215,102,113,2,30,1,1,0
231,88,143,2,34,1,1,0
183,94,89,2,31,1,1,0
66,66,0,1,0,1,0,1
62,62,0,1,0,1,0,1
70,70,0,1,0,1,0,2
733,93,640,2,31,1,1,0
384,94,290,2,30,1,1,0
66,66,0,1,0,1,0,2
13536,5529,8007,55,18,24,31,0
178,94,84,2,30,1,1,0
66,66,0,1,5,1,0,0
229,98,131,2,30,1,1,0
193,102,91,2,30,1,1,0
70,70,0,1,0,1,0,2
238,94,144,2,30,1,1,0
70,70,0,2,8,2,0,0
70,70,0,1,0,1,0,2
70,70,0,1,0,1,0,2
158,158,0,1,0,1,0,1
66,66,0,1,0,1,0,2
69614,5520,64094,100,21,52,48,0
5514,2362,3152,37,469,19,18,0
198,101,97,2,31,1,1,0
184,94,90,2,30,1,1,0
66,66,0,1,0,1,0,2
13986,9199,4787,59,94,24,35,0
62,62,0,1,0,1,0,1
70,70,0,1,4,1,0,0
195,102,93,2,29,1,1,0
404,259,145,3,32,2,1,0
62,62,0,1,0,1,0,1
70,70,0,1,0,1,0,2
70,70,0,1,0,1,0,2
7889,1900,5989,20,15,11,9,0
62,62,0,1,0,1,0,1
195,102,93,2,29,1,1,0
54634,6944,47690,99,47,47,52,0
70,70,0,1,0,1,0,2
2738,1475,1263,19,275,10,9,0
66,66,0,1,5,1,0,0
146,146,0,1,0,1,0,1
70,70,0,2,8,2,0,0
70,70,0,2,8,2,0,0
168,86,82,2,29,1,1,0
62,62,0,1,0,1,0,1
2274816,85295,2189521,2305,127,825,1480,0
60,60,0,1,0,1,0,1
70,70,0,1,0,1,0,2
70,70,0,1,5,1,0,0
199,86,113,2,29,1,1,0
186,95,91,2,31,1,1,0
499,425,74,4,0,3,1,0
262,86,176,4,46,2,2,0
62,62,0,1,0,1,0,1
70,70,0,1,0,1,0,2
66,66,0,1,0,1,0,1
146,146,0,1,0,1,0,1
195,102,93,2,30,1,1,0
4751,909,3842,15,16,9,6,0
3564,1850,1714,18,32,10,8,0
209,110,99,2,30,1,1,0
70,70,0,1,0,1,0,2
265,102,163,2,30,1,1,0
227265,6450,220815,225,124,63,162,0
592,198,394,6,78,3,3,0
70,70,0,2,8,2,0,0
202,103,99,2,31,1,1,0
177,94,83,2,30,1,1,0
54411,4588,49823,74,131,30,44,0
66,66,0,1,0,1,0,1
66,66,0,1,0,1,0,2
892,126,766,2,30,1,1,0
7653,1188,6465,21,15,12,9,0
12834,7868,4966,60,463,38,22,0
62,62,0,1,0,1,0,1
168,78,90,2,30,1,1,0
146,146,0,1,0,1,0,1
66,66,0,1,0,1,0,1
314,192,122,6,15,4,2,0
194,128,66,4,25,3,1,0
3591,1906,1685,22,80,11,11,0
244,98,146,2,32,1,1,0
70,70,0,1,0,1,0,2
66,66,0,1,0,1,0,1
182,93,89,2,30,1,1,0
122572,3630,118942,128,358,46,82,0
211,102,109,2,30,1,1,0
6489,2731,3758,19,16,10,9,0
214,102,112,2,30,1,1,0
3792,488,3304,14,16,7,7,0
66,66,0,1,0,1,0,2
66,66,0,1,0,1,0,1
282968,9210,273758,296,15,106,190,0
66,66,0,1,0,1,0,2
177,94,83,2,31,1,1,0
8473,1099,7374,20,119,9,11,0
66,66,0,1,0,1,0,2
164,86,78,2,30,1,1,0
9126,3975,5151,21,15,11,10,0
66,66,0,1,0,1,0,1
19851,15702,4149,63,109,34,29,0
8302,2895,5407,22,25,11,11,0
66,66,0,1,0,1,0,1
231,90,141,2,31,1,1,0
62,62,0,1,0,1,0,1
173,94,79,2,30,1,1,0
332,332,0,1,0,1,0,1
182,94,88,2,30,1,1,0
332,332,0,1,0,1,0,1
177,94,83,2,29,1,1,0
66,66,0,1,0,1,0,1
62,62,0,1,0,1,0,1
66,66,0,1,0,1,0,2
66,66,0,1,0,1,0,1
627,80,547,2,30,1,1,0
70,70,0,1,0,1,0,2
70,70,0,1,0,1,0,2
145,145,0,1,0,1,0,1
66,66,0,1,0,1,0,1
70,70,0,1,0,1,0,2
8962,1601,7361,26,186,14,12,0
70,70,0,1,0,1,0,2
62,62,0,1,0,1,0,1
66,66,0,1,0,1,0,1
192,98,94,2,31,1,1,0
1311,782,529,12,23,7,5,0
70,70,0,1,0,1,0,2
231,88,143,2,32,1,1,0
3023,2045,978,15,15,9,6,0
70,70,0,1,0,1,0,2
5678,2820,2858,25,141,11,14,0
22844,1529,21315,39,28,20,19,0
62,62,0,1,0,1,0,1
177,94,83,2,30,1,1,0
146,146,0,1,0,1,0,1
177,94,83,2,29,1,1,0
70,70,0,1,0,1,0,2
3101,801,2300,13,136,6,7,0
66,66,0,1,0,1,0,1
145,145,0,1,0,1,0,1
66,66,0,1,0,1,0,2
452,118,334,2,30,1,1,0
193,102,91,2,31,1,1,0
66,66,0,1,0,1,0,2
66,66,0,1,0,1,0,2
211,102,109,2,30,1,1,0
216,90,126,2,31,1,1,0
168,86,82,2,31,1,1,0
86,86,0,1,30,1,0,0
74,74,0,1,0,1,0,1
70,70,0,1,4,1,0,0
66,66,0,1,0,1,0,1
145,145,0,1,0,1,0,1
216,102,114,2,30,1,1,0
66,66,0,1,0,1,0,1
66,66,0,1,0,1,0,2
60,60,0,1,0,1,0,1
70,70,0,1,0,1,0,2
16379,2214,14165,39,18,20,19,0
146,146,0,1,0,1,0,1
228,110,118,2,30,1,1,0
70,70,0,1,0,1,0,2
70,70,0,1,0,1,0,2
585392,18731,566661,623,119,209,414,0
7288,1763,5525,22,77,12,10,0
62,62,0,1,0,1,0,1
183,102,81,2,30,1,1,0
160,160,0,1,0,1,0,1
1556,1236,320,10,15,5,5,0
70,70,0,1,0,1,0,2
70,70,0,2,8,2,0,0
70,70,0,1,0,1,0,2
70,70,0,1,0,1,0,2
358,105,253,4,44,2,2,0
4203,1564,2639,26,470,14,12,0
66,66,0,1,0,1,0,1
4662,1755,2907,19,30,11,8,0
711,87,624,2,30,1,1,0
62,62,0,1,0,1,0,1
70,70,0,1,0,1,0,2
62,62,0,1,0,1,0,1
70,70,0,1,0,1,0,2
70,70,0,1,0,1,0,2
193,102,91,2,30,1,1,0
2162,1608,554,10,34,6,4,0
4401,1494,2907,19,27,11,8,0
235,90,145,2,34,1,1,0
66,66,0,1,0,1,0,2
70,70,0,1,0,1,0,2
70,70,0,1,0,1,0,2
70,70,0,1,0,1,0,2
211,110,101,2,30,1,1,0
66,66,0,1,0,1,0,1
751,95,656,2,31,1,1,0
70,70,0,1,0,1,0,2
7912,3215,4697,23,20,12,11,0
66,66,0,1,0,1,0,2
8185,2274,5911,18,135,8,10,0
66,66,0,1,0,1,0,2
97,97,0,1,0,1,0,1
70,70,0,1,0,1,0,2
164,84,80,2,31,1,1,0
70,70,0,1,0,1,0,2
62,62,0,1,0,1,0,1
6584,1945,4639,14,120,7,7,0
62,62,0,1,0,1,0,1
66,66,0,1,0,1,0,2
185763,7360,178403,201,120,68,133,0
70,70,0,1,0,1,0,2
82011,2937,79074,91,358,34,57,0
1058,497,561,10,16,6,4,0
166,85,81,2,31,1,1,0
4305,699,3606,13,46,7,6,0
66,66,0,1,0,1,0,2
236,86,150,2,29,1,1,0
66,66,0,1,0,1,0,1
70,70,0,1,0,1,0,2
62,62,0,1,0,1,0,1
166,86,80,2,30,1,1,0
221,111,110,2,1200,1,1,0
1202,720,482,12,139,7,5,0
13074,8472,4602,31,135,16,15,0
66,66,0,1,0,1,0,2
31466,852,30614,32,89,9,23,0
66,66,0,1,0,1,0,2
70,70,0,1,0,1,0,2
62,62,0,1,0,1,0,1
70,70,0,1,0,1,0,2
66,66,0,1,0,1,0,1
168,86,82,2,31,1,1,0
13265,1924,11341,33,201,17,16,0
275,110,165,2,30,1,1,0
66,66,0,1,0,1,0,1
1991,686,1305,10,335,6,4,0
14412,3279,11133,33,19,17,16,0
70,70,0,1,0,1,0,2
70,70,0,1,0,1,0,2
1706,1006,700,11,21,6,5,0
184,94,90,2,30,1,1,0
469,150,319,2,1200,1,1,0
62,62,0,1,0,1,0,1
669,669,0,1,0,1,0,1
62,62,0,1,0,1,0,1
70,70,0,1,0,1,0,2
66,66,0,1,0,1,0,1
5928,1558,4370,22,20,13,9,0
62,62,0,1,0,1,0,1
8313,2850,5463,42,15,24,18,0
70,70,0,2,8,2,0,0
60,60,0,1,0,1,0,1
66,66,0,1,0,1,0,1
66,66,0,1,0,1,0,2
214,110,104,2,30,1,1,0
66,66,0,1,0,1,0,1
150,150,0,1,1200,1,0,0
195,86,109,2,30,1,1,0
882,126,756,2,31,1,1,0
6701,2064,4637,19,19,9,10,0
318,192,126,6,26,4,2,0
209,110,99,2,30,1,1,0
66,66,0,1,0,1,0,1
245,245,0,2,30,2,0,0
66,66,0,1,0,1,0,1
216,90,126,2,30,1,1,0
194,102,92,2,31,1,1,0
6957,1775,5182,22,17,12,10,0
66,66,0,1,0,1,0,2
196,100,96,2,30,1,1,0
70,70,0,2,8,2,0,0
66,66,0,1,0,1,0,1
146,146,0,1,0,1,0,1
183,94,89,2,31,1,1,0
229,110,119,2,30,1,1,0
50338,5239,45099,54,165,19,35,0
62,62,0,1,0,1,0,1
66,66,0,1,0,1,0,2
70,70,0,1,0,1,0,2
66,66,0,1,0,1,0,2
8006,1986,6020,20,15,11,9,0
193,102,91,2,31,1,1,0
3588672,75353,3513319,3500,154,1175,2325,0
66,66,0,1,0,1,0,2
70,70,0,1,0,1,0,2
6127,4018,2109,19,17,11,8,0
66,66,0,1,0,1,0,1
66,66,0,1,0,1,0,2
70,70,0,1,5,1,0,0
66,66,0,1,0,1,0,1
401,94,307,4,32,2,2,0
13708,1734,11974,25,31,12,13,0
66,66,0,1,0,1,0,2
60,60,0,1,0,1,0,1
146,146,0,1,0,1,0,1
66,66,0,1,0,1,0,1
7786,1403,6383,44,434,15,29,0
62,62,0,1,0,1,0,1
338,110,228,2,30,1,1,0
66,66,0,1,0,1,0,1
70,70,0,1,0,1,0,2
70,70,0,1,0,1,0,2
177,94,83,2,30,1,1,0
4743,1836,2907,19,29,11,8,0
199,102,97,2,30,1,1,0
70,70,0,2,8,2,0,0
62,62,0,1,0,1,0,1
214,110,104,2,30,1,1,0
177,94,83,2,31,1,1,0
9528,2738,6790,27,81,15,12,0
528,528,0,9,1200,9,0,0
240325,8131,232194,262,31,100,162,0
86,86,0,1,30,1,0,0
3588,1991,1597,27,176,14,13,0
66,66,0,1,0,1,0,1
7136,5777,1359,22,200,13,9,0
60,60,0,1,0,1,0,1
66,66,0,1,0,1,0,2
159,159,0,1,0,1,0,1
9017,5865,3152,26,16,14,12,0
62,62,0,1,0,1,0,1
138507,5990,132517,156,16,60,96,0
70,70,0,1,0,1,0,2
156,156,0,1,0,1,0,1
479,111,368,4,50,2,2,0
66,66,0,1,0,1,0,1
198,94,104,2,30,1,1,0
87958,5378,82580,100,95,39,61,0
66,66,0,1,0,1,0,1
1439,718,721,15,111,8,7,0
70,70,0,1,0,1,0,2
62,62,0,1,0,1,0,1
66,66,0,1,0,1,0,2
6066,1046,5020,20,69,11,9,0
70,70,0,1,4,1,0,0
996,526,470,15,30,8,7,0
62,62,0,1,0,1,0,1
62,62,0,1,0,1,0,1
66,66,0,1,0,1,0,1
62,62,0,1,0,1,0,1
62,62,0,1,0,1,0,1
195,102,93,2,29,1,1,0
70,70,0,2,8,2,0,0
70,70,0,2,8,2,0,0
66,66,0,1,0,1,0,2
278,96,182,4,54,2,2,0
62,62,0,1,0,1,0,1
12599,1479,11120,28,16,15,13,0
66,66,0,1,0,1,0,2
183,94,89,2,30,1,1,0
62,62,0,1,0,1,0,1
146,146,0,1,0,1,0,1
60,60,0,1,0,1,0,1
70,70,0,1,0,1,0,2
889,126,763,2,31,1,1,0
66,66,0,1,0,1,0,1
757,102,655,2,30,1,1,0
244,98,146,2,34,1,1,0
70,70,0,1,0,1,0,2
83,83,0,1,0,1,0,1
560,280,280,9,28,5,4,0
1786,172,1614,7,120,3,4,0
25081,3001,22080,55,75,29,26,0
1640,126,1514,4,31,2,2,0
6388,964,5424,21,255,11,10,0
66,66,0,1,0,1,0,1
9488,4114,5374,27,363,14,13,0
70,70,0,1,0,1,0,2
66,66,0,1,0,1,0,2
66,66,0,1,0,1,0,2
168,86,82,2,30,1,1,0
70,70,0,1,0,1,0,2
62,62,0,1,0,1,0,1
782,105,677,2,30,1,1,0
24918,2042,22876,40,16,19,21,0
24785,17234,7551,68,421,36,32,0
70,70,0,1,0,1,0,2
711,87,624,2,30,1,1,0
34908,2650,32258,52,45,23,29,0
7862,1873,5989,20,15,11,9,0
70,70,0,1,0,1,0,2
6677,1006,5671,19,27,11,8,0
4601,1694,2907,19,28,11,8,0
62,62,0,1,0,1,0,1
3354,1792,1562,46,195,23,23,0
9406,2044,7362,27,21,16,11,0
318,70,248,5,17,1,4,0
199,102,97,2,30,1,1,0
1165,94,1071,2,30,1,1,0
18795,10297,8498,56,118,29,27,0
66,66,0,1,0,1,0,1
70,70,0,1,0,1,0,2
166,86,80,2,29,1,1,0
62,62,0,1,0,1,0,1
199,102,97,2,31,1,1,0
270,94,176,2,30,1,1,0
70,70,0,2,8,2,0,0
193,102,91,2,29,1,1,0
4994,379,4615,9,15,4,5,0
199,94,105,2,30,1,1,0
62,62,0,1,0,1,0,1
243,94,149,2,30,1,1,0
401,88,313,4,38,2,2,0
70,70,0,1,0,1,0,2
164,78,86,2,30,1,1,0
887350,41179,846171,1082,210,487,595,0
67694,29654,38040,85,37,40,45,0
70,70,0,2,8,2,0,0
209,110,99,2,30,1,1,0
62,62,0,1,0,1,0,1
72,72,0,1,0,1,0,1
811,94,717,2,30,1,1,0
196,102,94,2,33,1,1,0
70,70,0,1,0,1,0,2
66,66,0,1,0,1,0,1
17167,5192,11975,32,121,17,15,0
183,94,89,2,30,1,1,0
330,330,0,6,1199,6,0,0
70,70,0,1,0,1,0,2
199,102,97,2,30,1,1,0
70,70,0,1,0,1,0,2
50477,10880,39597,69,16,33,36,0
66,66,0,1,0,1,0,1
134,60,74,3,4,2,1,0
101529,1646,99883,94,15,24,70,0
150,150,0,1,0,1,0,1
766,102,664,2,30,1,1,0
183,94,89,2,29,1,1,0
70,70,0,2,7,2,0,0
70,70,0,2,8,2,0,0
66,66,0,1,0,1,0,1
66,66,0,1,0,1,0,2
54103,3190,50913,68,362,27,41,0
275,96,179,4,41,2,2,0
70,70,0,1,0,1,0,2
733,86,647,2,31,1,1,0
2343,856,1487,17,16,10,7,0
66,66,0,1,0,1,0,2
66,66,0,1,0,1,0,1
70,70,0,1,0,1,0,2
66,66,0,1,0,1,0,2
178,94,84,2,29,1,1,0
882,126,756,2,30,1,1,0
82,82,0,1,30,1,0,0
70,70,0,1,0,1,0,2
62,62,0,1,0,1,0,1
177,94,83,2,29,1,1,0
10947,876,10071,21,142,9,12,0
66,66,0,1,0,1,0,1
280,140,140,5,130,3,2,0
70,70,0,1,0,1,0,2
70,70,0,1,0,1,0,2
168,78,90,2,31,1,1,0
183,94,89,2,31,1,1,0
3052,2014,1038,16,15,9,7,0
62,62,0,1,0,1,0,1
184,94,90,2,29,1,1,0
66,66,0,1,0,1,0,1
4187,1350,2837,18,321,8,10,0
701,88,613,2,30,1,1,0
70,70,0,1,0,1,0,2
70,70,0,1,5,1,0,0
780,93,687,2,31,1,1,0
9256443,112898,9143545,7609,178,1428,6181,0
62,62,0,1,0,1,0,1
178,91,87,2,31,1,1,0
66,66,0,1,0,1,0,1
78,78,0,1,4,1,0,0
66,66,0,1,0,1,0,2
50533,7291,43242,74,61,34,40,0
35555,4646,30909,59,23,33,26,0
70,70,0,1,4,1,0,0
66,66,0,1,0,1,0,2
60,60,0,1,0,1,0,1
70,70,0,1,0,1,0,2
504,382,122,8,15,6,2,0
66,66,0,1,0,1,0,2
5347,2537,2810,17,120,8,9,0
184,94,90,2,31,1,1,0
70,70,0,1,0,1,0,2
178,94,84,2,30,1,1,0
70,70,0,1,0,1,0,2
70,70,0,1,0,1,0,2
66,66,0,1,0,1,0,1
66,66,0,1,0,1,0,1
4382,2084,2298,18,66,10,8,0
70,70,0,1,0,1,0,2
70,70,0,1,0,1,0,2
297,101,196,4,33,2,2,0
259,87,172,4,36,2,2,0
70,70,0,2,8,2,0,0
2215,1412,803,19,38,10,9,0
199,102,97,2,30,1,1,0
66,66,0,1,0,1,0,2
70,70,0,1,0,1,0,2
770,102,668,2,30,1,1,0
9599,3465,6134,20,16,11,9,0
209,102,107,2,30,1,1,0
81339,4340,76999,84,57,22,62,0
198,102,96,2,30,1,1,0
233,94,139,2,30,1,1,0
70,70,0,1,0,1,0,2
502,150,352,2,1200,1,1,0
197,94,103,2,30,1,1,0
3176,752,2424,10,121,5,5,0
70,70,0,1,0,1,0,2
88807,5957,82850,113,15,54,59,0
180,94,86,2,30,1,1,0
66,66,0,1,0,1,0,2
5681,1441,4240,21,51,11,10,0
66,66,0,1,0,1,0,2
1848,851,997,10,515,6,4,0
460,150,310,2,1200,1,1,0
2953,785,2168,12,116,8,4,0
11583,4967,6616,31,47,17,14,0
62,62,0,1,0,1,0,1
6920116,91852,6828264,6765,79,1277,5488,0
209,102,107,2,30,1,1,0
62,62,0,1,0,1,0,1
218,78,140,2,31,1,1,0
62,62,0,1,0,1,0,1
70,70,0,1,5,1,0,0
66,66,0,1,0,1,0,1
62,62,0,1,0,1,0,1
14236,2699,11537,51,31,27,24,0
4673,1766,2907,19,29,11,8,0
86,86,0,1,0,1,0,1
66,66,0,1,0,1,0,2
260,94,166,2,30,1,1,0
1366,631,735,14,81,7,7,0
70,70,0,1,0,1,0,2
70,70,0,1,0,1,0,2
182,93,89,2,31,1,1,0
167,86,81,2,30,1,1,0
66,66,0,1,0,1,0,2
70,70,0,1,0,1,0,2
35920,26656,9264,60,128,30,30,0
177,94,83,2,29,1,1,0
66,66,0,1,0,1,0,1
3354,1792,1562,46,195,23,23,0
1481,701,780,20,120,10,10,0
62,62,0,1,0,1,0,1
62,62,0,1,0,1,0,1
145,145,0,1,0,1,0,1
9953,1605,8348,35,18,19,16,0
70,70,0,1,0,1,0,2
70,70,0,2,8,2,0,0
66,66,0,1,0,1,0,2
178,94,84,2,29,1,1,0
13979,2593,11386,29,114,11,18,0
66,66,0,1,0,1,0,2
499,425,74,4,0,3,1,0
66,66,0,1,5,1,0,0
860,126,734,2,30,1,1,0
372,126,246,2,30,1,1,0
177,94,83,2,30,1,1,0
62,62,0,1,0,1,0,1
70,70,0,1,0,1,0,2
546,300,246,10,24,6,4,0
66,66,0,1,0,1,0,1
202,103,99,2,31,1,1,0
66,66,0,1,0,1,0,2
2221,1482,739,11,149,6,5,0
66,66,0,1,0,1,0,1
426,240,186,8,26,5,3,0
66,66,0,1,0,1,0,1
70,70,0,1,0,1,0,2
66,66,0,1,0,1,0,2
9398,2320,7078,24,77,13,11,0
168,86,82,2,29,1,1,0
197,86,111,2,29,1,1,0
66,66,0,1,0,1,0,1
78355,11395,66960,122,27,62,60,0
66,66,0,1,0,1,0,2
5649,2005,3644,21,186,11,10,0
504,382,122,8,16,6,2,0
5574,1200,4374,26,80,13,13,0
66,66,0,1,4,1,0,0
168,78,90,2,30,1,1,0
62,62,0,1,0,1,0,1
62,62,0,1,0,1,0,1
62,62,0,1,0,1,0,1
1627,884,743,12,27,6,6,0
62,62,0,1,0,1,0,1
196,102,94,2,33,1,1,0
304,86,218,2,30,1,1,0
62,62,0,1,0,1,0,1
752,93,659,2,31,1,1,0
66,66,0,1,0,1,0,1
70,70,0,2,7,2,0,0
271,93,178,4,30,2,2,0
316,110,206,2,30,1,1,0
347884,9284,338600,360,31,125,235,0
70,70,0,1,0,1,0,2
6287,1476,4811,25,16,13,12,0
326,126,200,2,30,1,1,0
97,97,0,1,0,1,0,1
70,70,0,1,0,1,0,2
380,90,290,4,48,2,2,0
613,539,74,7,15,6,1,0
66,66,0,1,0,1,0,2
916,86,830,2,30,1,1,0
168,86,82,2,33,1,1,0
107,107,0,1,0,1,0,1
62,62,0,1,0,1,0,1
62,62,0,1,0,1,0,1
66,66,0,1,0,1,0,2
180,60,120,4,15,2,2,0
62,62,0,1,0,1,0,1
66,66,0,1,0,1,0,2
1394,733,661,14,80,8,6,0
78,78,0,1,0,1,0,1
36615,5107,31508,108,125,49,59,0
180,94,86,2,31,1,1,0
254,94,160,2,30,1,1,0
177,94,83,2,30,1,1,0
243,180,63,2,31,1,1,0
70,70,0,1,0,1,0,2
70,70,0,1,5,1,0,0
70,70,0,1,0,1,0,2
62,62,0,1,0,1,0,1
70,70,0,1,0,1,0,2
4560,3934,626,11,29,6,5,0
62,62,0,1,0,1,0,1
74,74,0,1,0,1,0,1
183,94,89,2,30,1,1,0
1555,954,601,14,47,8,6,0
66,66,0,1,0,1,0,1
197,102,95,2,30,1,1,0
70,70,0,1,0,1,0,2
211,110,101,2,31,1,1,0
60,60,0,1,0,1,0,1
70,70,0,1,0,1,0,2
86,86,0,1,29,1,0,0
82,82,0,2,40,2,0,0
316,136,180,6,6,3,3,0
3587,2484,1103,19,135,10,9,0
196,102,94,2,30,1,1,0
70,70,0,1,0,1,0,2
70,70,0,1,0,1,0,2
210,102,108,2,30,1,1,0
66,66,0,1,0,1,0,2
216,110,106,2,30,1,1,0
66,66,0,1,0,1,0,2
70,70,0,1,0,1,0,2
66,66,0,1,0,1,0,2
12347,6378,5969,39,208,20,19,0
66,66,0,1,0,1,0,2
228,118,110,2,1200,1,1,0
70,70,0,1,0,1,0,2
868,150,718,4,1200,2,2,0
62,62,0,1,0,1,0,1
66,66,0,1,0,1,0,1
213,78,135,2,30,1,1,0
70,70,0,1,0,1,0,2
887,126,761,2,30,1,1,0
5101,2867,2234,15,38,8,7,0
1303,903,400,12,16,7,5,0
1555,1103,452,9,21,5,4,0
5577,1390,4187,19,15,9,10,0
7326,1399,5927,29,280,15,14,0
182,93,89,2,30,1,1,0
264,89,175,4,48,2,2,0
4380,1473,2907,19,30,11,8,0
210,110,100,2,31,1,1,0
70,70,0,1,0,1,0,2
265,94,171,2,30,1,1,0
70,70,0,1,0,1,0,2
168,86,82,2,29,1,1,0
1029,567,462,10,17,6,4,0
130,70,60,2,15,1,1,0
10665,3059,7606,28,17,16,12,0
8473,1099,7374,20,18,9,11,0
70,70,0,1,5,1,0,0
70,70,0,1,0,1,0,2
66,66,0,1,0,1,0,1
78,78,0,1,0,1,0,1
70,70,0,1,0,1,0,2
225524,59002,166522,402,78,192,210,0
66,66,0,1,0,1,0,2
70,70,0,2,8,2,0,0
146,146,0,1,0,1,0,1
7398,1597,5801,20,128,10,10,0
834,150,684,4,1200,2,2,0
184,94,90,2,31,1,1,0
200,102,98,2,30,1,1,0
118,118,0,1,30,1,0,0
199,102,97,2,30,1,1,0
66,66,0,1,0,1,0,1
3561,1337,2224,13,20,7,6,0
4214,1921,2293,18,383,10,8,0
775,103,672,2,31,1,1,0
2512,1465,1047,21,87,10,11,0
66,66,0,1,0,1,0,1
3182,1568,1614,8,120,4,4,0
268,95,173,4,45,2,2,0
528,528,0,9,1200,9,0,0
62,62,0,1,0,1,0,1
145,145,0,1,0,1,0,1
70,70,0,1,0,1,0,2
4317,1134,3183,16,26,9,7,0
260,86,174,2,30,1,1,0
70,70,0,2,9,2,0,0
179,94,85,2,31,1,1,0
359,94,265,2,30,1,1,0
195,102,93,2,30,1,1,0
493,94,399,4,40,2,2,0
1222,782,440,11,15,6,5,0
146,146,0,1,0,1,0,1
8728,4031,4697,23,17,12,11,0
167,86,81,2,30,1,1,0
318,192,126,6,34,4,2,0
66,66,0,1,0,1,0,1
66,66,0,1,0,1,0,1
84768,21103,63665,136,133,58,78,0
62,62,0,1,0,1,0,1
62,62,0,1,0,1,0,1
70,70,0,1,0,1,0,2
70,70,0,1,0,1,0,2
1638,1324,314,10,15,5,5,0
780,93,687,2,30,1,1,0
320,320,0,1,0,1,0,1
996037,37114,958923,1187,271,459,728,0
70,70,0,1,0,1,0,2
1614,1300,314,10,15,5,5,0
305,89,216,4,41,2,2,0
2188,1329,859,23,19,13,10,0
268582,23654,244928,341,190,128,213,0
353,118,235,2,31,1,1,0
183,94,89,2,31,1,1,0
70,70,0,1,0,1,0,2
70,70,0,1,0,1,0,2
70,70,0,1,0,1,0,2
62,62,0,1,0,1,0,1
167,86,81,2,30,1,1,0
145,145,0,1,0,1,0,1
731,91,640,2,30,1,1,0
83683,2747,80936,92,125,32,60,0
4661,1754,2907,19,26,11,8,0
159,159,0,1,0,1,0,1
70,70,0,1,0,1,0,2
83,83,0,1,0,1,0,1
70,70,0,1,5,1,0,0
504,382,122,8,15,6,2,0
70,70,0,1,0,1,0,2
70,70,0,1,0,1,0,2
70,70,0,2,8,2,0,0
66,66,0,1,0,1,0,2
70,70,0,1,0,1,0,2
66,66,0,1,0,1,0,1
70,70,0,1,30,1,0,0
21538,3952,17586,48,17,27,21,0
70,70,0,1,0,1,0,2
78,78,0,1,0,1,0,1
170,87,83,2,31,1,1,0
7069,1210,5859,13,120,6,7,0
214,94,120,2,30,1,1,0
183,94,89,2,30,1,1,0
82,82,0,1,31,1,0,0
60,60,0,1,0,1,0,1
66,66,0,1,0,1,0,1
6318,1025,5293,17,33,9,8,0
66,66,0,1,0,1,0,2
380,110,270,2,30,1,1,0
62,62,0,1,0,1,0,1
70,70,0,1,0,1,0,2
70,70,0,2,8,2,0,0
1077274,41232,1036042,1152,49,455,697,0
23913,3495,20418,50,48,24,26,0
70,70,0,1,0,1,0,2
70,70,0,1,0,1,0,2
70,70,0,1,0,1,0,2
238,118,120,2,1200,1,1,0
266,110,156,2,30,1,1,0
4447,1540,2907,19,30,11,8,0
62,62,0,1,0,1,0,1
7588,1850,5738,19,25,10,9,0
66,66,0,1,0,1,0,2
490,264,226,8,30,5,3,0
62,62,0,1,0,1,0,1
1807,1048,759,16,26,8,8,0
138,78,60,2,6,1,1,0
259,87,172,4,37,2,2,0
115036,11567,103469,189,103,92,97,0
66,66,0,1,0,1,0,1
7993,677,7316,16,16,8,8,0
62,62,0,1,0,1,0,1
70,70,0,2,6,2,0,0
316,136,180,6,6,3,3,0
66,66,0,1,0,1,0,1
66,66,0,1,0,1,0,2
60,60,0,1,0,1,0,1
62,62,0,1,0,1,0,1
66,66,0,1,0,1,0,2
1557,778,779,11,144,6,5,0
66,66,0,1,0,1,0,1
10417,2617,7800,32,15,17,15,0
70,70,0,1,0,1,0,2
70,70,0,1,0,1,0,2
66,66,0,1,0,1,0,1
70,70,0,1,5,1,0,0
178,94,84,2,30,1,1,0
60,60,0,1,0,1,0,1
70,70,0,1,0,1,0,2
8290,2156,6134,24,81,14,10,0
66,66,0,1,0,1,0,1
66,66,0,1,0,1,0,1
16706,6162,10544,39,29,19,20,0
66,66,0,2,8,2,0,0
70,70,0,1,0,1,0,2
60,60,0,1,0,1,0,1
6058,1038,5020,20,69,11,9,0
70,70,0,1,0,1,0,2
197,90,107,2,30,1,1,0
5692,1239,4453,23,16,13,10,0
62,62,0,1,0,1,0,1
62,62,0,1,0,1,0,1
146,146,0,1,0,1,0,1
193,102,91,2,30,1,1,0
168,86,82,2,30,1,1,0
190,70,120,4,15,2,2,0
250,86,164,4,46,2,2,0
70,70,0,1,0,1,0,2
165,86,79,2,30,1,1,0
70,70,0,1,0,1,0,2
62,62,0,1,0,1,0,1
326,186,140,6,29,4,2,0
66,66,0,1,0,1,0,2
195,102,93,2,30,1,1,0
70,70,0,2,8,2,0,0
62,62,0,1,0,1,0,1
197,94,103,2,30,1,1,0
70,70,0,1,0,1,0,2
4189,2286,1903,35,256,17,18,0
70,70,0,1,0,1,0,2
38985,4250,34735,58,19,27,31,0
62,62,0,1,0,1,0,1
66,66,0,1,0,1,0,1
70,70,0,2,8,2,0,0
7524,1903,5621,31,22,18,13,0
55560,11338,44222,90,23,41,49,0
179,94,85,2,30,1,1,0
199,102,97,2,30,1,1,0
5048,4344,704,11,26,6,5,0
66,66,0,1,0,1,0,2
62,62,0,1,0,1,0,1
32875,8836,24039,37,16,15,22,0
711,87,624,2,30,1,1,0
216,82,134,2,32,1,1,0
62,62,0,1,0,1,0,1
9429,1978,7451,27,46,14,13,0
763,101,662,2,30,1,1,0
66,66,0,1,0,1,0,1
7638,2405,5233,44,17,25,19,0
209,110,99,2,30,1,1,0
3565,1947,1618,19,15,9,10,0
70,70,0,2,8,2,0,0
10875114,348643,10526471,11702,194,3853,7849,0
62,62,0,1,0,1,0,1
13284,3562,9722,38,26,21,17,0
66,66,0,1,0,1,0,1
62,62,0,1,0,1,0,1
323,150,173,2,1199,1,1,0
66,66,0,1,0,1,0,1
1299,387,912,10,103,5,5,0
62,62,0,1,0,1,0,1
177,94,83,2,30,1,1,0
3530,2027,1503,16,15,9,7,0
66,66,0,1,0,1,0,1
70,70,0,1,0,1,0,2
62,62,0,1,0,1,0,1
66,66,0,1,0,1,0,2
62,62,0,1,0,1,0,1
62,62,0,1,0,1,0,1
756,95,661,2,31,1,1,0
918,126,792,2,30,1,1,0
146,146,0,1,0,1,0,1
70,70,0,1,5,1,0,0
15168,5689,9479,51,34,27,24,0
66,66,0,1,0,1,0,1
216,110,106,2,30,1,1,0
60,60,0,1,0,1,0,1
66,66,0,1,0,1,0,2
70,70,0,1,0,1,0,2
168,86,82,2,30,1,1,0
70,70,0,1,0,1,0,2
70,70,0,2,7,2,0,0
459,103,356,4,43,2,2,0
70,70,0,1,0,1,0,2
5698,906,4792,19,27,11,8,0
66,66,0,1,0,1,0,2
100,100,0,1,0,1,0,1
6756,2587,4169,19,16,10,9,0
873,126,747,2,30,1,1,0
1468,763,705,16,181,8,8,0
134,60,74,3,11,2,1,0
233,91,142,2,30,1,1,0
181,94,87,2,30,1,1,0
7789,2275,5514,30,47,16,14,0
70,70,0,1,5,1,0,0
504,318,186,8,15,5,3,0
212,86,126,2,30,1,1,0
66,66,0,1,0,1,0,1
20317684,620294,19697390,20965,186,6716,14249,0
66,66,0,1,0,1,0,2
62,62,0,1,0,1,0,1
49279,23110,26169,459,384,239,220,0
1210,637,573,14,25,7,7,0
194,102,92,2,30,1,1,0
3814,2664,1150,22,28,12,10,0
193,102,91,2,29,1,1,0
184,94,90,2,30,1,1,0
70,70,0,1,0,1,0,2
66,66,0,1,0,1,0,1
66,66,0,1,0,1,0,1
66,66,0,1,0,1,0,1
70,70,0,1,5,1,0,0
733,85,648,2,30,1,1,0
8058,1136,6922,19,129,9,10,0
152,78,74,2,0,1,1,0
70,70,0,1,0,1,0,2
70,70,0,1,0,1,0,2
499,425,74,4,1,3,1,0
66,66,0,1,0,1,0,1
74,74,0,1,0,1,0,1
62,62,0,1,0,1,0,1
4628,1035,3593,19,25,11,8,0
92518,4869,87649,109,15,44,65,0
62,62,0,1,0,1,0,1
70,70,0,1,0,1,0,2
66,66,0,1,0,1,0,1
66,66,0,1,0,1,0,2
66,66,0,1,0,1,0,1
168,78,90,2,30,1,1,0
208,106,102,2,31,1,1,0
196,100,96,2,31,1,1,0
5995,974,5021,19,56,10,9,0
402,118,284,2,30,1,1,0
1695,995,700,11,21,6,5,0
66,66,0,1,0,1,0,2
70,70,0,1,0,1,0,2
6375,1019,5356,21,16,11,10,0
70,70,0,1,0,1,0,2
177,94,83,2,30,1,1,0
499,425,74,4,0,3,1,0
7347,2127,5220,18,135,8,10,0
174,77,97,2,30,1,1,0
66,66,0,1,0,1,0,2
66,66,0,1,0,1,0,2
2235,1055,1180,12,16,7,5,0
70,70,0,1,5,1,0,0
6906,1283,5623,29,248,14,15,0
66,66,0,1,0,1,0,1
1328,876,452,11,29,6,5,0
197,102,95,2,31,1,1,0
8072,2052,6020,20,15,11,9,0
194,102,92,2,30,1,1,0
178,94,84,2,30,1,1,0
62,62,0,1,0,1,0,1
161,161,0,1,0,1,0,1
66,66,0,1,0,1,0,2
62,62,0,1,0,1,0,1
66,66,0,1,0,1,0,1
66,66,0,1,0,1,0,1
66,66,0,1,0,1,0,1
17188,1559,15629,25,25,10,15,0
7907,1918,5989,20,15,11,9,0
202,103,99,2,31,1,1,0
210,110,100,2,30,1,1,0
7763,1354,6409,25,82,13,12,0
66,66,0,1,0,1,0,1
66,66,0,1,0,1,0,1
396,257,139,3,30,2,1,0
70,70,0,1,0,1,0,2
66,66,0,1,0,1,0,2
229,110,119,2,30,1,1,0
62,62,0,1,0,1,0,1
183,94,89,2,30,1,1,0
324,150,174,2,1200,1,1,0
70,70,0,1,0,1,0,2
5329,3428,1901,20,16,10,10,0
7332,1611,5721,17,15,9,8,0
60,60,0,1,0,1,0,1
66,66,0,1,0,1,0,1
1712,786,926,12,17,7,5,0
62,62,0,1,0,1,0,1
209,102,107,2,29,1,1,0
60,60,0,1,0,1,0,1
194,102,92,2,30,1,1,0
714,454,260,2,30,1,1,0
66,66,0,1,0,1,0,1
62,62,0,1,0,1,0,1
177,94,83,2,30,1,1,0
174,89,85,2,31,1,1,0
4076,1378,2698,14,136,7,7,0
70,70,0,1,0,1,0,2
70,70,0,1,5,1,0,0
70,70,0,1,0,1,0,2
825,99,726,2,30,1,1,0
66,66,0,1,0,1,0,1
4697,923,3774,13,120,6,7,0
37181,32491,4690,93,81,54,39,0
184,94,90,2,30,1,1,0
200,102,98,2,30,1,1,0
172272,14401,157871,254,418,100,154,0
60,60,0,1,0,1,0,1
66,66,0,1,0,1,0,1
66,66,0,1,0,1,0,2
66,66,0,1,0,1,0,2
62,62,0,1,0,1,0,1
3542,1045,2497,13,120,6,7,0
24145,5933,18212,55,549,27,28,0
298,94,204,2,30,1,1,0
70,70,0,1,0,1,0,2
66,66,0,1,0,1,0,1
1573,702,871,12,45,7,5,0
70,70,0,1,0,1,0,2
13583,4157,9426,26,120,11,15,0
195,102,93,2,30,1,1,0
70,70,0,2,8,2,0,0
66,66,0,1,0,1,0,1
66,66,0,1,0,1,0,2
761,100,661,2,30,1,1,0
174,89,85,2,31,1,1,0
16425,3923,12502,37,156,19,18,0
70,70,0,1,0,1,0,2
70,70,0,1,0,1,0,2
744,89,655,2,31,1,1,0
34098,808,33290,34,104,9,25,0
253,99,154,2,32,1,1,0
193,102,91,2,29,1,1,0
177,94,83,2,30,1,1,0
62,62,0,1,0,1,0,1
60,60,0,1,0,1,0,1
198,94,104,2,30,1,1,0
70,70,0,1,0,1,0,2
13592,1419,12173,25,31,13,12,0
66,66,0,1,0,1,0,2
62,62,0,1,0,1,0,1
499,425,74,4,0,3,1,0
519,158,361,2,1200,1,1,0
341,110,231,2,30,1,1,0
70,70,0,1,0,1,0,2
62,62,0,1,0,1,0,1
66,66,0,1,0,1,0,1
258,110,148,2,30,1,1,0
70,70,0,1,0,1,0,2
66,66,0,1,0,1,0,1
7418,1880,5538,28,396,9,19,0
66,66,0,1,0,1,0,1
66,66,0,1,0,1,0,2
70,70,0,1,0,1,0,2
160,160,0,1,0,1,0,1
70,70,0,1,0,1,0,2
11291,2426,8865,21,121,10,11,0
66,66,0,1,0,1,0,2
578,578,0,1,0,1,0,1
180,94,86,2,30,1,1,0
66,66,0,1,0,1,0,1
8949,1938,7011,21,17,12,9,0
184,94,90,2,30,1,1,0
70,70,0,1,5,1,0,0
200,94,106,2,30,1,1,0
101895,6430,95465,152,175,66,86,0
70,70,0,1,0,1,0,2
146,146,0,1,0,1,0,1
509,150,359,2,1199,1,1,0
62,62,0,1,0,1,0,1
66,66,0,1,0,1,0,2
10532,6786,3746,55,81,28,27,0
70,70,0,1,5,1,0,0
9890,4516,5374,26,124,14,12,0
414,140,274,7,25,3,4,0
211,80,131,2,30,1,1,0
66,66,0,1,0,1,0,2
70,70,0,2,8,2,0,0
70,70,0,1,0,1,0,2
370,238,132,3,32,2,1,0
70,70,0,1,0,1,0,2
60,60,0,1,0,1,0,1
66,66,0,1,0,1,0,2
194,99,95,2,31,1,1,0
480,149,331,2,1200,1,1,0
819,102,717,2,30,1,1,0
70,70,0,1,0,1,0,2
295,101,194,4,31,2,2,0
62,62,0,1,0,1,0,1
181,94,87,2,33,1,1,0
70,70,0,1,4,1,0,0
66,66,0,1,0,1,0,2
2569,1470,1099,17,15,8,9,0
70,70,0,2,8,2,0,0
70,70,0,1,0,1,0,2
374,101,273,4,42,2,2,0
1168,815,353,10,122,6,4,0
70,70,0,1,0,1,0,2
66,66,0,1,0,1,0,2
66,66,0,1,0,1,0,2
7122,1766,5356,27,331,14,13,0
66,66,0,1,0,1,0,1
146,146,0,1,0,1,0,1
70,70,0,1,0,1,0,2
11340,3061,8279,31,115,12,19,0
499,94,405,2,29,1,1,0
5220,922,4298,17,135,10,7,0
66,66,0,1,0,1,0,1
4496,2346,2150,28,124,15,13,0
36048,2364,33684,54,28,23,31,0
62,62,0,1,0,1,0,1
66,66,0,1,0,1,0,1
60,60,0,1,0,1,0,1
66,66,0,1,0,1,0,1
3190,980,2210,13,30,7,6,0
180,94,86,2,31,1,1,0
66,66,0,1,0,1,0,1
131,131,0,1,0,1,0,1
322,110,212,4,30,2,2,0
150,150,0,1,1200,1,0,0
179,94,85,2,30,1,1,0
62,62,0,1,0,1,0,1
70,70,0,1,0,1,0,2
66,66,0,1,0,1,0,1
17273,11238,6035,73,919,36,37,0
3981,1811,2170,26,177,14,12,0
66,66,0,1,0,1,0,1
422,164,258,6,30,3,3,0
199,94,105,2,30,1,1,0
6044,3444,2600,49,501,25,24,0
232,110,122,2,30,1,1,0
481,150,331,2,1200,1,1,0
177,94,83,2,30,1,1,0
322,149,173,2,1201,1,1,0
196,102,94,2,30,1,1,0
780,104,676,2,31,1,1,0
297,96,201,4,42,2,2,0
70,70,0,2,8,2,0,0
66,66,0,1,0,1,0,2
3146,766,2380,10,120,5,5,0
25811,4278,21533,73,100,38,35,0
3655,2308,1347,18,15,10,8,0
130,70,60,2,15,1,1,0
2864,1338,1526,17,21,9,8,0
512,166,346,2,30,1,1,0
62,62,0,1,0,1,0,1
25846,2486,23360,39,50,16,23,0
66,66,0,1,0,1,0,1
198,94,104,2,30,1,1,0
1280,586,694,10,14,5,5,0
304,86,218,2,30,1,1,0
70,70,0,1,0,1,0,2
6629,827,5802,19,53,9,10,0
70,70,0,1,0,1,0,2
74,74,0,1,91,1,0,0
5597,1462,4135,21,86,11,10,0
3256,1753,1503,17,315,10,7,0
62,62,0,1,0,1,0,1
210,102,108,2,30,1,1,0
66,66,0,1,0,1,0,1
62,62,0,1,0,1,0,1
66,66,0,1,0,1,0,2
308,118,190,2,29,1,1,0
23776,1372,22404,35,112,15,20,0
70,70,0,1,0,1,0,2
70,70,0,1,0,1,0,2
70,70,0,1,0,1,0,2
10940,4625,6315,36,347,19,17,0
66,66,0,1,0,1,0,2
62,62,0,1,0,1,0,1
62,62,0,1,0,1,0,1
62,62,0,1,0,1,0,1
176,90,86,2,31,1,1,0
66,66,0,1,0,1,0,1
74,74,0,1,0,1,0,1
70,70,0,1,0,1,0,2
70,70,0,1,0,1,0,2
370,222,148,6,48,4,2,0
66,66,0,1,5,1,0,0
62,62,0,1,0,1,0,1
178,94,84,2,30,1,1,0
10129,5016,5113,18,120,9,9,0
70,70,0,1,0,1,0,2
74,74,0,1,0,1,0,1
757,98,659,2,31,1,1,0
210,110,100,2,30,1,1,0
66,66,0,1,0,1,0,1
168,94,74,2,30,1,1,0
62,62,0,1,0,1,0,1
70,70,0,1,0,1,0,2
146,146,0,1,0,1,0,1
146,146,0,1,0,1,0,1
66,66,0,1,0,1,0,2
62,62,0,1,0,1,0,1
100,100,0,1,0,1,0,1
165,86,79,2,30,1,1,0
60,60,0,1,0,1,0,1
15456,2581,12875,28,31,10,18,0
214,140,74,4,15,3,1,0
70,70,0,1,0,1,0,2
2075,1376,699,13,83,7,6,0
25721,8999,16722,38,121,18,20,0
62,62,0,1,0,1,0,1
62,62,0,1,0,1,0,1
186,95,91,2,31,1,1,0
70,70,0,1,0,1,0,2
70,70,0,1,0,1,0,2
241,118,123,2,30,1,1,0
87558,4155,83403,115,117,41,74,0
2361,1586,775,11,166,7,4,0
70,70,0,1,0,1,0,2
62,62,0,1,0,1,0,1
66,66,0,1,0,1,0,1
7082,4527,2555,31,31,16,15,0
321,102,219,2,29,1,1,0
167,86,81,2,30,1,1,0
70,70,0,1,0,1,0,2
212,108,104,2,31,1,1,0
62,62,0,1,0,1,0,1
912,126,786,2,31,1,1,0
193,102,91,2,29,1,1,0
305,94,211,2,30,1,1,0
1658,1247,411,8,15,5,3,0
5438,2255,3183,23,86,12,11,0
4600,667,3933,14,17,7,7,0
207,118,89,2,1199,1,1,0
70,70,0,1,0,1,0,2
10577,3496,7081,68,616,36,32,0
1420,95,1325,4,32,2,2,0
7703,1606,6097,23,80,13,10,0
200,102,98,2,30,1,1,0
60,60,0,1,0,1,0,1
164,78,86,2,30,1,1,0
66,66,0,1,0,1,0,2
316,190,126,5,15,3,2,0
865,126,739,2,30,1,1,0
66,66,0,1,0,1,0,1
66,66,0,1,0,1,0,1
70,70,0,1,0,1,0,2
177,94,83,2,30,1,1,0
200,102,98,2,30,1,1,0
66,66,0,1,0,1,0,2
66,66,0,1,0,1,0,1
66,66,0,1,0,1,0,2
146,146,0,1,0,1,0,1
9930,2085,7845,21,318,11,10,0
70,70,0,1,5,1,0,0
62,62,0,1,0,1,0,1
16862,7584,9278,97,8912,60,37,0
60,60,0,1,0,1,0,1
969,86,883,2,30,1,1,0
209,110,99,2,30,1,1,0
190,97,93,2,31,1,1,0
70,70,0,1,0,1,0,2
66,66,0,1,0,1,0,2
4337,3026,1311,21,141,12,9,0
152,152,0,1,1200,1,0,0
7938,1721,6217,25,172,12,13,0
168,78,90,2,30,1,1,0
9056,4223,4833,82,35,42,40,0
66,66,0,1,0,1,0,1
70,70,0,1,0,1,0,2
446,106,340,4,47,2,2,0
13948,1150,12798,29,15,14,15,0
4621,1714,2907,19,26,11,8,0
66,66,0,1,0,1,0,1
62,62,0,1,0,1,0,1
60,60,0,1,0,1,0,1
177,94,83,2,30,1,1,0
70,70,0,1,0,1,0,2
14068,7909,6159,37,82,23,14,0
70,70,0,1,0,1,0,2
66,66,0,1,0,1,0,2
314,128,186,6,26,3,3,0
70,70,0,2,9,2,0,0
6826,5299,1527,22,330,12,10,0
183,94,89,2,30,1,1,0
70,70,0,1,5,1,0,0
70,70,0,1,0,1,0,2
66,66,0,1,0,1,0,2
62,62,0,1,0,1,0,1
70,70,0,1,0,1,0,2
199,94,105,2,30,1,1,0
234,234,0,4,12,4,0,0
70,70,0,1,0,1,0,2
86,86,0,1,30,1,0,0
738,86,652,2,30,1,1,0
316,136,180,6,7,3,3,0
66,66,0,1,0,1,0,1
70,70,0,1,0,1,0,2
499,425,74,4,0,3,1,0
70,70,0,1,0,1,0,2
159,159,0,1,0,1,0,1
10812,3429,7383,39,315,20,19,0
145,145,0,1,0,1,0,1
91,91,0,1,0,1,0,1
181,86,95,2,30,1,1,0
66,66,0,1,0,1,0,2
178,94,84,2,30,1,1,0
318,192,126,6,41,4,2,0
886,126,760,2,31,1,1,0
70,70,0,1,0,1,0,2
410116,12150,397966,421,16,148,273,0
62,62,0,1,0,1,0,1
66,66,0,1,0,1,0,2
70,70,0,1,0,1,0,2
748,94,654,2,30,1,1,0
70,70,0,1,0,1,0,2
132,132,0,2,8,2,0,0
146,146,0,1,0,1,0,1
66,66,0,1,0,1,0,1
70,70,0,1,0,1,0,2
7569,2113,5456,26,361,14,12,0
102,102,0,1,30,1,0,0
373926,8227,365699,379,143,130,249,0
4934,771,4163,18,28,8,10,0
233,91,142,2,30,1,1,0
66,66,0,1,0,1,0,1
66,66,0,1,0,1,0,1
22073,10774,11299,48,107,26,22,0
70,70,0,2,8,2,0,0
66,66,0,1,0,1,0,1
70,70,0,1,0,1,0,2
212,86,126,2,30,1,1,0
199,86,113,2,30,1,1,0
711,87,624,2,31,1,1,0
561,104,457,4,57,2,2,0
62,62,0,1,0,1,0,1
180,94,86,2,30,1,1,0
199,102,97,2,30,1,1,0
982624,22331,960293,976,137,293,683,0
70,70,0,1,0,1,0,2
70,70,0,1,0,1,0,2
60,60,0,1,5,1,0,0
195,102,93,2,30,1,1,0
145,145,0,1,0,1,0,1
60,60,0,1,0,1,0,1
66,66,0,1,0,1,0,2
882,126,756,2,30,1,1,0
4755,1142,3613,15,273,8,7,0
62,62,0,1,0,1,0,1
194,102,92,2,30,1,1,0
3578,1967,1611,16,16,8,8,0
66,66,0,1,0,1,0,2
7292,4509,2783,50,6392,25,25,0
70,70,0,1,0,1,0,2
773546,29906,743640,881,1166,350,531,0
62,62,0,1,0,1,0,1
350,210,140,6,30,4,2,0
230,91,139,2,30,1,1,0
62,62,0,1,0,1,0,1
4579,2245,2334,12,122,6,6,0
280,110,170,2,30,1,1,0
3490,1923,1567,14,16,7,7,0
70,70,0,1,0,1,0,2
1286,403,883,16,393,4,12,0
8958,1683,7275,24,23,10,14,0
1742,589,1153,10,87,6,4,0
312,132,180,6,6,3,3,0
4613,1706,2907,19,30,11,8,0
3778,2082,1696,12,21,7,5,0
62,62,0,1,0,1,0,1
177,94,83,2,30,1,1,0
460,150,310,2,1200,1,1,0
62,62,0,1,0,1,0,1
66,66,0,1,0,1,0,2
66,66,0,1,0,1,0,2
193,102,91,2,29,1,1,0
70,70,0,1,0,1,0,2
139,139,0,1,0,1,0,1
168,78,90,2,29,1,1,0
70,70,0,1,0,1,0,2
66,66,0,1,0,1,0,1
62,62,0,1,0,1,0,1
66,66,0,1,0,1,0,2
62,62,0,1,0,1,0,1
66,66,0,1,0,1,0,1
168,86,82,2,30,1,1,0
8573,2039,6534,25,31,14,11,0
498,204,294,6,31,3,3,0
200,102,98,2,32,1,1,0
345,345,0,1,0,1,0,1
66,66,0,1,0,1,0,1
879,126,753,2,30,1,1,0
168,86,82,2,30,1,1,0
70,70,0,1,0,1,0,2
60,60,0,1,0,1,0,1
130,70,60,2,15,1,1,0
8600,4882,3718,44,225,23,21,0
7243,777,6466,17,126,8,9,0
66,66,0,1,0,1,0,1
70,70,0,1,0,1,0,2
765,102,663,2,30,1,1,0
150,150,0,1,1200,1,0,0
70,70,0,1,0,1,0,2
1712,1324,388,11,16,5,6,0
184,94,90,2,29,1,1,0
208,86,122,2,30,1,1,0
59700,5399,54301,109,32,57,52,0
66,66,0,1,0,1,0,2
779,298,481,8,67,4,4,0
202,103,99,2,31,1,1,0
70,70,0,1,0,1,0,2
907774,32911,874863,898,460,195,703,0
62,62,0,1,0,1,0,1
24437,12718,11719,41,15,16,25,0
484,210,274,8,26,4,4,0
199,102,97,2,30,1,1,0
62,62,0,1,0,1,0,1
70,70,0,1,0,1,0,2
70,70,0,1,0,1,0,2
66,66,0,1,0,1,0,1
324,97,227,4,52,2,2,0
210,98,112,2,29,1,1,0
91,91,0,1,30,1,0,0
62,62,0,1,0,1,0,1
177,94,83,2,30,1,1,0
168,78,90,2,30,1,1,0
72,72,0,1,0,1,0,1
62,62,0,1,0,1,0,1
176,90,86,2,31,1,1,0
243,94,149,2,30,1,1,0
70,70,0,1,0,1,0,2
62,62,0,1,0,1,0,1
62,62,0,1,0,1,0,1
66,66,0,1,0,1,0,2
168,86,82,2,30,1,1,0
70,70,0,1,0,1,0,2
1314,653,661,13,185,7,6,0
70,70,0,1,0,1,0,2
240,76,164,2,31,1,1,0
199,102,97,2,31,1,1,0
293,223,70,4,0,3,1,3
184,94,90,2,30,1,1,0
148,86,62,2,29,1,1,0
445,86,359,2,30,1,1,0
66,66,0,1,0,1,0,1
166,86,80,2,30,1,1,0
216,110,106,2,29,1,1,0
1622,126,1496,4,30,2,2,0
2294,1126,1168,25,120,12,13,0
70,70,0,1,0,1,0,2
184,94,90,2,30,1,1,0
1345,726,619,16,362,8,8,0
70,70,0,1,0,1,0,2
70,70,0,1,0,1,0,2
70,70,0,1,5,1,0,0
70,70,0,1,0,1,0,2
197,102,95,2,30,1,1,0
146,146,0,1,0,1,0,1
8701,3408,5293,48,256,22,26,0
66,66,0,1,0,1,0,2
499,425,74,4,1,3,1,0
248,78,170,2,30,1,1,0
62,62,0,1,0,1,0,1
70,70,0,2,7,2,0,0
66,66,0,1,0,1,0,2
200,102,98,2,30,1,1,0
194,87,107,2,31,1,1,0
312952,13869,299083,347,141,138,209,0
70,70,0,1,0,1,0,2
70,70,0,1,0,1,0,2
2865,2000,865,12,15,7,5,0
66,66,0,1,0,1,0,2
70,70,0,2,8,2,0,0
102,102,0,1,0,1,0,1
2293,1592,701,16,21,8,8,0
109,109,0,1,0,1,0,1
195,102,93,2,29,1,1,0
70,70,0,1,0,1,0,2
70,70,0,1,0,1,0,2
218,86,132,2,30,1,1,0
3910,1805,2105,20,19,12,8,0
66,66,0,1,0,1,0,2
146,146,0,1,0,1,0,1
66,66,0,1,0,1,0,2
1473,920,553,9,137,6,3,0
235,90,145,2,33,1,1,0
70,70,0,1,0,1,0,2
70,70,0,1,0,1,0,2
274,132,142,5,15,3,2,0
62,62,0,1,0,1,0,1
314,128,186,6,18,3,3,0
66,66,0,1,0,1,0,2
1515,481,1034,11,15,6,5,0
193,102,91,2,30,1,1,0
194,99,95,2,30,1,1,0
363,109,254,4,46,2,2,0
70,70,0,1,0,1,0,2
62,62,0,1,0,1,0,1
227,110,117,2,30,1,1,0
1462,965,497,13,18,7,6,0
257837,37453,220384,446,952,175,271,0
6385,1090,5295,18,33,10,8,0
183,94,89,2,29,1,1,0
62,62,0,1,0,1,0,1
100,100,0,1,0,1,0,1
70,70,0,1,4,1,0,0
179,94,85,2,30,1,1,0
62,62,0,1,0,1,0,1
70,70,0,1,0,1,0,2
86,86,0,1,30,1,0,0
72,72,0,1,0,1,0,1
184,94,90,2,30,1,1,0
82,82,0,1,0,1,0,1
62,62,0,1,0,1,0,1
547,97,450,4,40,2,2,0
168,86,82,2,31,1,1,0
257777,12962,244815,347,41,162,185,0
70,70,0,2,8,2,0,0
66,66,0,1,0,1,0,1
132,132,0,3,1199,3,0,0
9213,3751,5462,17,121,8,9,0
66,66,0,1,0,1,0,2
3488,1774,1714,17,33,9,8,0
70,70,0,1,5,1,0,0
62,62,0,1,0,1,0,1
66,66,0,1,0,1,0,1
318,192,126,6,37,4,2,0
244,102,142,2,29,1,1,0
70,70,0,1,0,1,0,2
1009,506,503,10,16,5,5,0
66,66,0,1,0,1,0,1
6250,1422,4828,20,17,10,10,0
200,102,98,2,30,1,1,0
60,60,0,1,0,1,0,1
767,102,665,2,29,1,1,0
252,252,0,3,2,3,0,0
66,66,0,1,0,1,0,1
62,62,0,1,0,1,0,1
66,66,0,1,91,1,0,0
424,198,226,7,141,4,3,0
8322,2585,5737,23,16,12,11,0
183,94,89,2,30,1,1,0
70,70,0,1,0,1,0,2
66,66,0,1,0,1,0,2
6668,1926,4742,20,15,11,9,0
1402,910,492,11,360,6,5,0
66,66,0,1,0,1,0,1
62,62,0,1,0,1,0,1
128791,11254,117537,141,132,48,93,0
179,94,85,2,30,1,1,0
184,94,90,2,30,1,1,0
62,62,0,1,0,1,0,1
62,62,0,1,0,1,0,1
62,62,0,1,0,1,0,1
239,102,137,2,30,1,1,0
330,330,0,6,1199,6,0,0
62,62,0,1,0,1,0,1
70,70,0,1,4,1,0,0
1574,921,653,14,15,7,7,0
182,93,89,2,30,1,1,0
70,70,0,1,0,1,0,2
199,102,97,2,30,1,1,0
66,66,0,1,0,1,0,1
66,66,0,1,0,1,0,2
6120028,157580,5962448,6108,75,2083,4025,0
9973,1941,8032,38,121,19,19,0
70,70,0,1,5,1,0,0
62,62,0,1,0,1,0,1
66,66,0,1,0,1,0,2
70,70,0,1,0,1,0,2
130,66,64,2,5,1,1,0
390,111,279,4,53,2,2,0
790,110,680,2,30,1,1,0
19477,14323,5154,45,309,22,23,0
194,128,66,4,55,3,1,0
450,246,204,8,141,5,3,0
66,66,0,1,0,1,0,1
70,70,0,1,0,1,0,2
60,60,0,1,0,1,0,1
5702,1143,4559,21,41,12,9,0
66,66,0,1,0,1,0,1
183,94,89,2,29,1,1,0
70,70,0,1,0,1,0,2
8592,3700,4892,39,108,21,18,0
60,60,0,1,0,1,0,1
1114,534,580,12,15,7,5,0
70,70,0,1,0,1,0,2
263,78,185,2,29,1,1,0
6133,1655,4478,12,119,5,7,0
1775,169,1606,7,120,3,4,0
66,66,0,1,0,1,0,1
3235,1448,1787,26,811,8,18,0
274,87,187,4,31,2,2,0
66,66,0,1,0,1,0,2
146,146,0,1,0,1,0,1
5120,3761,1359,21,49,12,9,0
66,66,0,1,0,1,0,2
62,62,0,1,0,1,0,1
1786,172,1614,7,120,3,4,0
184,94,90,2,30,1,1,0
14891,3970,10921,32,33,15,17,0
215,86,129,2,30,1,1,0
62,62,0,1,0,1,0,1
66,66,0,1,0,1,0,2
1721,681,1040,22,17,10,12,0
70,70,0,1,0,1,0,2
414,268,146,3,31,2,1,0
233,90,143,2,32,1,1,0
70,70,0,1,0,1,0,2
228,97,131,2,30,1,1,0
66,66,0,1,0,1,0,1
62,62,0,1,0,1,0,1
70,70,0,1,0,1,0,2
66,66,0,1,0,1,0,2
195,102,93,2,30,1,1,0
62,62,0,1,0,1,0,1
341,102,239,4,37,2,2,0
62,62,0,1,0,1,0,1
10556,3559,6997,38,82,21,17,0
8007,1987,6020,20,15,11,9,0
70,70,0,1,0,1,0,2
83,83,0,1,0,1,0,1
5464,713,4751,15,16,8,7,0
66,66,0,1,0,1,0,1
748,106,642,2,30,1,1,0
66,66,0,1,0,1,0,1
5427,3497,1930,23,141,13,10,0
138,78,60,2,6,1,1,0
62,62,0,1,0,1,0,1
70,70,0,1,4,1,0,0
66,66,0,1,0,1,0,1
3170,977,2193,13,135,6,7,0
183,94,89,2,30,1,1,0
944,529,415,11,315,6,5,0
4995,1414,3581,21,15,12,9,0
4805,3639,1166,16,31,9,7,0
62,62,0,1,0,1,0,1
2058,589,1469,10,45,6,4,0
215,98,117,2,29,1,1,0
883,126,757,2,30,1,1,0
7283,2586,4697,22,19,11,11,0
78,78,0,1,30,1,0,0
66,66,0,1,0,1,0,1
66,66,0,1,0,1,0,1
66,66,0,1,0,1,0,2
66,66,0,1,0,1,0,2
193,102,91,2,30,1,1,0
66,66,0,1,0,1,0,2
62,62,0,1,0,1,0,1
60,60,0,1,0,1,0,1
62,62,0,1,0,1,0,1
168,78,90,2,30,1,1,0
197,102,95,2,31,1,1,0
8007,3336,4671,19,78,11,8,0
9257,2079,7178,39,113,19,20,0
70,70,0,1,0,1,0,2
1536,1089,447,11,56,7,4,0
62,62,0,1,0,1,0,1
716,95,621,2,31,1,1,0
126,126,0,1,30,1,0,0
66,66,0,1,0,1,0,2
209,110,99,2,30,1,1,0
70,70,0,1,0,1,0,2
70,70,0,1,0,1,0,2
62,62,0,1,0,1,0,1
66,66,0,1,0,1,0,1
66,66,0,1,0,1,0,2
66,66,0,1,0,1,0,1
18924,5378,13546,33,18,19,14,0
62,62,0,1,0,1,0,1
177,94,83,2,30,1,1,0
1278,774,504,12,360,7,5,0
238,102,136,2,31,1,1,0
78,78,0,1,0,1,0,1
167,86,81,2,31,1,1,0
70,70,0,1,0,1,0,2
146,146,0,1,0,1,0,1
66,66,0,1,0,1,0,1
198,110,88,2,31,1,1,0
8623,1758,6865,36,28,17,19,0
10675,5079,5596,88,588,47,41,0
66,66,0,1,0,1,0,2
2668,870,1798,13,47,7,6,0
66,66,0,1,0,1,0,2
3182,1568,1614,8,120,4,4,0
70,70,0,1,4,1,0,0
164,70,94,2,5,1,1,0
195,102,93,2,30,1,1,0
8507,1945,6562,21,33,10,11,0
66,66,0,1,0,1,0,2
1614,1300,314,10,15,5,5,0
70,70,0,1,0,1,0,2
13709,1675,12034,25,31,11,14,0
212,110,102,2,30,1,1,0
480,149,331,2,1200,1,1,0
9735,2891,6844,36,82,17,19,0
196,102,94,2,30,1,1,0
94,94,0,1,30,1,0,0
177,94,83,2,30,1,1,0
66,66,0,1,0,1,0,2
8049,1560,6489,19,151,9,10,0
217,82,135,2,33,1,1,0
70,70,0,1,0,1,0,2
66,66,0,1,0,1,0,2
780,104,676,2,31,1,1,0
66,66,0,1,0,1,0,2
70,70,0,1,0,1,0,2
70,70,0,1,5,1,0,0
215,80,135,2,33,1,1,0
3413,1458,1955,16,18,8,8,0
1147,660,487,11,17,7,4,0
270,95,175,4,60,2,2,0
70,70,0,1,0,1,0,2
630,264,366,10,44,5,5,0
70,70,0,1,0,1,0,2
70,70,0,1,0,1,0,2
70,70,0,1,0,1,0,2
238,94,144,2,30,1,1,0
70,70,0,1,0,1,0,2
62,62,0,1,0,1,0,1
66,66,0,1,0,1,0,2
60,60,0,1,0,1,0,1
10135129,248530,9886599,9808,64,3124,6684,0
70,70,0,1,0,1,0,2
4286,2261,2025,20,17,11,9,0
3130,2290,840,15,135,8,7,0
70,70,0,1,0,1,0,2
66,66,0,1,0,1,0,1
70,70,0,2,7,2,0,0
28942,2526,26416,39,25,16,23,0
70,70,0,1,0,1,0,2
258,70,188,4,8,2,2,0
9462,6402,3060,32,394,11,21,0
178,94,84,2,30,1,1,0
448,78,370,6,25,1,5,0
62,62,0,1,0,1,0,1
3473,881,2592,13,121,6,7,0
916,86,830,2,30,1,1,0
19134,7361,11773,40,148,19,21,0
70,70,0,1,0,1,0,2
182,94,88,2,30,1,1,0
66,66,0,1,0,1,0,1
198,101,97,2,30,1,1,0
9285,4057,5228,80,45,39,41,0
146299,21774,124525,246,141,98,148,0
70,70,0,1,0,1,0,2
1778,1219,559,13,26,8,5,0
168,78,90,2,30,1,1,0
802,104,698,2,31,1,1,0
387,134,253,2,30,1,1,0
62,62,0,1,0,1,0,1
15449,1976,13473,32,16,16,16,0
711,87,624,2,31,1,1,0
1704,799,905,11,83,6,5,0
168,86,82,2,30,1,1,0
70,70,0,1,5,1,0,0
4530,2856,1674,62,2421,35,27,0
318,192,126,6,25,4,2,0
62,62,0,1,0,1,0,1
4363,1298,3065,17,127,8,9,0
216,82,134,2,32,1,1,0
70,70,0,1,0,1,0,2
216,110,106,2,29,1,1,0
66,66,0,1,0,1,0,2
70,70,0,1,5,1,0,0
70,70,0,1,0,1,0,2
168,78,90,2,30,1,1,0
177,94,83,2,30,1,1,0
7236,827,6409,17,25,8,9,0
9829,2313,7516,37,25,19,18,0
130,70,60,2,15,1,1,0
22508,1965,20543,32,17,13,19,0
70,70,0,1,0,1,0,2
265868,5026,260842,277,24,75,202,0
19635,9923,9712,165,588,72,93,0
66,66,0,1,0,1,0,2
525,110,415,4,43,2,2,0
146,146,0,1,0,1,0,1
16276,14463,1813,33,95,20,13,0
330,330,0,6,3609,6,0,0
216,110,106,2,31,1,1,0
37629,3025,34604,51,24,22,29,0
15867,8841,7026,29,29,16,13,0
70,70,0,1,0,1,0,2
22495,1895,20600,33,27,15,18,0
62,62,0,1,0,1,0,1
6352,1552,4800,23,17,12,11,0
316,190,126,5,15,3,2,0
312,94,218,2,30,1,1,0
148,148,0,1,0,1,0,1
26903,3579,23324,72,278,33,39,0
66,66,0,1,0,1,0,1
184,94,90,2,30,1,1,0
62,62,0,1,0,1,0,1
4371,2036,2335,18,24,10,8,0
62,62,0,1,0,1,0,1
552,306,246,9,17,5,4,0
7418,2721,4697,23,20,12,11,0
62,62,0,1,0,1,0,1
78,78,0,1,5,1,0,0
62,62,0,1,0,1,0,1
756,95,661,2,31,1,1,0
4365,2581,1784,20,32,11,9,0
175212,28668,146544,186,180,69,117,0
267,94,173,4,59,2,2,0
5854,1148,4706,18,23,10,8,0
8080,2630,5450,24,45,12,12,0
70,70,0,1,0,1,0,2
5167,700,4467,16,15,7,9,0
70,70,0,1,0,1,0,2
5382,1353,4029,19,135,10,9,0
66,66,0,1,0,1,0,1
9619,6442,3177,33,122,15,18,0
630,444,186,9,16,6,3,0
454,262,192,8,38,5,3,0
62,62,0,1,0,1,0,1
1636,827,809,18,43,10,8,0
8654,2150,6504,20,15,11,9,0
167,86,81,2,29,1,1,0
1366,865,501,8,15,5,3,0
193,102,91,2,30,1,1,0
70,70,0,1,0,1,0,2
70,70,0,1,0,1,0,2
6438,2646,3792,18,37,11,7,0
60,60,0,1,0,1,0,1
1143,401,742,9,360,5,4,0
3910,1805,2105,20,18,12,8,0
181,94,87,2,30,1,1,0
391,102,289,2,30,1,1,0
181,94,87,2,29,1,1,0
66,66,0,1,0,1,0,2
66,66,0,1,0,1,0,2
7702,2155,5547,19,39,11,8,0
698,320,378,10,17,6,4,0
168,86,82,2,29,1,1,0
7292,1489,5803,21,187,11,10,0
1853,1214,639,18,142,11,7,0
70,70,0,1,0,1,0,2
66,66,0,1,0,1,0,1
304,86,218,2,30,1,1,0
6840,1394,5446,29,270,14,15,0
8937,5785,3152,26,16,14,12,0
762,98,664,2,31,1,1,0
9683,2173,7510,35,26,17,18,0
60,60,0,1,0,1,0,1
1105,624,481,13,316,7,6,0
70,70,0,1,0,1,0,2
146,146,0,1,0,1,0,1
66,66,0,1,0,1,0,2
66,66,0,1,0,1,0,2
76066,3663,72403,92,24,40,52,0
66,66,0,1,0,1,0,2
70,70,0,1,0,1,0,2
62,62,0,1,0,1,0,1
66,66,0,1,0,1,0,2
215,94,121,2,30,1,1,0
199,102,97,2,29,1,1,0
148,148,0,1,0,1,0,1
184,94,90,2,30,1,1,0
109,109,0,1,0,1,0,1
1638,1324,314,10,14,5,5,0
62,62,0,1,0,1,0,1
263,94,169,2,30,1,1,0
62,62,0,1,0,1,0,1
66,66,0,1,0,1,0,2
1569,1044,525,14,94,9,5,0
70,70,0,2,8,2,0,0
66,66,0,1,0,1,0,1
638,350,288,10,26,6,4,0
66,66,0,1,0,1,0,1
3310,1535,1775,15,15,8,7,0
178,94,84,2,30,1,1,0
70,70,0,1,4,1,0,0
66,66,0,1,0,1,0,1
70,70,0,1,0,1,0,2
1466,729,737,12,16,7,5,0
5108,700,4408,15,15,7,8,0
62,62,0,1,0,1,0,1
62,62,0,1,0,1,0,1
70,70,0,1,0,1,0,2
4876,2522,2354,22,83,13,9,0
70,70,0,1,0,1,0,2
318,192,126,6,38,4,2,0
3314,1478,1836,16,41,9,7,0
78,78,0,1,30,1,0,0
30068,3203,26865,43,35,19,24,0
70,70,0,1,0,1,0,2
281,98,183,4,56,2,2,0
196,102,94,2,29,1,1,0
199,102,97,2,30,1,1,0
70,70,0,1,0,1,0,2
60,60,0,1,0,1,0,1
70,70,0,1,0,1,0,2
66,66,0,1,0,1,0,1
60,60,0,1,0,1,0,1
70,70,0,1,0,1,0,2
66,66,0,1,0,1,0,2
146,146,0,1,0,1,0,1
37541,4945,32596,69,127,31,38,0
168,86,82,2,29,1,1,0
195,102,93,2,30,1,1,0
26504,10384,16120,58,48,37,21,0
62,62,0,1,0,1,0,1
338,110,228,2,30,1,1,0
66,66,0,1,0,1,0,2
62,62,0,1,0,1,0,1
62,62,0,1,0,1,0,1
70,70,0,1,0,1,0,2
174,89,85,2,30,1,1,0
145,145,0,1,0,1,0,1
177,94,83,2,29,1,1,0
66,66,0,1,0,1,0,1
4379,2565,1814,24,81,11,13,0
62,62,0,1,0,1,0,1
70,70,0,1,5,1,0,0
70,70,0,1,0,1,0,2
62,62,0,1,0,1,0,1
422,164,258,6,30,3,3,0
3521,516,3005,12,15,6,6,0
70,70,0,1,0,1,0,2
6639,3918,2721,16,135,8,8,0
62,62,0,1,0,1,0,1
66,66,0,1,0,1,0,1
200,94,106,2,30,1,1,0
66,66,0,1,0,1,0,1
194,102,92,2,30,1,1,0
70,70,0,1,0,1,0,2
66,66,0,1,0,1,0,1
790,110,680,2,30,1,1,0
4346,1212,3134,13,120,6,7,0
66,66,0,1,0,1,0,1
6848,769,6079,17,15,9,8,0
137,137,0,1,0,1,0,1
66,66,0,1,0,1,0,1
217,75,142,4,30,2,2,0
1717,1129,588,17,25,10,7,0
751,455,296,8,125,5,3,0
66,66,0,1,0,1,0,2
6285,839,5446,19,25,10,9,0
5576,1388,4188,19,15,9,10,0
499,425,74,4,0,3,1,0
70,70,0,1,0,1,0,2
3325,607,2718,11,45,6,5,0
70,70,0,1,0,1,0,2
70,70,0,1,0,1,0,2
70,70,0,1,0,1,0,2
243,94,149,2,30,1,1,0
70,70,0,1,0,1,0,2
243,118,125,2,30,1,1,0
199,94,105,2,30,1,1,0
6516,564,5952,16,25,7,9,0
66,66,0,1,0,1,0,1
66,66,0,1,0,1,0,2
70,70,0,1,0,1,0,2
386,134,252,2,30,1,1,0
70,70,0,2,8,2,0,0
199,94,105,2,30,1,1,0
404,259,145,3,32,2,1,0
214,140,74,4,35,3,1,0
60,60,0,1,0,1,0,1
62,62,0,1,0,1,0,1
199,102,97,2,30,1,1,0
5159,1080,4079,20,255,10,10,0
193,102,91,2,29,1,1,0
70,70,0,1,0,1,0,2
66,66,0,1,0,1,0,2
758,93,665,2,31,1,1,0
70,70,0,1,0,1,0,2
200,102,98,2,31,1,1,0
74,74,0,1,0,1,0,1
72,72,0,1,0,1,0,1
466,192,274,6,83,3,3,0
7219,2522,4697,21,20,10,11,0
66,66,0,1,0,1,0,2
70,70,0,1,5,1,0,0
200,102,98,2,31,1,1,0
66,66,0,1,0,1,0,1
17806,3169,14637,41,86,18,23,0
62,62,0,1,0,1,0,1
6376,2499,3877,20,16,10,10,0
8715,1814,6901,26,29,15,11,0
66,66,0,1,0,1,0,1
1559,762,797,14,30,7,7,0
181,94,87,2,33,1,1,0
168,86,82,2,30,1,1,0
66,66,0,1,0,1,0,2
66,66,0,1,0,1,0,1
62,62,0,1,0,1,0,1
70,70,0,2,5,2,0,0
66,66,0,1,0,1,0,2
789,110,679,2,30,1,1,0
66,66,0,1,0,1,0,2
214,110,104,2,30,1,1,0
66,66,0,1,0,1,0,2
66,66,0,1,5,1,0,0
5584,1390,4194,19,15,9,10,0
70,70,0,1,0,1,0,2
70,70,0,1,0,1,0,2
62,62,0,1,0,1,0,1
60,60,0,1,0,1,0,1
420,110,310,2,30,1,1,0
60,60,0,1,0,1,0,1
94524,4465,90059,126,45,56,70,0
66,66,0,1,0,1,0,2
70,70,0,1,0,1,0,2
7375,4769,2606,24,16,14,10,0
190,70,120,4,15,2,2,0
27723,5572,22151,59,46,31,28,0
200,90,110,2,30,1,1,0
70,70,0,1,0,1,0,2
62,62,0,1,0,1,0,1
330,330,0,6,1200,6,0,0
70,70,0,1,0,1,0,2
270,88,182,4,54,2,2,0
66,66,0,1,0,1,0,1
301,108,193,4,55,2,2,0
66,66,0,1,0,1,0,1
62,62,0,1,0,1,0,1
221,94,127,2,30,1,1,0
70,70,0,2,7,2,0,0
66,66,0,1,0,1,0,1
316,136,180,6,6,3,3,0
66,66,0,1,0,1,0,2
2967,876,2091,11,120,5,6,0
70,70,0,1,0,1,0,2
5107,700,4407,15,15,7,8,0
66,66,0,1,0,1,0,2
274,88,186,4,35,2,2,0
320255,9207,311048,343,117,107,236,0
168,78,90,2,31,1,1,0
6987,2005,4982,18,16,9,9,0
173,94,79,2,30,1,1,0
803,390,413,9,71,5,4,0
60,60,0,1,0,1,0,1
1550,850,700,10,18,5,5,0
253,87,166,4,44,2,2,0
2424,258,2166,9,120,4,5,0
3190,1599,1591,17,142,9,8,0
311000,8576,302424,319,175,103,216,0
8177,3420,4757,23,124,11,12,0
70,70,0,1,5,1,0,0
235,90,145,2,31,1,1,0
66,66,0,1,0,1,0,1
60,60,0,1,0,1,0,1
37389,3972,33417,69,133,32,37,0
70,70,0,1,0,1,0,2
11360,8326,3034,36,22,19,17,0
70,70,0,1,0,1,0,2
5828,1439,4389,16,75,9,7,0
225,78,147,2,30,1,1,0
12605,5558,7047,42,101,18,24,0
4168,1128,3040,14,121,7,7,0
212,110,102,2,30,1,1,0
66,66,0,1,0,1,0,1
70,70,0,1,0,1,0,2
62,62,0,1,0,1,0,1
195,102,93,2,30,1,1,0
378,192,186,7,21,4,3,0
70,70,0,1,5,1,0,0
696,152,544,11,48,3,8,0
66,66,0,1,0,1,0,1
177,94,83,2,30,1,1,0
1366,865,501,8,15,5,3,0
9191,2003,7188,25,100,13,12,0
245,94,151,2,29,1,1,0
7670,2131,5539,30,27,15,15,0
238,118,120,2,1199,1,1,0
62,62,0,1,0,1,0,1
70,70,0,1,0,1,0,2
70,70,0,1,0,1,0,2
62,62,0,1,0,1,0,1
70,70,0,1,0,1,0,2
244,98,146,2,32,1,1,0
816,228,588,8,29,4,4,0
1222,747,475,10,23,5,5,0
183,94,89,2,30,1,1,0
134,60,74,3,5,2,1,0
70,70,0,1,0,1,0,2
4145,1976,2169,22,18,13,9,0
790501,27378,763123,858,86,322,536,0
184,94,90,2,31,1,1,0
890,126,764,3,32,2,1,0
78,78,0,1,0,1,0,1
258,110,148,2,30,1,1,0
62,62,0,1,0,1,0,1
18460,3166,15294,34,32,18,16,0
12809,7765,5044,95,84,55,40,0
66,66,0,1,90,1,0,0
66,66,0,1,0,1,0,1
70,70,0,1,0,1,0,2
70,70,0,1,0,1,0,2
458,188,270,6,31,3,3,0
70,70,0,1,0,1,0,2
3672,1802,1870,25,129,10,15,0
291,86,205,2,30,1,1,0
181,94,87,2,30,1,1,0
62,62,0,1,0,1,0,1
512,166,346,2,30,1,1,0
66,66,0,1,0,1,0,1
148,148,0,1,0,1,0,1
164,84,80,2,31,1,1,0
62,62,0,1,0,1,0,1
66,66,0,1,0,1,0,1
3489,1534,1955,17,16,9,8,0
8661,2036,6625,40,256,19,21,0
66,66,0,1,0,1,0,2
66,66,0,1,0,1,0,1
60,60,0,1,0,1,0,1
70,70,0,2,8,2,0,0
199,102,97,2,30,1,1,0
177,94,83,2,29,1,1,0
768,510,258,9,21,5,4,0
62,62,0,1,0,1,0,1
168,78,90,2,30,1,1,0
8821,3228,5593,25,60,15,10,0
62,62,0,1,0,1,0,1
258,70,188,4,8,2,2,0
66,66,0,1,0,1,0,2
66,66,0,1,0,1,0,1
66,66,0,1,0,1,0,1
62,62,0,1,0,1,0,1
66,66,0,1,0,1,0,1
145,145,0,1,0,1,0,1
214,94,120,2,30,1,1,0
199,102,97,2,31,1,1,0
184,94,90,2,30,1,1,0
6370237,150385,6219852,6047,138,1688,4359,0
10614,5312,5302,25,91,14,11,0
222,78,144,2,30,1,1,0
66,66,0,1,0,1,0,2
70,70,0,1,0,1,0,2
62,62,0,1,0,1,0,1
726,726,0,12,1200,12,0,0
168,86,82,2,31,1,1,0
70,70,0,1,0,1,0,2
8883,4621,4262,76,191,47,29,0
232,172,60,3,5,2,1,0
192,98,94,2,30,1,1,0
66,66,0,1,0,1,0,2
66,66,0,1,0,1,0,1
70,70,0,2,8,2,0,0
1587,924,663,15,27,7,8,0
4982,3414,1568,19,362,9,10,0
62,62,0,1,0,1,0,1
105190,30835,74355,372,589,169,203,0
235,90,145,2,31,1,1,0
305,102,203,2,31,1,1,0
7978844,97517,7881327,6752,120,1393,5359,0
183,94,89,2,30,1,1,0
66,66,0,1,0,1,0,2
594,594,0,10,1199,10,0,0
770,102,668,2,30,1,1,0
4600,2214,2386,13,134,7,6,0
62,62,0,1,0,1,0,1
70,70,0,1,5,1,0,0
70,70,0,2,8,2,0,0
316,136,180,6,6,3,3,0
66,66,0,1,0,1,0,2
146,146,0,1,0,1,0,1
66,66,0,1,0,1,0,2
214,110,104,2,30,1,1,0
4741,1306,3435,26,300,14,12,0
1799,1224,575,13,26,8,5,0
3055,953,2102,23,50,10,13,0
70,70,0,1,0,1,0,2
168,86,82,2,30,1,1,0
66,66,0,1,0,1,0,2
10425,1383,9042,23,75,13,10,0
66,66,0,1,0,1,0,2
18848,10436,8412,42,33,20,22,0
167,86,81,2,30,1,1,0
183,94,89,2,31,1,1,0
324,150,174,2,1203,1,1,0
66,66,0,1,0,1,0,2
373876,52153,321723,424,87,185,239,0
62,62,0,1,0,1,0,1
172,94,78,2,30,1,1,0
194,87,107,2,31,1,1,0
70,70,0,2,7,2,0,0
341,110,231,2,29,1,1,0
250,102,148,2,31,1,1,0
70,70,0,1,0,1,0,2
62,62,0,1,0,1,0,1
177,94,83,2,30,1,1,0
57366,41661,15705,111,440,66,45,0
3358,1952,1406,16,360,8,8,0
159,159,0,1,0,1,0,1
62,62,0,1,0,1,0,1
62,62,0,1,0,1,0,1
196,94,102,2,30,1,1,0
183,94,89,2,30,1,1,0
70,70,0,1,0,1,0,2
8140,2222,5918,42,201,22,20,0
181,78,103,2,30,1,1,0
66,66,0,1,0,1,0,2
146,146,0,1,0,1,0,1
524,91,433,4,34,2,2,0
70,70,0,1,5,1,0,0
1548,265,1283,4,1200,2,2,0
179,94,85,2,30,1,1,0
146,146,0,1,0,1,0,1
62,62,0,1,0,1,0,1
2897,728,2169,10,121,5,5,0
66,66,0,1,0,1,0,2
62,62,0,1,0,1,0,1
66,66,0,1,0,1,0,1
66,66,0,1,0,1,0,1
62,62,0,1,0,1,0,1
504,318,186,8,15,5,3,0
8071,1789,6282,20,326,10,10,0
462,462,0,8,3631,8,0,0
179,94,85,2,30,1,1,0
70,70,0,1,0,1,0,2
66,66,0,1,0,1,0,2
187,187,0,1,0,1,0,1
62,62,0,1,0,1,0,1
70,70,0,1,0,1,0,2
78,78,0,1,30,1,0,0
1415,689,726,3,31,2,1,0
5197,3181,2016,50,261,26,24,0
25617,6531,19086,87,220,46,41,0
74,74,0,1,0,1,0,1
66,66,0,1,0,1,0,1
880,126,754,2,30,1,1,0
62,62,0,1,0,1,0,1
62,62,0,1,0,1,0,1
70,70,0,1,0,1,0,2
62,62,0,1,0,1,0,1
70,70,0,1,0,1,0,2
70,70,0,1,0,1,0,2
162,162,0,1,0,1,0,1
146,146,0,1,0,1,0,1
742,88,654,2,30,1,1,0
226,90,136,2,30,1,1,0
10788,6521,4267,61,134,31,30,0
62,62,0,1,0,1,0,1
139,139,0,1,0,1,0,3
227,88,139,2,30,1,1,0
62,62,0,1,0,1,0,1
1090,712,378,16,26,10,6,0
66,66,0,1,0,1,0,1
70,70,0,1,4,1,0,0
6273,1375,4898,18,127,9,9,0
460,150,310,2,1199,1,1,0
9358,2304,7054,39,120,20,19,0
291,171,120,4,16,2,2,0
166,85,81,2,30,1,1,0
182,93,89,2,31,1,1,0
1638,1324,314,10,16,5,5,0
66,66,0,1,0,1,0,1
70,70,0,1,0,1,0,2
62,62,0,1,0,1,0,1
142,142,0,1,4,1,0,0
177,94,83,2,30,1,1,0
8602,2308,6294,23,82,13,10,0
770,101,669,2,30,1,1,0
200,102,98,2,30,1,1,0
66,66,0,1,0,1,0,1
9844,4554,5290,24,92,13,11,0
11883,1419,10464,26,127,11,15,0
11181,3795,7386,50,20,23,27,0
10206,2218,7988,36,4265,18,18,0
133,133,0,1,0,1,0,1
66,66,0,1,0,1,0,1
70,70,0,1,0,1,0,2
330,330,0,6,1200,6,0,0
344,94,250,2,30,1,1,0
816,97,719,2,31,1,1,0
70,70,0,1,0,1,0,2
146,146,0,1,0,1,0,1
875,126,749,3,32,2,1,0
70,70,0,1,0,1,0,2
168,86,82,2,30,1,1,0
48356,4069,44287,55,48,19,36,0
167,86,81,2,30,1,1,0
9085,2222,6863,39,125,19,20,0
146,146,0,1,0,1,0,1
66,66,0,1,0,1,0,2
209,110,99,2,30,1,1,0
13459,1604,11855,27,66,14,13,0
2703,632,2071,12,22,7,5,0
194,102,92,2,30,1,1,0
70,70,0,1,0,1,0,2
98,98,0,1,0,1,0,1
62,62,0,1,0,1,0,1
28717,3437,25280,45,23,23,22,0
70,70,0,1,0,1,0,2
66,66,0,1,0,1,0,1
199,102,97,2,30,1,1,0
2395,1145,1250,13,16,6,7,0
70,70,0,1,5,1,0,0
30773,9123,21650,90,104,48,42,0
66,66,0,1,0,1,0,2
78,78,0,2,8,2,0,0
66,66,0,1,0,1,0,1
70,70,0,1,4,1,0,0
96091,8340,87751,159,205,75,84,0
66,66,0,1,0,1,0,1
186,78,108,2,29,1,1,0
62,62,0,1,0,1,0,1
1626,126,1500,4,31,2,2,0
1680,1210,470,9,15,5,4,0
70,70,0,1,0,1,0,2
182,93,89,2,30,1,1,0
150,150,0,1,1200,1,0,0
1411,852,559,13,25,7,6,0
180,94,86,2,30,1,1,0
62,62,0,1,0,1,0,1
243,94,149,2,31,1,1,0
83,83,0,1,0,1,0,1
199,102,97,2,31,1,1,0
2614,1689,925,18,19,10,8,0
70,70,0,1,5,1,0,0
190565,9979,180586,272,244,140,132,0
2372,1143,1229,21,82,10,11,0
62,62,0,1,0,1,0,1
183,94,89,2,29,1,1,0
62,62,0,1,0,1,0,1
4499,947,3552,14,25,8,6,0
145,145,0,1,0,1,0,1
168,78,90,2,30,1,1,0
288,110,178,2,29,1,1,0
1352,625,727,8,75,5,3,0
18198,13269,4929,47,324,20,27,0
70,70,0,1,0,1,0,2
70,70,0,1,0,1,0,2
744,89,655,2,31,1,1,0
146,146,0,1,0,1,0,1
70,70,0,1,0,1,0,2
66,66,0,1,0,1,0,1
145,145,0,1,0,1,0,1
177,94,83,2,30,1,1,0
323,150,173,2,1200,1,1,0
12979,4609,8370,27,25,15,12,0
62,62,0,1,0,1,0,1
5206,3832,1374,23,25,13,10,0
4365,2581,1784,20,33,11,9,0
6551,2085,4466,25,85,14,11,0
195,102,93,2,31,1,1,0
60,60,0,1,0,1,0,1
1711,698,1013,14,17,6,8,0
66,66,0,1,0,1,0,2
70,70,0,1,0,1,0,2
66,66,0,1,0,1,0,2
66,66,0,1,0,1,0,2
642,338,304,10,32,6,4,0
62,62,0,1,0,1,0,1
70,70,0,1,0,1,0,2
60,60,0,1,0,1,0,1
161,161,0,1,1200,1,0,0
66,66,0,1,0,1,0,2
66,66,0,1,0,1,0,1
183,86,97,2,29,1,1,0
62,62,0,1,0,1,0,1
178,94,84,2,30,1,1,0
348780,9144,339636,358,32,123,235,0
6997,1773,5224,27,17,15,12,0
70,70,0,1,0,1,0,2
214,110,104,2,30,1,1,0
70,70,0,1,0,1,0,2
146,146,0,1,0,1,0,1
66,66,0,1,0,1,0,2
8706,2289,6417,22,19,13,9,0
66,66,0,1,0,1,0,2
62,62,0,1,0,1,0,1
62,62,0,1,0,1,0,1
70,70,0,2,8,2,0,0
62,62,0,1,0,1,0,1
152,78,74,2,30,1,1,0
177,94,83,2,30,1,1,0
490,149,341,2,1200,1,1,0
205,81,124,2,30,1,1,0
245772,8639,237133,291,66,103,188,0
110,110,0,1,30,1,0,0
66,66,0,1,0,1,0,1
324,89,235,4,31,2,2,0
742,88,654,2,30,1,1,0
246,102,144,2,31,1,1,0
10055,1184,8871,21,76,9,12,0
66,66,0,1,0,1,0,1
70,70,0,1,5,1,0,0
62,62,0,1,0,1,0,1
214,110,104,2,30,1,1,0
336,110,226,2,30,1,1,0
70,70,0,1,0,1,0,2
7398,2209,5189,23,35,11,12,0
6882,1377,5505,19,151,9,10,0
297,83,214,2,30,1,1,0
62,62,0,1,0,1,0,1
66,66,0,1,0,1,0,2
66,66,0,1,0,1,0,2
60,60,0,1,0,1,0,1
66,66,0,1,0,1,0,2
66,66,0,1,0,1,0,2
62,62,0,1,0,1,0,1
66,66,0,1,0,1,0,1
177,94,83,2,31,1,1,0
66,66,0,1,0,1,0,2
734,94,640,2,31,1,1,0
145,145,0,1,0,1,0,1
70,70,0,1,0,1,0,2
70,70,0,1,0,1,0,2
168,78,90,2,29,1,1,0
62,62,0,1,0,1,0,1
2227,1018,1209,17,16,8,9,0
88,88,0,1,0,1,0,1
946,531,415,11,296,6,5,0
258,70,188,4,7,2,2,0
2452,680,1772,9,17,6,3,0
70,70,0,1,5,1,0,0
879,126,753,2,30,1,1,0
70,70,0,1,0,1,0,2
12826704,145724,12680980,10558,133,2024,8534,0
60,60,0,1,0,1,0,1
164,78,86,2,30,1,1,0
66,66,0,1,0,1,0,1
6765,1108,5657,17,18,10,7,0
214,82,132,2,30,1,1,0
164,84,80,2,31,1,1,0
70,70,0,1,0,1,0,2
200,102,98,2,30,1,1,0
66,66,0,1,0,1,0,1
62,62,0,1,0,1,0,1
146,146,0,1,0,1,0,1
172,88,84,2,30,1,1,0
3109,812,2297,13,136,6,7,0
184,94,90,2,29,1,1,0
889,126,763,2,30,1,1,0
12934,1419,11515,27,127,11,16,0
64407,55712,8695,92,364,58,34,0
172,88,84,2,30,1,1,0
66,66,0,1,0,1,0,1
70,70,0,1,0,1,0,2
774099,15769,758330,743,16,223,520,0
70,70,0,1,0,1,0,2
218,81,137,2,31,1,1,0
1601,902,699,8,387,5,3,0
70,70,0,1,5,1,0,0
184,94,90,2,30,1,1,0
7422,1563,5859,32,53,15,17,0
66,66,0,1,0,1,0,2
2243,1115,1128,14,152,7,7,0
193,102,91,2,31,1,1,0
851,114,737,2,30,1,1,0
70,70,0,1,0,1,0,2
70,70,0,2,8,2,0,0
1299,730,569,13,25,7,6,0
2746,1487,1259,21,2495,14,7,0
184,102,82,2,30,1,1,0
70,70,0,1,0,1,0,2
66,66,0,1,0,1,0,1
66,66,0,1,0,1,0,2
179,94,85,2,30,1,1,0
66,66,0,1,0,1,0,1
70,70,0,2,8,2,0,0
66,66,0,1,0,1,0,1
199,102,97,2,30,1,1,0
66,66,0,1,0,1,0,1
199,102,97,2,30,1,1,0
4378,1471,2907,19,29,11,8,0
197,102,95,2,31,1,1,0
216,110,106,2,31,1,1,0
62,62,0,1,0,1,0,1
62,62,0,1,0,1,0,1
211,102,109,2,30,1,1,0
62,62,0,1,0,1,0,1
318,192,126,6,26,4,2,0
25979,7217,18762,36,15,19,17,0
70,70,0,1,0,1,0,2
156,156,0,2,0,2,0,1
13780884,170419,13610465,11542,134,2387,9155,0
70,70,0,1,0,1,0,2
62,62,0,1,0,1,0,1
66,66,0,1,0,1,0,1
350,210,140,6,16,4,2,0
212,102,110,2,31,1,1,0
2337,1394,943,17,275,9,8,0
70,70,0,1,0,1,0,2
70,70,0,1,0,1,0,2
177,94,83,2,30,1,1,0
190,97,93,2,31,1,1,0
70,70,0,1,0,1,0,2
146,146,0,1,0,1,0,1
639,86,553,2,31,1,1,0
70,70,0,1,0,1,0,2
8630,2126,6504,20,15,11,9,0
66,66,0,1,0,1,0,2
70,70,0,2,8,2,0,0
200,102,98,2,30,1,1,0
199,102,97,2,30,1,1,0
888019,22655,865364,902,18,322,580,0
164,70,94,3,7,2,1,0
108922,4633,104289,194,16,66,128,0
180,94,86,2,30,1,1,0
70,70,0,1,5,1,0,0
66,66,0,1,0,1,0,2
1622,126,1496,4,31,2,2,0
250,78,172,2,30,1,1,0
66,66,0,1,0,1,0,2
15334,4707,10627,28,24,14,14,0
6959,2024,4935,14,148,8,6,0
66,66,0,1,0,1,0,2
70,70,0,1,0,1,0,2
88,88,0,1,0,1,0,1
13342,1221,12121,33,41,15,18,0
453,186,267,6,30,3,3,0
18159,12786,5373,34,270,19,15,0
70,70,0,1,0,1,0,2
17406,8237,9169,53,165,21,32,0
73,73,0,1,0,1,0,1
138,78,60,2,5,1,1,0
62,62,0,1,0,1,0,1
70,70,0,1,0,1,0,2
62,62,0,1,0,1,0,1
760,97,663,2,30,1,1,0
366,240,126,7,26,5,2,0
66,66,0,1,0,1,0,2
884,529,355,10,255,6,4,0
209,81,128,2,30,1,1,0
3311,1069,2242,13,135,6,7,0
235,90,145,2,33,1,1,0
6155,1819,4336,18,181,8,10,0
66,66,0,1,0,1,0,1
24437,12718,11719,41,15,16,25,0
222,90,132,2,30,1,1,0
41846,1261,40585,45,75,13,32,0
70,70,0,1,0,1,0,2
66,66,0,1,0,1,0,2
62,62,0,1,0,1,0,1
66,66,0,1,0,1,0,1
66,66,0,1,0,1,0,1
194,94,100,2,30,1,1,0
323,94,229,2,30,1,1,0
228,94,134,2,30,1,1,0
234,234,0,4,12,4,0,0
66,66,0,1,0,1,0,2
215,102,113,2,30,1,1,0
62,62,0,1,0,1,0,1
62,62,0,1,0,1,0,1
1149,709,440,13,38,8,5,0
70,70,0,1,0,1,0,2
66,66,0,1,0,1,0,1
125395,8711,116684,178,143,83,95,0
62,62,0,1,0,1,0,1
2725,1228,1497,24,90,13,11,0
18274,7660,10614,46,48,26,20,0
60,60,0,1,0,1,0,1
1130,613,517,11,15,6,5,0
91,91,0,1,30,1,0,0
66,66,0,1,0,1,0,1
142,142,0,1,5,1,0,0
193,102,91,2,29,1,1,0
184,94,90,2,30,1,1,0
183,94,89,2,30,1,1,0
62,62,0,1,0,1,0,1
8309,949,7360,19,75,9,10,0
70,70,0,2,9,2,0,0
60,60,0,1,0,1,0,1
66,66,0,1,0,1,0,2
198,102,96,2,30,1,1,0
70,70,0,1,0,1,0,2
233,85,148,2,30,1,1,0
60,60,0,1,0,1,0,1
66,66,0,1,0,1,0,2
481,150,331,2,1199,1,1,0
749,94,655,2,29,1,1,0
210,110,100,2,30,1,1,0
7434,3830,3604,17,30,9,8,0
20873,1203,19670,30,21,13,17,0
70,70,0,1,30,1,0,0
389,134,255,2,29,1,1,0
285,94,191,2,31,1,1,0
62,62,0,1,0,1,0,1
7889,1900,5989,20,14,11,9,0
6029,3652,2377,79,3221,45,34,0
193,102,91,2,30,1,1,0
137,137,0,1,0,1,0,1
711,87,624,2,30,1,1,0
98,98,0,1,0,1,0,1
70,70,0,1,0,1,0,2
62,62,0,1,0,1,0,1
5759,1721,4038,20,78,11,9,0
5529,713,4816,15,15,8,7,0
66,66,0,1,0,1,0,1
900,110,790,2,30,1,1,0
66,66,0,1,0,1,0,1
855,126,729,2,29,1,1,0
33924,26047,7877,73,403,33,40,0
5037,1911,3126,18,86,10,8,0
279,96,183,4,58,2,2,0
62,62,0,1,0,1,0,1
70,70,0,1,0,1,0,2
871,126,745,2,29,1,1,0
499,425,74,4,1,3,1,0
143,143,0,1,0,1,0,1
126525,6370,120155,147,22,56,91,0
70,70,0,1,0,1,0,2
70,70,0,1,5,1,0,0
502,150,352,2,1200,1,1,0
405,285,120,5,15,3,2,0
8059,2039,6020,20,15,11,9,0
66,66,0,1,0,1,0,1
8176,1443,6733,20,15,10,10,0
231,90,141,2,30,1,1,0
62,62,0,1,0,1,0,1
1768,1034,734,16,65,8,8,0
146,146,0,1,0,1,0,1
535,163,372,2,1200,1,1,0
212,102,110,2,30,1,1,0
382,95,287,4,48,2,2,0
8005,1985,6020,20,15,11,9,0
70,70,0,1,0,1,0,2
70,70,0,1,5,1,0,0
62,62,0,1,0,1,0,1
560,280,280,9,25,5,4,0
70,70,0,2,8,2,0,0
66,66,0,1,0,1,0,2
368,160,208,6,33,3,3,0
146,146,0,1,0,1,0,1
66,66,0,1,0,1,0,1
182,93,89,2,30,1,1,0
260,86,174,2,30,1,1,0
2058,589,1469,10,46,6,4,0
258,102,156,2,30,1,1,0
1778,1386,392,8,30,4,4,0
10148,1458,8690,23,25,11,12,0
70,70,0,1,0,1,0,2
70,70,0,1,0,1,0,2
261,102,159,2,30,1,1,0
62,62,0,1,0,1,0,1
70,70,0,1,0,1,0,2
66,66,0,1,0,1,0,2
62,62,0,1,0,1,0,1
62,62,0,1,0,1,0,1
177,94,83,2,30,1,1,0
214,140,74,4,15,3,1,0
62,62,0,1,0,1,0,1
60,60,0,1,0,1,0,1
148,148,0,1,0,1,0,1
60,60,0,1,0,1,0,1
66,66,0,1,0,1,0,2
197,102,95,2,31,1,1,0
145,145,0,1,0,1,0,1
1786,172,1614,7,120,3,4,0
182,93,89,2,30,1,1,0
6673,4335,2338,22,16,11,11,0
62,62,0,1,0,1,0,1
46502,33690,12812,93,234,55,38,0
66,66,0,1,0,1,0,1
194,102,92,2,30,1,1,0
6131,1399,4732,20,983,10,10,0
190,70,120,4,15,2,2,0
70,70,0,1,5,1,0,0
62,62,0,1,0,1,0,1
70,70,0,1,5,1,0,0
74,74,0,1,0,1,0,1
20480,2066,18414,37,17,19,18,0
1313,876,437,11,26,6,5,0
177,94,83,2,29,1,1,0
70,70,0,1,0,1,0,2
66,66,0,1,0,1,0,2
60,60,0,1,0,1,0,1
216,110,106,2,30,1,1,0
66,66,0,1,0,1,0,1
18108,1782,16326,31,215,15,16,0
45487,4986,40501,74,47,36,38,0
145,145,0,1,0,1,0,3
126,60,66,3,5,2,1,0
578,286,292,9,15,5,4,0
70,70,0,1,0,1,0,2
629017,29841,599176,758,162,331,427,0
66,66,0,1,0,1,0,1
194,102,92,2,30,1,1,0
66,66,0,1,0,1,0,1
213,87,126,2,31,1,1,0
66,66,0,1,0,1,0,1
66,66,0,1,0,1,0,2
164,78,86,2,30,1,1,0
491,150,341,2,1200,1,1,0
60,60,0,1,0,1,0,1
889,404,485,10,30,5,5,0
199,94,105,2,30,1,1,0
66,66,0,1,0,1,0,1
156,156,0,2,0,2,0,1
70,70,0,2,8,2,0,0
168,78,90,2,30,1,1,0
66,66,0,1,0,1,0,2
66,66,0,1,0,1,0,1
66,66,0,1,0,1,0,2
66,66,0,1,0,1,0,2
70,70,0,2,6,2,0,0
2161,1178,983,16,17,10,6,0
70,70,0,1,0,1,0,2
6171,1091,5080,22,82,12,10,0
70,70,0,1,0,1,0,2
4065,2650,1415,25,75,13,12,0
796,105,691,4,59,2,2,0
60,60,0,1,0,1,0,1
768,99,669,2,30,1,1,0
273,94,179,2,30,1,1,0
66,66,0,1,0,1,0,2
62,62,0,1,0,1,0,1
6294,1716,4578,27,23,16,11,0
376,86,290,2,29,1,1,0
132,132,0,3,1199,3,0,0
193,102,91,2,30,1,1,0
146,146,0,1,0,1,0,1
70,70,0,1,0,1,0,2
31008,10449,20559,69,130,31,38,0
78,78,0,1,0,1,0,1
228,118,110,2,1199,1,1,0
12677,10470,2207,42,80,23,19,0
66,66,0,1,0,1,0,1
1802,1488,314,11,16,6,5,0
214,140,74,4,15,3,1,0
66,66,0,1,0,1,0,2
62,62,0,1,0,1,0,1
70,70,0,1,5,1,0,0
9571,2966,6605,52,35,29,23,0
182,93,89,2,31,1,1,0
60,60,0,1,0,1,0,1
168,78,90,2,30,1,1,0
66,66,0,1,0,1,0,1
209,110,99,2,30,1,1,0
66,66,0,1,0,1,0,1
6211,1869,4342,18,181,8,10,0
62,62,0,1,0,1,0,1
166,86,80,2,30,1,1,0
7443,2043,5400,34,255,17,17,0
25423484,377367,25046117,21027,1082,2865,18162,0
3648,2251,1397,28,89,16,12,0
70,70,0,2,7,2,0,0
62,62,0,1,0,1,0,1
499,425,74,4,0,3,1,0
218150,5323,212827,218,145,69,149,0
66,66,0,1,0,1,0,2
1420,715,705,12,16,7,5,0
237151,13019,224132,251,42,90,161,0
62,62,0,1,0,1,0,1
1213,471,742,10,255,6,4,0
60,60,0,1,0,1,0,1
193,102,91,2,30,1,1,0
60,60,0,1,0,1,0,1
168,78,90,2,29,1,1,0
66,66,0,1,0,1,0,2
60,60,0,1,0,1,0,1
214,94,120,2,31,1,1,0
216,102,114,2,30,1,1,0
168,86,82,2,31,1,1,0
316,136,180,6,6,3,3,0
196,102,94,2,30,1,1,0
62,62,0,1,0,1,0,1
196,100,96,2,30,1,1,0
10461,1417,9044,23,16,10,13,0
9896,3586,6310,27,134,13,14,0
66,66,0,1,0,1,0,2
728,102,626,2,30,1,1,0
17521,3850,13671,30,121,13,17,0
70,70,0,1,0,1,0,2
10640,3171,7469,28,45,15,13,0
1261,637,624,9,30,5,4,0
171,88,83,3,33,2,1,0
66,66,0,1,0,1,0,2
70,70,0,2,7,2,0,0
196,100,96,2,30,1,1,0
174,89,85,2,31,1,1,0
66,66,0,1,0,1,0,1
66,66,0,1,0,1,0,2
1258,752,506,13,16,7,6,0
66,66,0,1,0,1,0,2
166,86,80,2,30,1,1,0
66,66,0,1,0,1,0,2
36373,15248,21125,172,123,69,103,0
204,118,86,2,30,1,1,0
70,70,0,1,0,1,0,2
146,146,0,1,0,1,0,1
265,110,155,2,30,1,1,0
62,62,0,1,0,1,0,1
74,74,0,1,0,1,0,1
66,66,0,1,0,1,0,1
184,94,90,2,30,1,1,0
66,66,0,1,0,1,0,2
66,66,0,1,0,1,0,1
3071,804,2267,15,135,7,8,0
70,70,0,1,0,1,0,2
322,118,204,2,30,1,1,0
70,70,0,1,0,1,0,2
70,70,0,1,0,1,0,2
213,102,111,2,30,1,1,0
70,70,0,1,0,1,0,2
66,66,0,1,0,1,0,1
9381,3074,6307,47,114,24,23,0
66,66,0,1,0,1,0,2
40423,35897,4526,52,16,33,19,0
25010,3519,21491,42,135,17,25,0
168,78,90,2,30,1,1,0
156,156,0,3,8,3,0,0
62,62,0,1,0,1,0,1
22772,8095,14677,46,54,24,22,0
1294,797,497,13,15,7,6,0
3518,1951,1567,15,15,8,7,0
70,70,0,1,0,1,0,2
66,66,0,1,0,1,0,2
70,70,0,1,0,1,0,2
210,110,100,2,29,1,1,0
485,158,327,2,1200,1,1,0
66,66,0,1,0,1,0,2
70,70,0,1,4,1,0,0
711,87,624,2,30,1,1,0
74,74,0,1,0,1,0,1
62,62,0,1,0,1,0,1
177,94,83,2,29,1,1,0
41247,1363,39884,51,37,13,38,0
11903,6327,5576,48,15,27,21,0
14786,2845,11941,32,121,17,15,0
4203,2748,1455,18,33,10,8,0
66,66,0,1,0,1,0,1
70,70,0,1,0,1,0,2
195,102,93,2,30,1,1,0
197,102,95,2,33,1,1,0
324,150,174,2,1203,1,1,0
195,102,93,2,29,1,1,0
1490,886,604,10,75,6,4,0
4377,1470,2907,19,30,11,8,0
146,146,0,1,0,1,0,1
448,166,282,2,30,1,1,0
152,66,86,2,10,1,1,0
70,70,0,1,0,1,0,2
70,70,0,1,0,1,0,2
60,60,0,1,0,1,0,1
341,85,256,4,42,2,2,0
5166,700,4466,16,15,7,9,0
66,66,0,1,0,1,0,1
70,70,0,1,5,1,0,0
62,62,0,1,0,1,0,1
70,70,0,1,0,1,0,2
70,70,0,1,0,1,0,2
168,86,82,2,30,1,1,0
499,425,74,4,0,3,1,0
699944,13137,686807,676,20,195,481,0
1056,682,374,10,15,6,4,0
178,94,84,2,29,1,1,0
66,66,0,1,0,1,0,2
66,66,0,1,0,1,0,1
184,102,82,2,30,1,1,0
70,70,0,1,0,1,0,2
156,156,0,3,8,3,0,0
648,256,392,8,25,5,3,0
198,102,96,2,29,1,1,0
504,318,186,8,15,5,3,0
198,101,97,2,30,1,1,0
70,70,0,1,0,1,0,2
778,103,675,2,30,1,1,0
86,86,0,1,30,1,0,0
62,62,0,1,0,1,0,1
70,70,0,1,0,1,0,2
66,66,0,1,0,1,0,2
4425,1910,2515,36,3656,12,24,0
710,89,621,2,30,1,1,0
70,70,0,1,0,1,0,2
66,66,0,1,0,1,0,2
66,66,0,1,0,1,0,2
775,102,673,2,30,1,1,0
62,62,0,1,0,1,0,1
66,66,0,1,0,1,0,1
9726,4743,4983,41,15,24,17,0
66,66,0,1,0,1,0,2
66,66,0,1,0,1,0,1
66,66,0,1,0,1,0,1
11011,4522,6489,35,45,17,18,0
70,70,0,1,0,1,0,2
216,102,114,2,30,1,1,0
62,62,0,1,0,1,0,1
62,62,0,1,0,1,0,1
70,70,0,1,0,1,0,2
66,66,0,1,0,1,0,2
70,70,0,1,0,1,0,2
62,62,0,1,0,1,0,1
66,66,0,1,0,1,0,1
7352,1592,5760,25,16,15,10,0
12091,3135,8956,30,49,16,14,0
195,102,93,2,29,1,1,0
60,60,0,1,0,1,0,1
744,89,655,2,31,1,1,0
182,93,89,2,31,1,1,0
70,70,0,1,0,1,0,2
11544,6888,4656,32,125,17,15,0
4713,895,3818,18,16,10,8,0
1617,1062,555,13,45,8,5,0
422,164,258,6,30,3,3,0
66,66,0,1,0,1,0,1
70,70,0,1,5,1,0,0
66,66,0,1,0,1,0,1
199,102,97,2,30,1,1,0
211,102,109,2,30,1,1,0
195,102,93,2,29,1,1,0
70,70,0,1,0,1,0,2
7941,1952,5989,20,15,11,9,0
70,70,0,1,0,1,0,2
60,60,0,1,0,1,0,1
216,102,114,2,30,1,1,0
9035,5883,3152,26,17,14,12,0
70,70,0,1,0,1,0,2
66,66,0,1,0,1,0,2
196,102,94,2,32,1,1,0
146,146,0,1,0,1,0,1
148,148,0,1,0,1,0,1
62,62,0,1,0,1,0,1
37452,28136,9316,56,15,33,23,0
66,66,0,1,0,1,0,1
130,66,64,2,5,1,1,0
509,150,359,2,1199,1,1,0
499,425,74,4,0,3,1,0
5007,3053,1954,24,394,8,16,0
5518,1323,4195,25,271,14,11,0
145,145,0,1,0,1,0,1
70,70,0,1,0,1,0,2
62,62,0,1,0,1,0,1
235,90,145,2,32,1,1,0
66,66,0,1,0,1,0,2
198,86,112,2,29,1,1,0
66,66,0,1,0,1,0,1
130,70,60,2,5,1,1,0
66,66,0,1,0,1,0,1
70,70,0,1,0,1,0,2
231,94,137,2,30,1,1,0
6334,840,5494,19,29,10,9,0
70,70,0,1,0,1,0,2
60,60,0,1,0,1,0,1
62,62,0,1,0,1,0,1
70,70,0,1,0,1,0,2
60,60,0,1,0,1,0,1
4895,3822,1073,24,49,13,11,0
66,66,0,1,0,1,0,2
183,86,97,2,30,1,1,0
90,90,0,1,0,1,0,1
183,94,89,2,30,1,1,0
66,66,0,1,0,1,0,2
66,66,0,1,5,1,0,0
14284,5729,8555,31,61,19,12,0
70,70,0,1,0,1,0,2
1658,1247,411,8,14,5,3,0
66,66,0,1,0,1,0,2
254,78,176,2,29,1,1,0
66,66,0,1,0,1,0,2
214,102,112,2,30,1,1,0
156,156,0,3,8,3,0,0
196,102,94,2,30,1,1,0
11212,5520,5692,58,30,29,29,0
82,82,0,1,0,1,0,1
868,126,742,2,30,1,1,0
8626,2156,6470,24,81,14,10,0
490,163,327,2,1200,1,1,0
728,96,632,2,31,1,1,0
70,70,0,1,0,1,0,2
70,70,0,1,0,1,0,2
284,102,182,4,37,2,2,0
239,98,141,2,30,1,1,0
66,66,0,1,0,1,0,2
70,70,0,1,0,1,0,2
204,92,112,2,30,1,1,0
70,70,0,2,8,2,0,0
214,102,112,2,30,1,1,0
259,118,141,2,29,1,1,0
120,120,0,3,122,3,0,0
62,62,0,1,0,1,0,1
66,66,0,1,0,1,0,1
264,102,162,2,30,1,1,0
6713,1736,4977,24,1130,8,16,0
214,102,112,2,29,1,1,0
66,66,0,1,0,1,0,1
66,66,0,1,0,1,0,2
70,70,0,1,0,1,0,2
60,60,0,1,0,1,0,1
66,66,0,1,0,1,0,2
66,66,0,1,0,1,0,1
66,66,0,1,0,1,0,2
196,100,96,2,31,1,1,0
70,70,0,1,0,1,0,2
70,70,0,1,0,1,0,2
212,102,110,2,30,1,1,0
168,86,82,2,30,1,1,0
10750,1814,8936,37,195,17,20,0
98,98,0,1,0,1,0,1
383052,17263,365789,396,132,119,277,0
70,70,0,1,0,1,0,2
66,66,0,1,0,1,0,1
66,66,0,1,0,1,0,2
86,86,0,1,30,1,0,0
70,70,0,1,0,1,0,2
66,66,0,1,0,1,0,2
70,70,0,1,0,1,0,2
70,70,0,1,0,1,0,2
195,94,101,2,30,1,1,0
66,66,0,1,0,1,0,2
70,70,0,1,0,1,0,2
62,62,0,1,0,1,0,1
5895,728,5167,16,47,8,8,0
66,66,0,1,0,1,0,2
264,110,154,2,30,1,1,0
183,86,97,2,31,1,1,0
168,78,90,2,30,1,1,0
184,94,90,2,30,1,1,0
6695,1617,5078,23,200,13,10,0
130836,22940,107896,161,170,72,89,0
10096,2251,7845,41,3747,16,25,0
1327,918,409,10,34,6,4,0
66,66,0,1,0,1,0,1
198,102,96,2,30,1,1,0
9161,2210,6951,23,187,11,12,0
1531,729,802,10,31,5,5,0
66,66,0,1,0,1,0,1
15204,8747,6457,83,167,44,39,0
60,60,0,2,154,2,0,0
62,62,0,1,0,1,0,1
43326,4905,38421,56,43,16,40,0
216,110,106,2,30,1,1,0
238,118,120,2,1199,1,1,0
66,66,0,1,5,1,0,0
5291,2624,2667,28,145,15,13,0
66,66,0,1,0,1,0,1
15266,12916,2350,42,81,24,18,0
12683,1205,11478,27,182,8,19,0
70,70,0,1,4,1,0,0
236,86,150,2,30,1,1,0
180,60,120,4,15,2,2,0
66,66,0,1,0,1,0,2
324,126,198,2,30,1,1,0
564,318,246,9,15,5,4,0
145,145,0,1,0,1,0,1
312,94,218,2,30,1,1,0
70,70,0,1,0,1,0,2
70,70,0,1,0,1,0,2
156,66,90,2,5,1,1,0
66,66,0,1,0,1,0,2
60,60,0,1,0,1,0,1
66,66,0,1,0,1,0,2
1155,728,427,11,26,7,4,0
289,110,179,2,30,1,1,0
134,60,74,3,5,2,1,0
232,77,155,2,33,1,1,0
1455177,56285,1398892,1600,31,632,968,0
70,70,0,2,7,2,0,0
74,74,0,1,0,1,0,1
70,70,0,1,0,1,0,2
182,93,89,2,30,1,1,0
514,246,268,9,42,5,4,0
168,86,82,2,31,1,1,0
3535,1973,1562,36,3961,18,18,0
70,70,0,1,0,1,0,2
195,102,93,2,33,1,1,0
66,66,0,1,0,1,0,2
66,66,0,1,0,1,0,2
344,105,239,4,33,2,2,0
25909,3016,22893,40,83,15,25,0
6214,1750,4464,24,316,12,12,0
8058,2038,6020,20,15,11,9,0
882,126,756,2,30,1,1,0
199,102,97,2,31,1,1,0
133699,9415,124284,169,23,77,92,0
66,66,0,1,0,1,0,1
4448,2223,2225,18,49,10,8,0
578,286,292,9,15,5,4,0
306,180,126,6,26,4,2,0
201552,13184,188368,245,30,111,134,0
167,78,89,2,30,1,1,0
70,70,0,1,0,1,0,2
70,70,0,1,0,1,0,2
70,70,0,1,5,1,0,0
179,94,85,2,29,1,1,0
316,136,180,6,5,3,3,0
316,136,180,6,5,3,3,0
3655,2344,1311,18,17,9,9,0
2314,1232,1082,15,141,8,7,0
66,66,0,1,0,1,0,2
66,66,0,1,0,1,0,2
1455,349,1106,10,15,5,5,0
9700,2137,7563,21,16,12,9,0
6854,6211,643,16,151,9,7,0
4717,2929,1788,23,26,13,10,0
66,66,0,1,0,1,0,1
594,594,0,10,1199,10,0,0
5259,1904,3355,30,15,23,7,0
62,62,0,1,0,1,0,1
256,94,162,2,29,1,1,0
732,89,643,2,30,1,1,0
66,66,0,1,5,1,0,0
60,60,0,1,0,1,0,1
60,60,0,1,0,1,0,1
66,66,0,1,0,1,0,1
62,62,0,1,0,1,0,1
212,110,102,2,30,1,1,0
195,102,93,2,31,1,1,0
9151,4417,4734,84,77,44,40,0
366,180,186,7,57,4,3,0
9590,3811,5779,20,122,10,10,0
66,66,0,1,5,1,0,0
5458,1390,4068,17,15,9,8,0
123115,6863,116252,160,29,76,84,0
70,70,0,1,0,1,0,2
10217,8266,1951,33,39,20,13,0
267,87,180,4,38,2,2,0
2267946,70852,2197094,2429,316,859,1570,0
35970,11674,24296,108,265,55,53,0
9315,2153,7162,23,127,6,17,0
7211,823,6388,16,15,10,6,0
320,140,180,6,6,3,3,0
145,145,0,1,0,1,0,1
66,66,0,1,0,1,0,2
14035,1381,12654,26,255,14,12,0
305,100,205,4,54,2,2,0
194,94,100,2,29,1,1,0
751,95,656,2,31,1,1,0
62,62,0,1,0,1,0,1
274,93,181,4,64,2,2,0
458,188,270,6,31,3,3,0
70,70,0,1,0,1,0,2
62,62,0,1,0,1,0,1
160,160,0,1,0,1,0,1
216,110,106,2,30,1,1,0
15321,1796,13525,26,326,11,15,0
716056,89267,626789,952,300,368,584,0
168,78,90,2,30,1,1,0
62,62,0,1,0,1,0,1
71,71,0,1,30,1,0,0
181,94,87,2,30,1,1,0
66,66,0,1,0,1,0,2
502,150,352,2,1200,1,1,0
282,87,195,4,45,2,2,0
1806,1806,0,22,224,22,0,0
70,70,0,1,0,1,0,2
132,132,0,3,1200,3,0,0
183,94,89,2,29,1,1,0
183,94,89,2,31,1,1,0
168,86,82,2,31,1,1,0
216,110,106,2,30,1,1,0
179,94,85,2,31,1,1,0
86,86,0,1,0,1,0,1
27000,11646,15354,176,640,82,94,0
66,66,0,1,0,1,0,2
145,145,0,1,0,1,0,1
5110,950,4160,21,48,10,11,0
70,70,0,1,0,1,0,2
198,101,97,2,30,1,1,0
66,66,0,1,0,1,0,1
60,60,0,1,0,1,0,1
62,62,0,1,0,1,0,1
200,102,98,2,33,1,1,0
5537,2290,3247,22,39,13,9,0
16985,7850,9135,39,121,19,20,0
718,94,624,2,30,1,1,0
184,94,90,2,30,1,1,0
70,70,0,1,0,1,0,2
6343025,74037,6268988,5018,58,765,4253,0
70,70,0,1,0,1,0,2
43295,8391,34904,66,49,32,34,0
66,66,0,1,0,1,0,1
209,102,107,2,30,1,1,0
3354,1792,1562,46,193,23,23,0
282,96,186,4,48,2,2,0
62,62,0,1,0,1,0,1
82,82,0,1,30,1,0,0
70,70,0,1,0,1,0,2
320,140,180,6,6,3,3,0
60,60,0,1,0,1,0,1
330,330,0,6,1200,6,0,0
164,78,86,2,30,1,1,0
66,66,0,1,0,1,0,2
66,66,0,1,0,1,0,1
70,70,0,1,0,1,0,2
234,234,0,4,12,4,0,0
66,66,0,1,0,1,0,2
50296,4666,45630,90,31,43,47,0
224,164,60,3,5,2,1,0
613,539,74,7,15,6,1,0
6463,3844,2619,39,135,21,18,0
4672,1765,2907,19,28,11,8,0
862,562,300,13,145,8,5,0
66,66,0,1,0,1,0,2
82,82,0,1,30,1,0,0
230,102,128,2,29,1,1,0
62,62,0,1,0,1,0,1
70,70,0,1,0,1,0,2
70,70,0,1,0,1,0,2
926,126,800,2,31,1,1,0
70,70,0,2,8,2,0,0
204,104,100,2,30,1,1,0
259,87,172,4,56,2,2,0
60,60,0,1,0,1,0,1
66,66,0,1,0,1,0,1
7941,1952,5989,20,15,11,9,0
264,94,170,2,31,1,1,0
66,66,0,1,0,1,0,2
66,66,0,1,0,1,0,2
66,66,0,1,0,1,0,1
720,94,626,2,29,1,1,0
66,66,0,1,0,1,0,2
8551,2955,5596,28,423,15,13,0
573,186,387,6,71,3,3,0
70,70,0,2,8,2,0,0
935,935,0,1,0,1,0,1
13791,7866,5925,35,46,20,15,0
177,94,83,2,30,1,1,0
174,89,85,3,36,2,1,0
60,60,0,1,0,1,0,1
62,62,0,1,0,1,0,1
178483,7778,170705,219,218,90,129,0
293,223,70,4,1,3,1,3
216,110,106,2,30,1,1,0
70,70,0,1,0,1,0,2
38146,3555,34591,57,16,28,29,0
66,66,0,1,5,1,0,0
143,143,0,1,0,1,0,1
198,101,97,2,1,1,1,0
902,126,776,2,30,1,1,0
166,85,81,2,30,1,1,0
66,66,0,1,0,1,0,1
167,86,81,2,30,1,1,0
764,99,665,2,30,1,1,0
62,62,0,1,0,1,0,1
179,94,85,2,30,1,1,0
718,94,624,2,30,1,1,0
66,66,0,1,0,1,0,1
70,70,0,1,0,1,0,2
70,70,0,1,0,1,0,2
66,66,0,1,0,1,0,2
70,70,0,1,0,1,0,2
124405,3747,120658,131,38,46,85,0
86426,3497,82929,102,170,38,64,0
70,70,0,1,0,1,0,2
78,78,0,1,0,1,0,1
78,78,0,1,5,1,0,0
193,102,91,2,30,1,1,0
62,62,0,1,0,1,0,1
146,146,0,1,0,1,0,1
164,86,78,2,30,1,1,0
70,70,0,2,7,2,0,0
876,126,750,2,31,1,1,0
227,90,137,2,30,1,1,0
214,110,104,2,30,1,1,0
199,94,105,2,30,1,1,0
66,66,0,1,0,1,0,1
97842,4441,93401,109,135,41,68,0
66,66,0,1,0,1,0,2
70,70,0,1,0,1,0,2
410,109,301,4,32,2,2,0
252,78,174,2,29,1,1,0
60,60,0,1,0,1,0,1
71624,60795,10829,194,131,110,84,0
70,70,0,1,0,1,0,2
66,66,0,1,0,1,0,2
5624,2099,3525,30,23,17,13,0
454,262,192,8,41,5,3,0
199,102,97,2,30,1,1,0
884,126,758,2,31,1,1,0
70,70,0,1,0,1,0,2
165,86,79,2,29,1,1,0
1346,918,428,10,25,6,4,0
66,66,0,1,0,1,0,1
168,78,90,2,30,1,1,0
62,62,0,1,0,1,0,1
1173,924,249,6,30,3,3,0
3498,1872,1626,48,195,24,24,0
184,94,90,2,31,1,1,0
214,140,74,4,31,3,1,0
198167,11702,186465,220,105,84,136,0
160,66,94,2,9,1,1,0
62,62,0,1,0,1,0,1
199,102,97,2,30,1,1,0
70,70,0,1,0,1,0,2
66,66,0,1,0,1,0,1
66,66,0,1,0,1,0,1
1326,876,450,11,32,6,5,0
199,94,105,2,30,1,1,0
209,110,99,2,30,1,1,0
70,70,0,1,0,1,0,2
62,62,0,1,0,1,0,1
66,66,0,1,0,1,0,1
272627,89686,182941,461,149,220,241,0
199,102,97,2,30,1,1,0
70,70,0,1,0,1,0,2
499,425,74,4,0,3,1,0
890,126,764,2,30,1,1,0
13428,5815,7613,42,995,22,20,0
66,66,0,1,0,1,0,1
1706,505,1201,8,14,5,3,0
177,94,83,2,30,1,1,0
164,86,78,2,30,1,1,0
70,70,0,1,0,1,0,2
70,70,0,1,0,1,0,2
5661,2415,3246,26,160,14,12,0
66,66,0,1,0,1,0,1
196,102,94,2,31,1,1,0
66,66,0,1,5,1,0,0
426,240,186,8,25,5,3,0
271,78,193,2,30,1,1,0
10876,3774,7102,12,145,5,7,0
1410,95,1315,4,57,2,2,0
6339,1901,4438,16,120,8,8,0
62,62,0,1,0,1,0,1
8242,1641,6601,22,360,12,10,0
4801,702,4099,13,16,8,5,0
190,97,93,2,30,1,1,0
199,102,97,2,29,1,1,0
398,103,295,4,41,2,2,0
66,66,0,1,0,1,0,2
66,66,0,1,0,1,0,1
3115,1849,1266,18,16,8,10,0
186,95,91,2,30,1,1,0
184,102,82,2,30,1,1,0
179,94,85,2,30,1,1,0
62,62,0,1,0,1,0,1
264,87,177,4,37,2,2,0
146,146,0,1,0,1,0,1
62,62,0,1,0,1,0,1
60,60,0,1,0,1,0,1
3354,1792,1562,46,194,23,23,0
70,70,0,1,0,1,0,2
70,70,0,1,0,1,0,2
70,70,0,1,0,1,0,2
209,110,99,2,30,1,1,0
51645,3868,47777,67,28,30,37,0
66,66,0,1,0,1,0,2
177,94,83,2,29,1,1,0
62,62,0,1,0,1,0,1
499,425,74,4,0,3,1,0
62,62,0,1,0,1,0,1
62,62,0,1,0,1,0,1
3413,1537,1876,19,7,10,9,0
70,70,0,1,0,1,0,2
228,102,126,2,30,1,1,0
60,60,0,1,0,1,0,1
66,66,0,2,7,2,0,0
66,66,0,1,0,1,0,2
70,70,0,1,0,1,0,2
62,62,0,1,0,1,0,1
66,66,0,1,0,1,0,2
178,94,84,2,30,1,1,0
70,70,0,1,0,1,0,2
168,86,82,2,30,1,1,0
66,66,0,1,0,1,0,1
182,94,88,2,30,1,1,0
916,86,830,2,30,1,1,0
1320,300,1020,6,1200,3,3,0
177,94,83,2,29,1,1,0
360,102,258,2,30,1,1,0
70,70,0,2,7,2,0,0
70,70,0,1,0,1,0,2
66,66,0,1,0,1,0,2
216,110,106,2,31,1,1,0
62,62,0,1,0,1,0,1
60,60,0,1,0,1,0,1
869,126,743,2,30,1,1,0
4045,765,3280,11,45,5,6,0
281,78,203,2,30,1,1,0
70,70,0,1,0,1,0,2
3299,441,2858,11,15,6,5,0
70,70,0,1,0,1,0,2
66,66,0,2,8,2,0,0
66,66,0,1,0,1,0,1
7889,1900,5989,20,15,11,9,0
199,102,97,2,31,1,1,0
311,94,217,2,30,1,1,0
195,102,93,2,30,1,1,0
62,62,0,1,0,1,0,1
66,66,0,1,0,1,0,1
62,62,0,1,0,1,0,1
62,62,0,1,0,1,0,1
66,66,0,1,0,1,0,2
110,110,0,1,0,1,0,1
70,70,0,1,5,1,0,0
70,70,0,1,0,1,0,2
767,102,665,2,30,1,1,0
70,70,0,1,0,1,0,2
70,70,0,1,0,1,0,1
183,94,89,2,31,1,1,0
202,103,99,2,31,1,1,0
70,70,0,1,0,1,0,2
62,62,0,1,0,1,0,1
66,66,0,1,0,1,0,1
62,62,0,1,0,1,0,1
2273,1511,762,7,29,4,3,0
66,66,0,1,0,1,0,1
756,95,661,2,30,1,1,0
564,318,246,9,18,5,4,0
66,66,0,1,5,1,0,0
4181,998,3183,14,26,7,7,0
718,94,624,2,30,1,1,0
10754,4129,6625,42,112,20,22,0
70,70,0,2,8,2,0,0
62,62,0,1,0,1,0,1
178,94,84,2,29,1,1,0
268,102,166,2,30,1,1,0
184,94,90,2,31,1,1,0
1775,169,1606,7,120,3,4,0
278,96,182,4,54,2,2,0
198,102,96,2,30,1,1,0
70,70,0,1,0,1,0,2
211,78,133,2,29,1,1,0
4336,1518,2818,23,3002,14,9,0
7389,1786,5603,26,211,14,12,0
3166,2245,921,15,15,8,7,0
3450,1386,2064,15,83,8,7,0
70,70,0,2,8,2,0,0
124,64,60,2,0,1,1,0
66,66,0,1,0,1,0,1
186,95,91,2,30,1,1,0
183,94,89,2,29,1,1,0
70,70,0,1,5,1,0,0
316,136,180,6,7,3,3,0
2994,1521,1473,15,83,9,6,0
5108,2834,2274,21,143,10,11,0
70,70,0,1,0,1,0,2
14172,5733,8439,79,1531,37,42,0
62,62,0,1,0,1,0,1
62,62,0,1,0,1,0,1
70,70,0,1,0,1,0,2
70,70,0,1,0,1,0,2
378,94,284,2,30,1,1,0
242,78,164,2,30,1,1,0
199,102,97,2,30,1,1,0
70,70,0,1,0,1,0,2
5053,4178,875,17,15,9,8,0
677212,30094,647118,785,136,282,503,0
1474,697,777,18,82,8,10,0
66,66,0,1,0,1,0,1
70,70,0,1,0,1,0,2
199,102,97,2,31,1,1,0
70,70,0,1,0,1,0,2
146,146,0,1,0,1,0,1
66,66,0,1,0,1,0,2
167,86,81,2,31,1,1,0
60,60,0,1,0,1,0,1
146,146,0,1,0,1,0,1
199,102,97,2,30,1,1,0
820870,30523,790347,918,218,337,581,0
66,66,0,1,0,1,0,2
337,110,227,2,29,1,1,0
3424,1710,1714,16,31,8,8,0
62,62,0,1,0,1,0,1
194,94,100,2,29,1,1,0
66,66,0,1,0,1,0,1
12594,5098,7496,32,35,17,15,0
3792,871,2921,16,121,7,9,0
258,70,188,4,8,2,2,0
66,66,0,1,0,1,0,1
66,66,0,1,0,1,0,2
70,70,0,1,0,1,0,2
499,425,74,4,0,3,1,0
5508,999,4509,20,255,11,9,0
8414,4131,4283,36,64,16,20,0
66,66,0,1,0,1,0,1
70,70,0,1,0,1,0,2
70,70,0,1,0,1,0,2
6777,3431,3346,27,15,14,13,0
202,103,99,2,31,1,1,0
1402,910,492,11,360,6,5,0
46713,2661,44052,55,120,21,34,0
177,94,83,2,30,1,1,0
1915831,46544,1869287,1569,166,311,1258,0
478331,21023,457308,573,211,201,372,0
194,102,92,2,30,1,1,0
66,66,0,1,0,1,0,2
3562,1936,1626,48,196,24,24,0
9545,2433,7112,24,142,10,14,0
196,102,94,2,30,1,1,0
256,93,163,2,30,1,1,0
237,91,146,2,32,1,1,0
62,62,0,1,0,1,0,1
9747,537,9210,14,16,6,8,0
4241,706,3535,14,25,8,6,0
195,102,93,2,31,1,1,0
185,102,83,2,29,1,1,0
184,78,106,3,10,2,1,0
148,148,0,1,0,1,0,1
10001,2547,7454,27,35,14,13,0
70,70,0,1,0,1,0,2
193,102,91,2,30,1,1,0
7646,1697,5949,31,271,15,16,0
70,70,0,1,5,1,0,0
90,90,0,1,0,1,0,1
168,86,82,2,30,1,1,0
66,66,0,1,0,1,0,2
4265,2639,1626,34,31,16,18,0
13144,7075,6069,33,161,16,17,0
184,86,98,2,30,1,1,0
209,102,107,2,31,1,1,0
265,78,187,2,31,1,1,0
145,145,0,1,0,1,0,1
177,94,83,2,31,1,1,0
7018,1766,5252,23,19,13,10,0
209,110,99,2,29,1,1,0
1756,414,1342,12,15,6,6,0
784271,38715,745556,1017,183,465,552,0
117190,11380,105810,171,212,67,104,0
70,70,0,1,0,1,0,2
70,70,0,1,0,1,0,2
807,94,713,2,30,1,1,0
66,66,0,1,0,1,0,2
62,62,0,1,0,1,0,1
70,70,0,2,8,2,0,0
6799,1581,5218,27,25,14,13,0
1738,1159,579,16,74,10,6,0
177,94,83,2,30,1,1,0
6921,1769,5152,22,24,13,9,0
66,66,0,1,0,1,0,2
66,66,0,1,0,1,0,2
177,94,83,2,30,1,1,0
255,88,167,4,52,2,2,0
66,66,0,1,0,1,0,2
107,107,0,1,0,1,0,1
70,70,0,1,0,1,0,2
289,101,188,4,50,2,2,0
199,102,97,2,30,1,1,0
180,86,94,2,30,1,1,0
70,70,0,1,0,1,0,2
226,86,140,2,30,1,1,0
70,70,0,1,0,1,0,1
63891,26626,37265,86,34,39,47,0
70,70,0,1,0,1,0,2
10819,5326,5493,45,16,27,18,0
8074,2054,6020,20,15,11,9,0
60,60,0,1,0,1,0,1
193,102,91,2,30,1,1,0
70,70,0,1,0,1,0,2
6292,1682,4610,21,15,9,12,0
70,70,0,1,0,1,0,2
15613,1408,14205,32,125,15,17,0
6308,829,5479,18,15,9,9,0
70,70,0,1,0,1,0,2
60,60,0,1,0,1,0,1
164,78,86,2,29,1,1,0
66,66,0,1,0,1,0,2
70,70,0,1,5,1,0,0
78,78,0,1,0,1,0,1
13184,2507,10677,27,64,14,13,0
235,90,145,2,32,1,1,0
177,94,83,2,31,1,1,0
186,95,91,2,31,1,1,0
70,70,0,1,0,1,0,2
62,62,0,1,0,1,0,1
197,102,95,2,29,1,1,0
62,62,0,1,0,1,0,1
501,150,351,2,1200,1,1,0
326,126,200,2,30,1,1,0
8654,2150,6504,20,15,11,9,0
62,62,0,1,0,1,0,1
62,62,0,1,0,1,0,1
182,93,89,2,31,1,1,0
66,66,0,1,0,1,0,2
62,62,0,1,0,1,0,1
5981,1902,4079,14,120,7,7,0
261,102,159,2,29,1,1,0
60,60,0,1,0,1,0,1
32222,3146,29076,43,31,18,25,0
70,70,0,1,0,1,0,2
225,78,147,2,29,1,1,0
60,60,0,1,0,1,0,1
130,70,60,2,6,1,1,0
70,70,0,1,0,1,0,2
2809,1884,925,19,25,11,8,0
66,66,0,1,0,1,0,1
196,102,94,2,31,1,1,0
70,70,0,1,0,1,0,2
4604,1697,2907,19,29,11,8,0
70,70,0,1,0,1,0,2
70,70,0,1,0,1,0,2
70,70,0,1,0,1,0,2
62,62,0,1,0,1,0,1
70,70,0,1,5,1,0,0
318,192,126,6,30,4,2,0
70,70,0,1,0,1,0,2
5220,3063,2157,14,135,7,7,0
62,62,0,1,0,1,0,1
60,60,0,1,0,1,0,1
18814,2623,16191,54,25,26,28,0
234,234,0,4,12,4,0,0
70,70,0,1,0,1,0,2
211,102,109,2,30,1,1,0
242,98,144,2,30,1,1,0
86,86,0,1,30,1,0,0
197,102,95,2,31,1,1,0
168,86,82,2,31,1,1,0
512,166,346,2,30,1,1,0
182,94,88,2,29,1,1,0
1151,711,440,10,15,5,5,0
339,94,245,2,30,1,1,0
877,126,751,2,29,1,1,0
66,66,0,1,0,1,0,1
284,78,206,2,29,1,1,0
235,90,145,2,33,1,1,0
316,136,180,6,6,3,3,0
70,70,0,1,0,1,0,2
146,146,0,1,0,1,0,1
70,70,0,1,0,1,0,2
70,70,0,1,0,1,0,2
13492,3615,9877,42,120,20,22,0
66,66,0,1,0,1,0,1
146,146,0,1,0,1,0,1
257,101,156,2,34,1,1,0
66,66,0,1,0,1,0,2
66,66,0,1,0,1,0,2
717,651,66,7,15,6,1,0
1854,945,909,13,106,7,6,0
70,70,0,2,7,2,0,0
9093,4719,4374,52,310,24,28,0
70,70,0,1,0,1,0,2
146,146,0,1,0,1,0,1
62,62,0,1,0,1,0,1
16631,7072,9559,50,134,29,21,0
184,94,90,2,29,1,1,0
5500,2829,2671,19,34,10,9,0
146,146,0,1,0,1,0,1
70,70,0,1,0,1,0,2
194,102,92,2,30,1,1,0
6210,2976,3234,16,20,9,7,0
238,110,128,2,30,1,1,0
62,62,0,1,0,1,0,1
4536,845,3691,16,15,9,7,0
207,86,121,2,30,1,1,0
916,86,830,2,31,1,1,0
198,102,96,2,30,1,1,0
5167,700,4467,16,15,7,9,0
66,66,0,1,0,1,0,2
164,86,78,2,30,1,1,0
3854,2390,1464,17,15,8,9,0
3616,429,3187,11,15,6,5,0
178,94,84,2,30,1,1,0
213,87,126,2,30,1,1,0
66,66,0,1,0,1,0,1
214,110,104,2,31,1,1,0
66,66,0,1,0,1,0,1
6679,3424,3255,19,138,10,9,0
62,62,0,1,0,1,0,1
66,66,0,1,0,1,0,2
66,66,0,1,0,1,0,1
70,70,0,1,0,1,0,2
32391,21443,10948,69,47,41,28,0
195,94,101,2,30,1,1,0
181,94,87,2,33,1,1,0
70,70,0,1,0,1,0,2
10243,3289,6954,41,26,21,20,0
70,70,0,1,0,1,0,2
66,66,0,1,0,1,0,2
145,145,0,1,0,1,0,1
82,82,0,1,0,1,0,1
66,66,0,1,0,1,0,2
9075,2662,6413,34,462,16,18,0
33906,25094,8812,63,447,36,27,0
142,142,0,1,5,1,0,0
194,99,95,2,30,1,1,0
10439,1785,8654,25,85,10,15,0
3498,1872,1626,48,193,24,24,0
318,192,126,6,15,4,2,0
168,78,90,2,30,1,1,0
378,99,279,4,45,2,2,0
184,94,90,2,30,1,1,0
168,86,82,2,29,1,1,0
184,94,90,2,31,1,1,0
214,110,104,2,30,1,1,0
843,285,558,8,56,4,4,0
499,425,74,4,0,3,1,0
770,101,669,2,31,1,1,0
10754,2778,7976,38,59,19,19,0
262,106,156,2,31,1,1,0
148,148,0,1,0,1,0,1
66,66,0,1,0,1,0,1
62,62,0,1,0,1,0,1
136,136,0,3,14,3,0,0
70,70,0,1,0,1,0,2
60,60,0,1,0,1,0,1
70,70,0,1,0,1,0,2
168,78,90,2,30,1,1,0
70,70,0,1,0,1,0,2
70,70,0,1,0,1,0,2
60,60,0,1,0,1,0,1
70,70,0,1,0,1,0,2
314,94,220,4,31,2,2,0
62,62,0,1,0,1,0,1
166,86,80,2,30,1,1,0
62,62,0,1,0,1,0,1
62,62,0,1,0,1,0,1
70,70,0,1,5,1,0,0
66,66,0,1,0,1,0,1
806,458,348,3,29,2,1,0
62,62,0,1,0,1,0,1
726,726,0,12,1200,12,0,0
60,60,0,1,0,1,0,1
5510,2263,3247,22,40,13,9,0
66,66,0,1,0,1,0,1
9959,2495,7464,27,37,15,12,0
7424,3871,3553,26,160,12,14,0
66,66,0,1,0,1,0,2
499,425,74,4,0,3,1,0
70,70,0,1,0,1,0,2
194,102,92,2,30,1,1,0
70,70,0,1,0,1,0,1
70,70,0,1,0,1,0,2
145,145,0,1,0,1,0,1
66,66,0,1,0,1,0,1
249,85,164,4,56,2,2,0
1386,1386,0,22,1526,22,0,0
186,95,91,2,31,1,1,0
7847,1591,6256,23,186,13,10,0
5762500,128192,5634308,5613,134,1854,3759,0
70,70,0,1,0,1,0,2
60,60,0,1,0,1,0,1
5892,3784,2108,81,3115,47,34,0
197,102,95,2,32,1,1,0
296,87,209,2,30,1,1,0
294,86,208,2,30,1,1,0
29329,6712,22617,54,60,23,31,0
196,100,96,2,31,1,1,0
1312,651,661,13,184,7,6,0
268,120,148,5,10,3,2,0
1095221,7065,1088156,829,36,105,724,0
60,60,0,1,0,1,0,1
350,94,256,2,30,1,1,0
3292049,87705,3204344,3470,232,1188,2282,0
62,62,0,1,0,1,0,1
156,156,0,1,0,1,0,1
194,128,66,4,31,3,1,0
199,102,97,2,30,1,1,0
7040,1933,5107,32,110,19,13,0
146,146,0,1,0,1,0,1
758,96,662,2,31,1,1,0
502,250,252,9,32,5,4,0
1359,726,633,6,1199,3,3,0
66,66,0,1,0,1,0,2
216,110,106,2,30,1,1,0
70,70,0,1,0,1,0,2
145,145,0,1,0,1,0,1
170,87,83,2,30,1,1,0
66,66,0,1,0,1,0,1
70,70,0,1,0,1,0,2
66,66,0,1,0,1,0,2
199,102,97,2,30,1,1,0
66,66,0,1,0,1,0,2
564,382,182,9,18,6,3,0
2576,1549,1027,15,15,7,8,0
193,102,91,2,31,1,1,0
2773,1570,1203,22,275,11,11,0
66,66,0,1,0,1,0,1
214,82,132,2,31,1,1,0
60,60,0,1,0,1,0,1
17320,9430,7890,67,93,35,32,0
164,70,94,2,4,1,1,0
438,180,258,6,30,3,3,0
60,60,0,1,0,1,0,1
5936,2690,3246,25,20,15,10,0
66,66,0,1,0,1,0,1
699,438,261,2,30,1,1,0
70,70,0,1,0,1,0,2
254829,10396,244433,255,194,64,191,0
66,66,0,1,0,1,0,1
697381,19797,677584,725,106,247,478,0
62,62,0,1,0,1,0,1
70,70,0,1,0,1,0,2
1327,918,409,10,25,6,4,0
152,78,74,2,30,1,1,0
168,86,82,2,31,1,1,0
66,66,0,1,0,1,0,1
352,352,0,1,0,1,0,1
83736,4405,79331,114,19,48,66,0
176,90,86,2,30,1,1,0
70,70,0,1,0,1,0,2
255,102,153,2,30,1,1,0
188,96,92,2,31,1,1,0
70,70,0,1,0,1,0,2
62,62,0,1,0,1,0,1
194,102,92,2,30,1,1,0
234,234,0,4,12,4,0,0
184,94,90,2,31,1,1,0
66,66,0,1,0,1,0,2
70,70,0,1,0,1,0,2
5647,1832,3815,16,36,9,7,0
2865,2000,865,12,16,7,5,0
86,86,0,1,30,1,0,0
312,132,180,6,6,3,3,0
62,62,0,1,0,1,0,1
2582500,86854,2495646,2678,84,986,1692,0
182,81,101,2,30,1,1,0
70,70,0,1,0,1,0,2
318,192,126,6,26,4,2,0
7743,3072,4671,18,125,10,8,0
70,70,0,1,0,1,0,2
372,192,180,7,42,4,3,0
7330,4420,2910,31,316,16,15,0
70,70,0,1,0,1,0,2
177,94,83,2,30,1,1,0
66,66,0,1,0,1,0,2
70,70,0,1,0,1,0,2
70,70,0,1,0,1,0,2
214,110,104,2,30,1,1,0
164,84,80,2,30,1,1,0
7941,1952,5989,20,15,11,9,0
241,95,146,2,31,1,1,0
138,78,60,2,5,1,1,0
5167,700,4467,16,15,7,9,0
70,70,0,1,0,1,0,2
12254,3186,9068,27,171,13,14,0
167,86,81,2,31,1,1,0
70,70,0,1,0,1,0,2
70,70,0,1,0,1,0,2
66,66,0,1,0,1,0,1
193,102,91,2,30,1,1,0
70,70,0,1,0,1,0,2
62,62,0,1,0,1,0,1
70,70,0,1,0,1,0,2
66,66,0,1,0,1,0,1
816,102,714,2,30,1,1,0
66,66,0,1,0,1,0,2
62,62,0,1,0,1,0,1
177,94,83,2,29,1,1,0
574857,27894,546963,745,57,346,399,0
362,180,182,7,28,4,3,0
66,66,0,1,0,1,0,2
66,66,0,1,0,1,0,1
351,102,249,4,43,2,2,0
66,66,0,1,0,1,0,1
62,62,0,1,0,1,0,1
66,66,0,1,0,1,0,2
146,146,0,1,0,1,0,1
13108,2630,10478,26,120,12,14,0
178,94,84,2,30,1,1,0
66,66,0,1,0,1,0,1
216,110,106,2,30,1,1,0
70,70,0,1,0,1,0,2
906,126,780,2,31,1,1,0
190,97,93,2,31,1,1,0
588633,17490,571143,578,51,186,392,0
166,73,93,2,31,1,1,0
190,70,120,4,17,2,2,0
8251,2124,6127,21,16,11,10,0
3091,1708,1383,15,21,9,6,0
66,66,0,1,0,1,0,1
240,96,144,2,31,1,1,0
62,62,0,1,0,1,0,1
173,94,79,2,31,1,1,0
70,70,0,1,0,1,0,2
70,70,0,1,0,1,0,2
499,425,74,4,0,3,1,0
66,66,0,1,0,1,0,1
146,146,0,1,0,1,0,1
70,70,0,1,0,1,0,2
66,66,0,1,0,1,0,1
843201,50940,792261,1191,159,451,740,0
1345,1345,0,1,0,1,0,1
62,62,0,1,0,1,0,1
7890,1901,5989,20,16,11,9,0
62,62,0,1,0,1,0,1
288,79,209,2,31,1,1,0
214,140,74,4,25,3,1,0
178,94,84,2,30,1,1,0
62,62,0,1,0,1,0,1
66,66,0,1,0,1,0,2
66,66,0,1,0,1,0,1
350,210,140,6,30,4,2,0
374,192,182,7,41,4,3,0
199,94,105,2,30,1,1,0
70,70,0,1,0,1,0,2
66,66,0,1,0,1,0,2
816,102,714,2,30,1,1,0
826,386,440,12,15,6,6,0
6981,948,6033,17,27,10,7,0
9458,4646,4812,26,25,14,12,0
70,70,0,1,0,1,0,2
200,102,98,2,30,1,1,0
145,145,0,1,0,1,0,1
177,94,83,2,30,1,1,0
186399,56439,129960,335,45,170,165,0
3124,1556,1568,21,275,11,10,0
70,70,0,2,7,2,0,0
184,94,90,2,30,1,1,0
70,70,0,1,0,1,0,2
177,94,83,2,30,1,1,0
70,70,0,1,5,1,0,0
423,102,321,4,38,2,2,0
5505,3166,2339,22,136,11,11,0
66,66,0,1,0,1,0,1
70,70,0,1,0,1,0,2
62,62,0,1,0,1,0,1
183,94,89,2,30,1,1,0
216,102,114,2,29,1,1,0
50739,5508,45231,100,116,36,64,0
66,66,0,1,0,1,0,2
174,89,85,2,30,1,1,0
62,62,0,1,0,1,0,1
66,66,0,1,0,1,0,1
66,66,0,1,0,1,0,1
66,66,0,1,0,1,0,1
2312,1094,1218,25,89,13,12,0
62,62,0,1,0,1,0,1
146,146,0,1,0,1,0,1
5620,927,4693,17,15,10,7,0
146,146,0,1,0,1,0,1
4681,1774,2907,19,30,11,8,0
366,240,126,7,32,5,2,0
70,70,0,2,8,2,0,0
1600,581,1019,10,15,6,4,0
802,104,698,2,31,1,1,0
9318,3002,6316,28,46,16,12,0
1607,970,637,8,16,5,3,0
62,62,0,1,0,1,0,1
199,102,97,2,30,1,1,0
782,105,677,2,30,1,1,0
231,86,145,2,29,1,1,0
199,102,97,2,30,1,1,0
177,94,83,2,30,1,1,0
200,102,98,2,31,1,1,0
66,66,0,1,0,1,0,1
70,70,0,2,7,2,0,0
8297,1280,7017,15,135,7,8,0
178,94,84,2,29,1,1,0
318,86,232,2,30,1,1,0
145,145,0,1,0,1,0,1
1386,751,635,15,180,8,7,0
198,101,97,2,31,1,1,0
66,66,0,1,0,1,0,1
62,62,0,1,0,1,0,1
1740,834,906,16,16,10,6,0
177,94,83,2,30,1,1,0
600,306,294,6,0,3,3,0
9299,2445,6854,25,81,14,11,0
5544,1703,3841,19,31,11,8,0
9568,1982,7586,44,345,17,27,0
107768,4073,103695,177,15,58,119,0
66,66,0,1,0,1,0,2
167,86,81,2,30,1,1,0
8451,2320,6131,25,104,13,12,0
70,70,0,1,0,1,0,2
242,78,164,2,30,1,1,0
146,146,0,1,0,1,0,1
66,66,0,1,0,1,0,2
91813,4379,87434,101,16,37,64,0
692,300,392,9,26,6,3,0
70,70,0,1,0,1,0,2
66,66,0,1,0,1,0,2
66,66,0,1,0,1,0,2
9263,549,8714,17,3638,5,12,0
66,66,0,1,0,1,0,1
2190,1284,906,13,74,8,5,0
253,86,167,2,30,1,1,0
66,66,0,1,0,1,0,1
2066,651,1415,11,35,6,5,0
613,539,74,7,15,6,1,0
148,148,0,1,0,1,0,1
197,76,121,2,30,1,1,0
258,102,156,2,30,1,1,0
177,94,83,2,30,1,1,0
66,66,0,1,0,1,0,2
66,66,0,1,0,1,0,1
70,70,0,1,0,1,0,2
62,62,0,1,0,1,0,1
66,66,0,1,0,1,0,2
170,87,83,2,30,1,1,0
70,70,0,2,8,2,0,0
62,62,0,1,0,1,0,1
66,66,0,1,0,1,0,2
1114,468,646,12,67,6,6,0
62,62,0,1,0,1,0,1
66,66,0,1,0,1,0,1
66,66,0,1,0,1,0,1
586175,29694,556481,753,182,349,404,0
70,70,0,1,0,1,0,2
70,70,0,1,5,1,0,0
66,66,0,1,0,1,0,2
66,66,0,1,0,1,0,1
517,179,338,6,62,3,3,0
5168,700,4468,16,15,7,9,0
62,62,0,1,0,1,0,1
23112,6278,16834,140,115,55,85,0
164,84,80,2,31,1,1,0
1712,913,799,12,273,7,5,0
157,157,0,1,0,1,0,1
66,66,0,1,0,1,0,1
8138,2101,6037,17,121,9,8,0
66,66,0,1,0,1,0,1
138,78,60,2,5,1,1,0
196,102,94,2,30,1,1,0
190,97,93,2,31,1,1,0
66,66,0,1,0,1,0,1
70,70,0,1,0,1,0,2
330,86,244,2,30,1,1,0
6576,1937,4639,14,120,7,7,0
70,70,0,1,0,1,0,2
70,70,0,1,0,1,0,2
62,62,0,1,0,1,0,1
66,66,0,1,0,1,0,2
924,924,0,3,30,3,0,0
4741,1306,3435,26,300,14,12,0
405,110,295,4,38,2,2,0
181,94,87,2,30,1,1,0
70,70,0,1,0,1,0,2
62,62,0,1,0,1,0,1
82,82,0,1,31,1,0,0
264,102,162,2,30,1,1,0
31843,2847,28996,50,323,20,30,0
168,86,82,2,31,1,1,0
240,98,142,2,30,1,1,0
140,78,62,2,30,1,1,0
66,66,0,1,0,1,0,1
86,86,0,1,29,1,0,0
216,118,98,2,1199,1,1,0
66,66,0,1,0,1,0,2
177,94,83,2,30,1,1,0
164,84,80,2,31,1,1,0
815,95,720,2,31,1,1,0
70,70,0,1,0,1,0,2
66,66,0,1,0,1,0,2
5964,674,5290,16,60,7,9,0
512,166,346,2,29,1,1,0
66,66,0,1,0,1,0,1
70,70,0,1,0,1,0,2
392,101,291,4,39,2,2,0
186,95,91,2,30,1,1,0
299,103,196,4,51,2,2,0
66,66,0,1,0,1,0,1
819,102,717,2,30,1,1,0
198,102,96,2,30,1,1,0
10408,4790,5618,34,322,16,18,0
146,146,0,1,0,1,0,1
70,70,0,1,0,1,0,2
4909,1007,3902,14,35,8,6,0
9553,2175,7378,33,27,17,16,0
62,62,0,1,0,1,0,1
6103,2710,3393,58,212,28,30,0
380,92,288,4,37,2,2,0
66,66,0,1,0,1,0,1
6636,3565,3071,22,187,13,9,0
790,110,680,2,29,1,1,0
139,139,0,1,0,1,0,1
60,60,0,1,0,1,0,1
62,62,0,1,0,1,0,1
7552,2611,4941,24,360,13,11,0
8049,1805,6244,23,81,12,11,0
324745,7830,316915,327,31,112,215,0
146,146,0,1,0,1,0,1
60,60,0,1,0,1,0,1
6327,1143,5184,18,28,9,9,0
195,94,101,2,30,1,1,0
62,62,0,1,0,1,0,1
70,70,0,1,0,1,0,2
70,70,0,1,0,1,0,2
320,140,180,6,5,3,3,0
220,100,120,2,30,1,1,0
66,66,0,1,0,1,0,2
70,70,0,1,0,1,0,2
70,70,0,1,0,1,0,2
15687,3764,11923,32,34,18,14,0
753,96,657,2,31,1,1,0
427,90,337,4,41,2,2,0
66,66,0,1,0,1,0,1
6570,1988,4582,19,57,10,9,0
70,70,0,1,0,1,0,2
199,102,97,2,30,1,1,0
8083,1790,6293,27,150,14,13,0
882,126,756,2,30,1,1,0
70,70,0,1,0,1,0,2
21278,12533,8745,57,183,36,21,0
168,86,82,2,29,1,1,0
1248,516,732,9,15,4,5,0
1638,1324,314,10,16,5,5,0
79,79,0,2,34,2,0,0
16113,2152,13961,35,20,18,17,0
172,88,84,2,30,1,1,0
229,89,140,2,31,1,1,0
1712418,88847,1623571,2014,149,715,1299,0
60,60,0,1,0,1,0,1
168,86,82,2,30,1,1,0
7889,1900,5989,20,15,11,9,0
62,62,0,1,0,1,0,1
70,70,0,1,0,1,0,2
60,60,0,1,0,1,0,1
81,81,0,1,0,1,0,1
184,94,90,2,29,1,1,0
198,110,88,2,31,1,1,0
751,95,656,2,30,1,1,0
199,102,97,2,30,1,1,0
72676,12694,59982,144,127,64,80,0
8266,1963,6303,28,175,14,14,0
66,66,0,1,0,1,0,2
70,70,0,1,0,1,0,2
825,99,726,2,30,1,1,0
16230,11127,5103,69,330,34,35,0
66,66,0,1,0,1,0,1
82,82,0,1,30,1,0,0
66,66,0,1,0,1,0,2
168,86,82,2,31,1,1,0
70,70,0,1,0,1,0,2
146,146,0,1,0,1,0,1
168,78,90,2,29,1,1,0
250,86,164,4,30,2,2,0
60,60,0,1,0,1,0,1
66,66,0,1,0,1,0,2
179,94,85,2,30,1,1,0
16246,11056,5190,37,45,21,16,0
251,79,172,2,30,1,1,0
66,66,0,1,0,1,0,1
22402,14820,7582,52,20,29,23,0
718,94,624,2,31,1,1,0
70,70,0,2,8,2,0,0
323,110,213,2,30,1,1,0
1948,728,1220,11,150,6,5,0
70,70,0,1,0,1,0,2
753,96,657,2,31,1,1,0
66,66,0,1,0,1,0,1
392,102,290,2,30,1,1,0
66,66,0,1,0,1,0,2
11163,3642,7521,25,30,14,11,0
66,66,0,1,0,1,0,1
426,180,246,8,21,4,4,0
145,145,0,1,0,1,0,1
679,179,500,6,69,3,3,0
200,102,98,2,30,1,1,0
66,66,0,1,0,1,0,1
66,66,0,1,0,1,0,1
209,94,115,2,30,1,1,0
378,192,186,7,26,4,3,0
70,70,0,1,0,1,0,2
13059,3730,9329,73,3729,32,41,0
62,62,0,1,0,1,0,1
70,70,0,1,0,1,0,2
11427,6608,4819,37,248,21,16,0
70,70,0,2,8,2,0,0
62,62,0,1,0,1,0,1
66,66,0,1,0,1,0,2
9649,4615,5034,42,16,24,18,0
66,66,0,1,0,1,0,2
70,70,0,1,0,1,0,2
62,62,0,1,0,1,0,1
6653,3225,3428,18,135,9,9,0
19123,2319,16804,39,28,21,18,0
362,240,122,7,17,5,2,0
761,100,661,2,31,1,1,0
460,150,310,2,1199,1,1,0
1806,1806,0,22,224,22,0,0
258732,4788,253944,268,25,71,197,0
70,70,0,1,0,1,0,2
62,62,0,1,0,1,0,1
201,94,107,2,29,1,1,0
66,66,0,1,0,1,0,2
10130,4701,5429,34,82,18,16,0
70,70,0,1,0,1,0,2
62,62,0,1,0,1,0,1
448,78,370,6,25,1,5,0
178,94,84,2,30,1,1,0
223,86,137,2,30,1,1,0
70,70,0,1,0,1,0,2
70,70,0,1,0,1,0,2
66,66,0,1,0,1,0,1
48860,5749,43111,91,147,47,44,0
832,106,726,2,30,1,1,0
170,87,83,2,31,1,1,0
216,90,126,2,30,1,1,0
66,66,0,1,0,1,0,1
9648,3653,5995,37,155,19,18,0
571,166,405,2,29,1,1,0
196,100,96,2,31,1,1,0
821,102,719,2,30,1,1,0
70,70,0,1,0,1,0,2
183,94,89,2,30,1,1,0
3196404,47816,3148588,2668,147,469,2199,0
66,66,0,1,0,1,0,1
499,425,74,4,0,3,1,0
6601,1120,5481,17,116,9,8,0
146,146,0,1,0,1,0,1
376,126,250,2,30,1,1,0
62,62,0,1,0,1,0,1
4723,2593,2130,16,137,8,8,0
752907,69016,683891,1372,231,537,835,0
62,62,0,1,0,1,0,1
62,62,0,1,0,1,0,1
308771,8699,300072,322,30,112,210,0
30123,21849,8274,65,77,38,27,0
10208,2219,7989,37,125,19,18,0
66,66,0,1,0,1,0,2
60,60,0,1,0,1,0,1
66,66,0,1,0,1,0,1
6277,1868,4409,22,45,13,9,0
1899,1172,727,17,284,10,7,0
62,62,0,1,0,1,0,1
66,66,0,1,0,1,0,1
70,70,0,1,0,1,0,2
199,102,97,2,30,1,1,0
62,62,0,1,0,1,0,1
316,136,180,6,6,3,3,0
70,70,0,1,0,1,0,2
216,110,106,2,31,1,1,0
40612,4090,36522,71,150,31,40,0
48635,5346,43289,83,151,38,45,0
62,62,0,1,0,1,0,1
196,102,94,2,30,1,1,0
62,62,0,1,0,1,0,1
70,70,0,1,0,1,0,2
502,150,352,2,1200,1,1,0
168,86,82,2,31,1,1,0
307,86,221,2,30,1,1,0
130,70,60,2,5,1,1,0
62,62,0,1,0,1,0,1
184,94,90,2,31,1,1,0
197,102,95,2,33,1,1,0
62,62,0,1,0,1,0,1
66,66,0,1,0,1,0,1
60,60,0,1,90,1,0,0
5517,1390,4127,18,15,9,9,0
214,110,104,2,30,1,1,0
143,143,0,1,0,1,0,1
60,60,0,1,0,1,0,1
16708,2331,14377,31,21,14,17,0
70,70,0,1,0,1,0,2
6953,2447,4506,26,37,15,11,0
70,70,0,2,6,2,0,0
62,62,0,1,0,1,0,1
2859,1499,1360,20,315,10,10,0
179,94,85,2,31,1,1,0
62,62,0,1,0,1,0,1
2855,1780,1075,20,3600,10,10,0
66,66,0,2,7,2,0,0
198,94,104,2,30,1,1,0
177,94,83,2,30,1,1,0
3656,2345,1311,18,17,9,9,0
228,118,110,2,1200,1,1,0
1006,252,754,4,32,3,1,0
66,66,0,1,0,1,0,2
70,70,0,1,0,1,0,2
3481,1576,1905,17,187,10,7,0
66,66,0,1,0,1,0,1
145,145,0,1,0,1,0,1
179,94,85,2,30,1,1,0
1918,1469,449,10,20,6,4,0
6017,1285,4732,18,984,8,10,0
299,99,200,4,45,2,2,0
196,102,94,2,30,1,1,0
146,146,0,1,0,1,0,1
372,86,286,4,54,2,2,0
13706,1388,12318,26,255,14,12,0
70,70,0,1,5,1,0,0
8395,700,7695,17,15,8,9,0
62,62,0,1,0,1,0,1
371,237,134,3,33,2,1,0
70,70,0,1,0,1,0,2
195,102,93,2,30,1,1,0
70,70,0,1,0,1,0,2
25162,23336,1826,34,19,21,13,0
70,70,0,1,0,1,0,2
168,78,90,2,30,1,1,0
78,78,0,1,0,1,0,1
2253,1403,850,15,121,9,6,0
6400,1830,4570,26,316,13,13,0
249,78,171,2,29,1,1,0
62,62,0,1,0,1,0,1
78,78,0,1,0,1,0,1
70,70,0,1,0,1,0,2
711,87,624,2,30,1,1,0
199,102,97,2,30,1,1,0
66,66,0,1,0,1,0,2
742,88,654,2,31,1,1,0
786,110,676,2,30,1,1,0
70,70,0,1,0,1,0,2
208,94,114,2,31,1,1,0
3759,741,3018,15,45,8,7,0
3624,1910,1714,19,33,11,8,0
70,70,0,1,0,1,0,2
7221,2940,4281,30,23,16,14,0
70,70,0,1,5,1,0,0
12120,5747,6373,22,120,10,12,0
70,70,0,1,0,1,0,2
868,126,742,2,30,1,1,0
627,72,555,2,30,1,1,0
62,62,0,1,0,1,0,1
6318,1025,5293,17,31,9,8,0
214,94,120,2,30,1,1,0
70,70,0,1,0,1,0,2
458,188,270,6,31,3,3,0
179,86,93,2,29,1,1,0
66,66,0,1,0,1,0,1
74,74,0,1,0,1,0,1
70,70,0,1,0,1,0,2
756,95,661,2,30,1,1,0
1325,336,989,10,15,5,5,0
3170,1036,2134,13,135,6,7,0
34428,22220,12208,84,122,41,43,0
66,66,0,1,0,1,0,1
62,62,0,1,0,1,0,1
70,70,0,1,0,1,0,2
62,62,0,1,0,1,0,1
160,70,90,2,5,1,1,0
308,99,209,4,39,2,2,0
4848,1030,3818,16,26,9,7,0
66,66,0,1,0,1,0,1
66,66,0,1,0,1,0,2
62,62,0,1,0,1,0,1
195,102,93,2,31,1,1,0
60,60,0,1,0,1,0,1
62,62,0,1,0,1,0,1
13039,4388,8651,93,1191,47,46,0
4470,2381,2089,23,19,13,10,0
198,91,107,2,30,1,1,0
66,66,0,1,0,1,0,1
19594,11977,7617,48,100,25,23,0
196,100,96,2,31,1,1,0
14961,937,14024,25,16,11,14,0
1218354,26709,1191645,1128,133,332,796,0
360,93,267,4,57,2,2,0
8333,2292,6041,27,360,15,12,0
3410,1249,2161,16,136,8,8,0
4722,2945,1777,18,142,10,8,0
70,70,0,1,0,1,0,2
143,143,0,1,0,1,0,1
145,145,0,1,0,1,0,1
70,70,0,1,0,1,0,2
70,70,0,1,0,1,0,2
22799,6835,15964,35,56,20,15,0
198,101,97,2,31,1,1,0
638,306,332,11,84,6,5,0
66,66,0,1,0,1,0,1
7380,3474,3906,18,16,10,8,0
1157,817,340,10,26,5,5,0
211,102,109,2,30,1,1,0
70,70,0,2,7,2,0,0
62,62,0,1,0,1,0,1
1781,1062,719,16,275,8,8,0
70,70,0,1,0,1,0,2
62,62,0,1,0,1,0,1
66,66,0,1,0,1,0,1
70,70,0,1,0,1,0,2
62,62,0,1,0,1,0,1
168,78,90,2,31,1,1,0
66,66,0,1,0,1,0,1
70,70,0,2,8,2,0,0
62,62,0,1,0,1,0,1
184,78,106,2,30,1,1,0
70,70,0,1,0,1,0,2
66,66,0,1,0,1,0,2
66,66,0,1,0,1,0,1
60,60,0,1,0,1,0,1
850,114,736,2,30,1,1,0
66,66,0,1,0,1,0,2
66,66,0,1,0,1,0,1
62,62,0,1,0,1,0,1
66,66,0,1,0,1,0,1
330,330,0,6,1200,6,0,0
70,70,0,2,8,2,0,0
177,94,83,2,30,1,1,0
5026,973,4053,19,72,10,9,0
7477,3022,4455,27,45,15,12,0
227,88,139,2,31,1,1,0
8138,2333,5805,26,106,14,12,0
226,86,140,2,30,1,1,0
66,66,0,1,0,1,0,1
8991,1756,7235,28,26,15,13,0
1783,1346,437,7,15,5,2,0
1106,326,780,12,140,6,6,0
3648,2069,1579,16,85,9,7,0
66,66,0,1,0,1,0,1
499,425,74,4,0,3,1,0
66,66,0,1,0,1,0,2
66,66,0,1,0,1,0,1
9986,2440,7546,17,120,8,9,0
174,77,97,2,30,1,1,0
70,70,0,1,0,1,0,2
184,94,90,2,30,1,1,0
199,94,105,2,30,1,1,0
7439,1156,6283,19,75,11,8,0
6750,4410,2340,19,120,9,10,0
66,66,0,1,0,1,0,2
66,66,0,1,0,1,0,1
7271,2540,4731,32,20,18,14,0
70,70,0,1,0,1,0,2
66,66,0,1,0,1,0,2
890,126,764,2,30,1,1,0
70,70,0,1,0,1,0,2
12648,5285,7363,58,32,27,31,0
854,150,704,4,1200,2,2,0
3847,2650,1197,22,32,13,9,0
9021,2548,6473,38,80,19,19,0
9720,2717,7003,67,1019,34,33,0
10417,5338,5079,22,135,11,11,0
180,94,86,2,30,1,1,0
70,70,0,1,0,1,0,2
170,87,83,2,31,1,1,0
238,71,167,2,30,1,1,0
184,94,90,2,30,1,1,0
2136,1536,600,18,22,12,6,0
199,94,105,2,30,1,1,0
378,192,186,7,19,4,3,0
2088,1160,928,10,86,6,4,0
275,126,149,2,30,1,1,0
70,70,0,1,0,1,0,2
199,102,97,2,31,1,1,0
504,382,122,8,15,6,2,0
70,70,0,2,8,2,0,0
166,86,80,2,30,1,1,0
209,110,99,2,30,1,1,0
901,901,0,1,0,1,0,1
66,66,0,1,0,1,0,1
254,128,126,5,16,3,2,0
6903,1273,5630,25,255,13,12,0
66,66,0,1,5,1,0,0
184,94,90,2,31,1,1,0
330,330,0,6,3609,6,0,0
66,66,0,1,0,1,0,1
194,87,107,2,30,1,1,0
70,70,0,2,8,2,0,0
195,102,93,2,30,1,1,0
66,66,0,1,0,1,0,2
8830,2388,6442,29,124,14,15,0
10913,762,10151,17,19,7,10,0
70,70,0,1,0,1,0,2
60,60,0,1,0,1,0,1
62,62,0,1,0,1,0,1
307,105,202,4,47,2,2,0
66,66,0,1,0,1,0,1
66,66,0,1,0,1,0,1
145,145,0,1,0,1,0,1
142,142,0,1,0,1,0,1
430,85,345,4,54,2,2,0
596,256,340,10,30,5,5,0
24984,2042,22942,41,32,19,22,0
145,145,0,1,0,1,0,1
66,66,0,1,0,1,0,1
66,66,0,1,0,1,0,1
47752,21819,25933,119,704,59,60,0
212,94,118,2,30,1,1,0
124,124,0,1,0,1,0,1
60,60,0,1,0,1,0,1
86,86,0,1,30,1,0,0
184,94,90,2,31,1,1,0
504,318,186,8,16,5,3,0
115035,5282,109753,128,120,44,84,0
190,70,120,4,14,2,2,0
60,60,0,1,0,1,0,1
66,66,0,1,0,1,0,1
825,99,726,2,31,1,1,0
222,86,136,2,30,1,1,0
197,102,95,2,30,1,1,0
232,77,155,2,2,1,1,0
3354,1792,1562,46,194,23,23,0
146,146,0,1,0,1,0,1
7809,3013,4796,28,31,14,14,0
70,70,0,1,0,1,0,2
6540,5046,1494,19,115,12,7,0
49181,3553,45628,65,46,29,36,0
177,94,83,2,30,1,1,0
66,66,0,1,0,1,0,2
771,101,670,2,31,1,1,0
70,70,0,1,0,1,0,2
170,87,83,2,30,1,1,0
70,70,0,1,0,1,0,2
66,66,0,1,0,1,0,1
295,101,194,4,30,2,2,0
60,60,0,1,0,1,0,1
62,62,0,1,0,1,0,1
422,164,258,6,30,3,3,0
182,93,89,2,31,1,1,0
62,62,0,1,0,1,0,1
70,70,0,1,0,1,0,2
62,62,0,1,0,1,0,1
12477,3635,8842,23,55,13,10,0
146,146,0,1,0,1,0,1
198357,5070,193287,197,95,63,134,0
62,62,0,1,0,1,0,1
62,62,0,1,0,1,0,1
13176,4779,8397,47,17,29,18,0
27108,2396,24712,40,80,18,22,0
70,70,0,1,0,1,0,2
172,86,86,2,29,1,1,0
10558,2530,8028,25,186,14,11,0
66,66,0,1,0,1,0,1
70,70,0,1,0,1,0,2
70,70,0,1,0,1,0,2
66,66,0,1,0,1,0,2
139,139,0,1,0,1,0,1
14001,2908,11093,35,150,18,17,0
190,70,120,4,15,2,2,0
198,93,105,2,30,1,1,0
832,106,726,2,30,1,1,0
2782,1778,1004,20,33,10,10,0
66,66,0,1,0,1,0,1
66,66,0,1,0,1,0,1
8595,2118,6477,40,179,22,18,0
70,70,0,1,0,1,0,2
70,70,0,1,0,1,0,2
558,104,454,4,49,2,2,0
6676,1097,5579,21,26,11,10,0
178,91,87,2,31,1,1,0
3872,1641,2231,14,125,6,8,0
78426,3219,75207,98,96,37,61,0
172,94,78,2,29,1,1,0
66,66,0,1,0,1,0,2
70,70,0,1,0,1,0,2
168,86,82,2,29,1,1,0
79507,72433,7074,96,415,60,36,0
66,66,0,1,0,1,0,2
7641,5165,2476,25,18,13,12,0
4632,2660,1972,49,193,26,23,0
70,70,0,1,0,1,0,2
70,70,0,1,0,1,0,2
70,70,0,1,0,1,0,2
143,143,0,1,0,1,0,1
70,70,0,1,0,1,0,2
70,70,0,1,0,1,0,2
70,70,0,1,0,1,0,2
211,102,109,2,29,1,1,0
177,94,83,2,29,1,1,0
181333,21870,159463,187,175,65,122,0
18462,11672,6790,47,63,26,21,0
70,70,0,1,0,1,0,2
62,62,0,1,0,1,0,1
604,275,329,4,1199,2,2,0
1022491,42917,979574,1099,36,416,683,0
66,66,0,1,0,1,0,2
66,66,0,1,0,1,0,1
886702,38812,847890,1134,23,558,576,0
186,95,91,2,31,1,1,0
134,60,74,3,6,2,1,0
60,60,0,1,0,1,0,1
215,102,113,2,30,1,1,0
12243,6818,5425,30,314,16,14,0
504,382,122,8,16,6,2,0
62,62,0,1,0,1,0,1
450,246,204,8,25,5,3,0
78,78,0,1,0,1,0,1
536,113,423,4,56,2,2,0
94,94,0,1,29,1,0,0
166,85,81,2,31,1,1,0
199,102,97,2,30,1,1,0
778,103,675,2,31,1,1,0
31297,21354,9943,55,363,28,27,0
60,60,0,1,0,1,0,1
5168,700,4468,16,15,7,9,0
180,94,86,2,31,1,1,0
184,94,90,2,31,1,1,0
405189,13572,391617,446,89,155,291,0
200,94,106,2,30,1,1,0
66,66,0,1,0,1,0,2
70,70,0,1,0,1,0,2
66,66,0,1,0,1,0,2
62,62,0,1,0,1,0,1
304,86,218,2,30,1,1,0
66,66,0,1,0,1,0,2
62,62,0,1,0,1,0,1
197,102,95,2,33,1,1,0
70,70,0,1,4,1,0,0
86,86,0,1,30,1,0,0
3983,1663,2320,40,151,19,21,0
6440,3492,2948,19,135,9,10,0
280,91,189,4,33,2,2,0
6129,3123,3006,12,120,7,5,0
241,98,143,2,30,1,1,0
70,70,0,1,0,1,0,2
70,70,0,1,0,1,0,2
12007,942,11065,19,120,8,11,0
66,66,0,1,0,1,0,2
9772,1954,7818,23,130,12,11,0
195,102,93,2,29,1,1,0
66,66,0,1,0,1,0,2
70,70,0,1,0,1,0,2
10207,3126,7081,26,24,14,12,0
66,66,0,1,0,1,0,1
66,66,0,1,0,1,0,1
66,66,0,1,0,1,0,1
13695,1377,12318,26,255,14,12,0
70,70,0,1,0,1,0,2
70,70,0,1,0,1,0,2
66,66,0,1,0,1,0,1
70,70,0,1,0,1,0,2
85989,14398,71591,143,15,40,103,0
1857,1218,639,18,119,11,7,0
60,60,0,1,0,1,0,1
60,60,0,1,0,1,0,1
245,94,151,2,30,1,1,0
11181,7329,3852,39,53,20,19,0
66,66,0,1,0,1,0,2
499,425,74,4,0,3,1,0
70,70,0,1,0,1,0,2
134,60,74,3,6,2,1,0
182448,3931,178517,161,26,36,125,0
160,70,90,2,5,1,1,0
3961,1595,2366,21,15,12,9,0
170,87,83,2,30,1,1,0
146,146,0,1,0,1,0,1
159,159,0,1,0,1,0,1
2281,1126,1155,25,120,12,13,0
817,98,719,2,30,1,1,0
70,70,0,1,0,1,0,2
7980,5952,2028,22,99,12,10,0
62,62,0,1,0,1,0,1
193,102,91,2,30,1,1,0
62,62,0,1,0,1,0,1
3894,969,2925,20,153,9,11,0
6748,1843,4905,21,29,11,10,0
10488,4495,5993,38,32,20,18,0
197,102,95,2,31,1,1,0
9606,1228,8378,20,115,9,11,0
228,102,126,2,30,1,1,0
70,70,0,1,0,1,0,2
70,70,0,1,0,1,0,2
177,94,83,2,30,1,1,0
199,102,97,2,30,1,1,0
70,70,0,1,0,1,0,2
100,100,0,1,0,1,0,1
648,256,392,8,27,5,3,0
66,66,0,1,0,1,0,1
854,150,704,4,1200,2,2,0
102,102,0,1,30,1,0,0
168,78,90,2,30,1,1,0
184,94,90,2,30,1,1,0
66,66,0,1,0,1,0,1
146,146,0,1,0,1,0,1
6058,1038,5020,20,71,11,9,0
426,240,186,8,25,5,3,0
1117339,17881,1099458,1006,16,256,750,0
1376,946,430,8,87,5,3,0
168,86,82,2,30,1,1,0
62,62,0,1,0,1,0,1
66,66,0,1,0,1,0,2
214,110,104,2,30,1,1,0
70,70,0,1,0,1,0,2
287,93,194,4,56,2,2,0
177,94,83,2,30,1,1,0
148,148,0,1,0,1,0,1
919,126,793,2,30,1,1,0
66,66,0,1,0,1,0,2
248,102,146,2,29,1,1,0
66,66,0,1,0,1,0,2
146,146,0,1,0,1,0,1
1446,914,532,8,16,5,3,0
170,87,83,2,30,1,1,0
66,66,0,1,0,1,0,1
346,346,0,1,0,1,0,1
821,102,719,2,30,1,1,0
180,94,86,2,30,1,1,0
145,145,0,1,0,1,0,1
161,161,0,1,0,1,0,1
1348,844,504,13,255,8,5,0
213,102,111,2,30,1,1,0
2713,753,1960,12,15,7,5,0
66,66,0,1,0,1,0,1
1883,1448,435,11,16,6,5,0
70,70,0,1,0,1,0,2
70,70,0,1,0,1,0,2
186,95,91,2,31,1,1,0
193,102,91,2,30,1,1,0
70,70,0,2,8,2,0,0
62,62,0,1,0,1,0,1
66,66,0,1,0,1,0,1
4961,2148,2813,30,90,13,17,0
66,66,0,1,0,1,0,1
62,62,0,1,0,1,0,1
62,62,0,1,0,1,0,1
4882,2412,2470,32,155,16,16,0
24203,14278,9925,168,320,74,94,0
60,60,0,1,0,1,0,1
74,74,0,1,0,1,0,1
70,70,0,1,4,1,0,0
4426,1518,2908,12,120,6,6,0
70,70,0,1,0,1,0,2
70,70,0,1,0,1,0,2
244,98,146,2,32,1,1,0
146,146,0,1,0,1,0,1
217,87,130,2,31,1,1,0
594,594,0,10,1199,10,0,0
247,94,153,2,30,1,1,0
177,94,83,2,29,1,1,0
177,94,83,2,30,1,1,0
146,146,0,1,0,1,0,1
939,126,813,2,30,1,1,0
66,66,0,1,0,1,0,2
62,62,0,1,0,1,0,1
17923,13519,4404,41,151,26,15,0
177,94,83,2,30,1,1,0
184,94,90,2,30,1,1,0
70,70,0,1,0,1,0,2
179,94,85,2,30,1,1,0
66,66,0,1,0,1,0,1
1979,1326,653,16,500,10,6,0
194,102,92,2,30,1,1,0
12472,1628,10844,35,195,16,19,0
70,70,0,1,0,1,0,2
60,60,0,1,0,1,0,1
70,70,0,1,0,1,0,2
13326,1847,11479,27,31,14,13,0
210,110,100,2,33,1,1,0
186,95,91,2,30,1,1,0
167,107,60,2,5,1,1,0
66,66,0,1,0,1,0,2
70,70,0,1,0,1,0,2
62,62,0,1,0,1,0,1
99276,88410,10866,143,333,78,65,0
66,66,0,1,0,1,0,1
29425,9485,19940,54,35,27,27,0
179,94,85,2,31,1,1,0
59999,8737,51262,95,18,43,52,0
62,62,0,1,0,1,0,1
70,70,0,1,0,1,0,2
271,93,178,4,43,2,2,0
196,102,94,2,30,1,1,0
66,66,0,1,0,1,0,2
70,70,0,1,0,1,0,2
193,102,91,2,29,1,1,0
499,425,74,4,0,3,1,0
66,66,0,1,0,1,0,1
3330,1694,1636,15,30,8,7,0
66,66,0,1,0,1,0,2
70,70,0,1,0,1,0,2
10505,6856,3649,29,16,15,14,0
166,85,81,2,31,1,1,0
502,150,352,2,1200,1,1,0
9818,2008,7810,23,317,12,11,0
62,62,0,1,0,1,0,1
70,70,0,1,0,1,0,2
66,66,0,1,0,1,0,2
198,89,109,2,31,1,1,0
66,66,0,1,0,1,0,1
70,70,0,1,0,1,0,2
74,74,0,1,0,1,0,1
2608,1523,1085,19,15,10,9,0
143727,72050,71677,1106,10824,655,451,0
197,86,111,2,29,1,1,0
66,66,0,1,0,1,0,1
5202,3361,1841,19,16,10,9,0
194,99,95,2,31,1,1,0
66,66,0,2,8,2,0,0
60,60,0,1,0,1,0,1
215,94,121,2,29,1,1,0
711,87,624,2,30,1,1,0
273,118,155,2,30,1,1,0
66,66,0,1,0,1,0,2
8186,2146,6040,29,33,16,13,0
7203,2188,5015,23,186,11,12,0
247,98,149,2,32,1,1,0
4552,1255,3297,27,183,12,15,0
70,70,0,1,0,1,0,2
994,86,908,2,29,1,1,0
177,94,83,2,30,1,1,0
878,126,752,2,30,1,1,0
156,156,0,3,8,3,0,0
62,62,0,1,0,1,0,1
3623810,67493,3556317,3486,35,943,2543,0
70,70,0,1,0,1,0,2
66,66,0,1,0,1,0,1
70,70,0,1,0,1,0,2
9612,1720,7892,32,130,15,17,0
199,102,97,2,30,1,1,0
60,60,0,1,0,1,0,1
62,62,0,1,0,1,0,1
66,66,0,1,0,1,0,1
734,462,272,2,30,1,1,0
70,70,0,1,0,1,0,2
193,102,91,2,30,1,1,0
320,140,180,6,5,3,3,0
62,62,0,1,0,1,0,1
198,94,104,2,30,1,1,0
66,66,0,1,0,1,0,1
74,74,0,1,0,1,0,1
66,66,0,1,0,1,0,2
52223,3318,48905,75,321,30,45,0
1857,1218,639,18,104,11,7,0
145,145,0,1,0,1,0,1
66,66,0,1,0,1,0,1
130,70,60,2,15,1,1,0
197,102,95,2,30,1,1,0
81670,2359,79311,89,621,30,59,0
70,70,0,1,4,1,0,0
4166,2141,2025,18,18,9,9,0
60,60,0,1,0,1,0,1
145,145,0,1,0,1,0,1
762,97,665,2,31,1,1,0
499,425,74,4,0,3,1,0
70,70,0,1,0,1,0,2
62,62,0,1,0,1,0,1
924,924,0,3,29,3,0,0
70,70,0,1,0,1,0,2
62,62,0,1,0,1,0,1
2629,1470,1159,18,15,8,10,0
298,92,206,4,41,2,2,0
210,110,100,2,30,1,1,0
867883,29498,838385,922,58,328,594,0
70,70,0,1,0,1,0,2
195,102,93,2,31,1,1,0
235,90,145,2,33,1,1,0
62,62,0,1,0,1,0,1
68504,9909,58595,93,62,46,47,0
70,70,0,1,0,1,0,2
216,102,114,2,30,1,1,0
3211,781,2430,17,135,8,9,0
70,70,0,2,8,2,0,0
70,70,0,1,0,1,0,2
211,110,101,2,30,1,1,0
66,66,0,1,0,1,0,2
66,66,0,1,0,1,0,1
62,62,0,1,0,1,0,1
3886,2545,1341,18,18,10,8,0
66,66,0,1,0,1,0,2
70,70,0,1,0,1,0,2
70,70,0,1,0,1,0,2
4792,2767,2025,38,255,20,18,0
62,62,0,1,0,1,0,1
204,118,86,2,31,1,1,0
66,66,0,1,0,1,0,2
12569,8228,4341,28,256,16,12,0
70,70,0,1,0,1,0,2
6517,2048,4469,21,90,12,9,0
60,60,0,1,0,1,0,1
7453,2953,4500,19,21,10,9,0
70,70,0,1,0,1,0,2
168,86,82,2,29,1,1,0
66,66,0,1,0,1,0,2
130,70,60,2,5,1,1,0
66,66,0,1,0,1,0,2
62,62,0,1,0,1,0,1
164,84,80,2,31,1,1,0
13078,7055,6023,114,162,59,55,0
70,70,0,1,0,1,0,2
6437,1994,4443,22,87,12,10,0
66,66,0,1,0,1,0,2
70,70,0,1,5,1,0,0
70,70,0,1,0,1,0,2
860,794,66,6,17,5,1,0
573,499,74,6,15,5,1,0
186,102,84,2,29,1,1,0
70,70,0,1,0,1,0,2
70,70,0,1,0,1,0,2
146,146,0,1,0,1,0,1
70,70,0,1,0,1,0,2
62,62,0,1,0,1,0,1
70,70,0,1,5,1,0,0
5100,1620,3480,17,114,10,7,0
196,102,94,2,30,1,1,0
62,62,0,1,0,1,0,1
499,425,74,4,0,3,1,0
62,62,0,1,0,1,0,1
62,62,0,1,0,1,0,1
1031,314,717,13,175,3,10,0
209,94,115,2,30,1,1,0
66,66,0,1,0,1,0,2
402,142,260,2,30,1,1,0
2149,1165,984,15,77,8,7,0
15848,13507,2341,37,32,19,18,0
16225,2078,14147,38,42,19,19,0
625,192,433,6,46,3,3,0
4627,1720,2907,19,28,11,8,0
70,70,0,1,0,1,0,2
66,66,0,1,0,1,0,1
12877,5188,7689,27,130,12,15,0
70,70,0,1,0,1,0,2
9026,3447,5579,50,45,26,24,0
194,102,92,2,30,1,1,0
70,70,0,1,0,1,0,2
250,78,172,2,30,1,1,0
1547,960,587,14,17,8,6,0
3062,1747,1315,17,16,9,8,0
18921,10848,8073,49,401,20,29,0
283,78,205,2,29,1,1,0
70,70,0,1,0,1,0,2
495,495,0,1,0,1,0,1
194,102,92,2,29,1,1,0
60,60,0,1,0,1,0,1
167,86,81,2,30,1,1,0
70,70,0,1,0,1,0,2
1779,793,986,17,58,6,11,0
70,70,0,1,0,1,0,2
66,66,0,1,0,1,0,2
727,223,504,6,70,3,3,0
70,70,0,1,5,1,0,0
499,425,74,4,0,3,1,0
1622,1137,485,11,26,7,4,0
167,86,81,2,30,1,1,0
217,87,130,2,30,1,1,0
66,66,0,1,0,1,0,1
211,78,133,2,30,1,1,0
66,66,0,1,0,1,0,1
66,66,0,1,0,1,0,1
130,70,60,3,5,2,1,0
311,118,193,2,30,1,1,0
10803,4485,6318,36,345,19,17,0
6407,984,5423,21,360,11,10,0
550,550,0,6,35,6,0,0
62,62,0,1,0,1,0,1
14739,1296,13443,30,306,9,21,0
3354,1792,1562,46,193,23,23,0
164,78,86,2,30,1,1,0
62,62,0,1,0,1,0,1
170,87,83,2,30,1,1,0
70,70,0,1,0,1,0,2
70,70,0,1,5,1,0,0
2845,1694,1151,18,125,10,8,0
5581,1388,4193,19,15,9,10,0
74,74,0,1,0,1,0,1
303,85,218,2,30,1,1,0
66,66,0,1,0,1,0,1
60,60,0,1,0,1,0,1
744,89,655,2,30,1,1,0
62,62,0,1,0,1,0,1
62,62,0,1,0,1,0,1
74,74,0,1,0,1,0,1
233,91,142,2,30,1,1,0
35580,13335,22245,69,23,38,31,0
62,62,0,1,0,1,0,1
62,62,0,1,0,1,0,1
70,70,0,1,0,1,0,2
70,70,0,1,0,1,0,2
377,94,283,2,29,1,1,0
62,62,0,1,0,1,0,1
66,66,0,1,5,1,0,0
7434,3830,3604,17,26,9,8,0
70,70,0,1,0,1,0,2
14855,1611,13244,26,77,14,12,0
70,70,0,1,0,1,0,2
199,102,97,2,30,1,1,0
34175,1680,32495,42,126,15,27,0
157,94,63,2,30,1,1,0
62,62,0,1,0,1,0,1
60,60,0,1,0,1,0,1
62,62,0,1,0,1,0,1
66,66,0,1,0,1,0,2
62,62,0,1,0,1,0,1
60,60,0,1,0,1,0,1
674,130,544,11,129,3,8,0
70,70,0,1,0,1,0,2
5329,2082,3247,22,40,13,9,0
770,101,669,2,30,1,1,0
66,66,0,1,0,1,0,2
66,66,0,1,0,1,0,1
66,66,0,2,7,2,0,0
62,62,0,1,0,1,0,1
70,70,0,1,0,1,0,2
3297,2327,970,22,51,11,11,0
202,103,99,2,31,1,1,0
141348,4210,137138,161,17,58,103,0
145,145,0,1,0,1,0,1
66,66,0,1,5,1,0,0
62,62,0,1,0,1,0,1
274,94,180,2,30,1,1,0
66,66,0,1,0,1,0,1
66,66,0,1,0,1,0,2
734,94,640,2,29,1,1,0
62,62,0,1,0,1,0,1
70,70,0,1,0,1,0,2
66,66,0,1,0,1,0,1
66,66,0,1,0,1,0,1
7498,2799,4699,24,17,13,11,0
66,66,0,1,0,1,0,2
70,70,0,1,0,1,0,2
7070,1030,6040,19,33,11,8,0
62,62,0,1,0,1,0,1
70,70,0,1,0,1,0,2
90097,3289,86808,93,15,28,65,0
775,102,673,2,30,1,1,0
5660,3864,1796,27,95,14,13,0
552,280,272,9,30,5,4,0
7766,1810,5956,24,46,14,10,0
5841,1986,3855,19,15,11,8,0
2914,1780,1134,16,15,8,8,0
7232,2925,4307,27,16,16,11,0
300,102,198,2,30,1,1,0
70,70,0,1,0,1,0,2
312,192,120,6,41,4,2,0
62,62,0,1,0,1,0,1
70,70,0,1,0,1,0,2
66,66,0,1,0,1,0,2
70,70,0,1,0,1,0,2
733,94,639,2,30,1,1,0
62,62,0,1,0,1,0,1
168,86,82,2,30,1,1,0
14451,3012,11439,33,32,18,15,0
165616,8760,156856,199,82,79,120,0
214,110,104,2,30,1,1,0
145,145,0,1,0,1,0,1
66,66,0,1,0,1,0,2
182,93,89,2,31,1,1,0
94,94,0,1,30,1,0,0
70,70,0,1,0,1,0,2
182,60,122,4,26,2,2,0
62,62,0,1,0,1,0,1
60,60,0,1,0,1,0,1
66,66,0,1,0,1,0,1
146,146,0,1,0,1,0,1
9387,2961,6426,38,18,23,15,0
499,425,74,4,0,3,1,0
62,62,0,1,0,1,0,1
60,60,0,1,0,1,0,1
7367,1149,6218,18,26,9,9,0
70,70,0,1,0,1,0,2
62,62,0,1,0,1,0,1
66,66,0,1,0,1,0,1
11772,5416,6356,25,49,15,10,0
70,70,0,1,4,1,0,0
70,70,0,1,0,1,0,2
60,60,0,1,0,1,0,1
70,70,0,2,7,2,0,0
70,70,0,1,0,1,0,2
66,66,0,1,0,1,0,2
66,66,0,1,0,1,0,1
62,62,0,1,0,1,0,1
56226,4852,51374,71,106,30,41,0
814431,31637,782794,913,315,346,567,0
70,70,0,1,0,1,0,2
10209,2574,7635,39,917,18,21,0
193,102,91,2,30,1,1,0
1462,735,727,15,185,8,7,0
8074,2054,6020,20,15,11,9,0
11019,4204,6815,23,49,13,10,0
5643,2397,3246,26,159,14,12,0
70,70,0,1,0,1,0,2
62,62,0,1,0,1,0,1
211,110,101,2,30,1,1,0
1401,828,573,11,38,6,5,0
184,94,90,2,30,1,1,0
66,66,0,1,0,1,0,2
309,118,191,2,30,1,1,0
1268,703,565,11,23,6,5,0
62,62,0,1,0,1,0,1
66,66,0,1,0,1,0,1
70,70,0,2,8,2,0,0
62,62,0,1,0,1,0,1
70,70,0,1,0,1,0,2
70,70,0,1,0,1,0,2
5696,1143,4553,23,119,12,11,0
70,70,0,1,0,1,0,2
237,91,146,2,33,1,1,0
66,66,0,1,0,1,0,1
881,126,755,2,31,1,1,0
70,70,0,1,0,1,0,2
314,102,212,2,30,1,1,0
70,70,0,1,5,1,0,0
70,70,0,1,0,1,0,2
146,146,0,1,0,1,0,1
66,66,0,1,0,1,0,1
4942,2409,2533,11,120,6,5,0
7914,1925,5989,20,15,11,9,0
6300,2644,3656,16,121,8,8,0
70,70,0,1,5,1,0,0
190,97,93,2,31,1,1,0
192,98,94,2,30,1,1,0
196,94,102,2,30,1,1,0
294,86,208,2,30,1,1,0
62,62,0,1,0,1,0,1
227,89,138,2,31,1,1,0
66,66,0,1,0,1,0,2
60,60,0,1,0,1,0,1
2227,1018,1209,17,15,8,9,0
4269,1451,2818,22,3002,13,9,0
177,94,83,2,29,1,1,0
70,70,0,1,0,1,0,2
214,110,104,2,29,1,1,0
184,94,90,2,30,1,1,0
211,102,109,2,30,1,1,0
62,62,0,1,0,1,0,1
302,110,192,2,30,1,1,0
66,66,0,1,0,1,0,1
66,66,0,1,0,1,0,1
366,180,186,7,93,4,3,0
146,146,0,1,0,1,0,1
9794,2178,7616,26,48,16,10,0
70,70,0,1,0,1,0,2
527,166,361,2,1200,1,1,0
265275,25834,239441,366,101,182,184,0
9492,3543,5949,49,117,25,24,0
499,425,74,4,0,3,1,0
70,70,0,1,0,1,0,2
70,70,0,1,0,1,0,2
146,146,0,1,0,1,0,1
66,66,0,1,0,1,0,1
177,94,83,2,29,1,1,0
62,62,0,1,0,1,0,1
70,70,0,1,0,1,0,2
4795,2875,1920,19,143,10,9,0
62,62,0,1,0,1,0,1
731,91,640,2,31,1,1,0
9624,2231,7393,24,22,14,10,0
70,70,0,2,8,2,0,0
167,86,81,2,30,1,1,0
66,66,0,1,0,1,0,1
312,132,180,6,6,3,3,0
62,62,0,1,0,1,0,1
178,94,84,2,30,1,1,0
6444,2640,3804,18,122,9,9,0
196,94,102,2,30,1,1,0
2147,1315,832,14,3601,7,7,0
8007,1987,6020,20,15,11,9,0
5106,700,4406,15,15,7,8,0
197,90,107,2,30,1,1,0
718,94,624,2,30,1,1,0
193,102,91,2,31,1,1,0
62,62,0,1,0,1,0,1
66,66,0,1,0,1,0,2
5238,695,4543,14,25,8,6,0
66,66,0,1,0,1,0,1
60,60,0,1,0,1,0,1
70,70,0,2,7,2,0,0
168,86,82,2,29,1,1,0
255,110,145,2,30,1,1,0
198,102,96,2,30,1,1,0
17336,5332,12004,33,121,18,15,0
199,94,105,2,31,1,1,0
6350667,198580,6152087,6885,451,2497,4388,0
199,102,97,2,30,1,1,0
889,126,763,2,30,1,1,0
70,70,0,1,0,1,0,2
66,66,0,1,0,1,0,1
214215,11945,202270,260,94,110,150,0
70,70,0,1,0,1,0,2
1155,781,374,10,15,6,4,0
214,110,104,2,30,1,1,0
70,70,0,1,4,1,0,0
194,102,92,2,31,1,1,0
252,78,174,2,29,1,1,0
70,70,0,1,0,1,0,2
698,320,378,10,17,6,4,0
62,62,0,1,0,1,0,1
70,70,0,1,0,1,0,2
62,62,0,1,0,1,0,1
194,102,92,2,30,1,1,0
508206,39212,468994,748,192,296,452,0
185,102,83,2,30,1,1,0
200,102,98,2,30,1,1,0
250,94,156,2,30,1,1,0
442,250,192,8,25,5,3,0
718,94,624,2,30,1,1,0
1413,876,537,12,26,6,6,0
168,86,82,2,31,1,1,0
70,70,0,1,0,1,0,2
16554,7445,9109,49,255,24,25,0
70,70,0,1,0,1,0,2
66,66,0,1,0,1,0,1
5096,810,4286,15,15,8,7,0
177,94,83,2,30,1,1,0
70,70,0,1,0,1,0,2
1262512,53286,1209226,1457,280,548,909,0
70,70,0,1,0,1,0,2
54318,27824,26494,227,174,113,114,0
60,60,0,1,0,1,0,1
177,94,83,2,31,1,1,0
62,62,0,1,0,1,0,1
180,92,88,2,30,1,1,0
145,145,0,1,0,1,0,1
66,66,0,2,7,2,0,0
5658,501,5157,14,15,7,7,0
209,102,107,2,30,1,1,0
3317,2376,941,17,165,9,8,0
183,94,89,2,30,1,1,0
78,78,0,1,30,1,0,0
62,62,0,1,0,1,0,1
70,70,0,1,0,1,0,2
504,318,186,8,15,5,3,0
193,102,91,2,29,1,1,0
66,66,0,1,0,1,0,2
745,93,652,2,30,1,1,0
2188,1282,906,13,47,8,5,0
296,91,205,4,55,2,2,0
5445,1072,4373,24,80,11,13,0
208,60,148,4,10,2,2,0
320,140,180,6,6,3,3,0
204,118,86,2,30,1,1,0
103248,6121,97127,124,144,47,77,0
66,66,0,1,0,1,0,2
70,70,0,1,0,1,0,2
711,87,624,2,30,1,1,0
66,66,0,1,0,1,0,1
316,136,180,6,6,3,3,0
55500,40540,14960,137,131,72,65,0
460,150,310,2,1200,1,1,0
8119,1411,6708,20,200,11,9,0
166,85,81,2,31,1,1,0
66,66,0,1,0,1,0,1
214,140,74,4,15,3,1,0
126,60,66,3,10,2,1,0
5605,3306,2299,21,74,13,8,0
214,110,104,2,30,1,1,0
62,62,0,1,0,1,0,1
330,330,0,6,1199,6,0,0
70,70,0,1,0,1,0,2
70,70,0,1,0,1,0,2
70,70,0,1,0,1,0,2
62,62,0,1,0,1,0,1
3715,1659,2056,35,188,18,17,0
330,101,229,4,47,2,2,0
238429,14932,223497,314,48,159,155,0
2392,917,1475,16,224,8,8,0
70,70,0,1,0,1,0,2
186,102,84,2,30,1,1,0
66,66,0,1,0,1,0,2
184,94,90,2,30,1,1,0
62,62,0,1,0,1,0,1
7238,2601,4637,20,17,10,10,0
8499,2011,6488,17,21,8,9,0
66,66,0,1,0,1,0,2
70,70,0,2,7,2,0,0
66,66,0,1,0,1,0,1
62,62,0,1,0,1,0,1
1277649,37293,1240356,1337,303,459,878,0
167,86,81,2,30,1,1,0
181,94,87,2,31,1,1,0
70,70,0,1,0,1,0,2
66,66,0,1,0,1,0,2
6053,3586,2467,17,135,8,9,0
1131,772,359,10,151,6,4,0
422,164,258,6,30,3,3,0
70,70,0,1,0,1,0,2
195,102,93,2,31,1,1,0
70,70,0,1,0,1,0,2
238,94,144,2,30,1,1,0
184,94,90,2,30,1,1,0
62,62,0,1,0,1,0,1
70,70,0,1,4,1,0,0
14492,3190,11302,34,16,19,15,0
168,86,82,2,30,1,1,0
70,70,0,1,5,1,0,0
70,70,0,2,8,2,0,0
70,70,0,1,0,1,0,2
8557,1755,6802,28,35,14,14,0
70,70,0,1,0,1,0,2
215,86,129,2,30,1,1,0
8059,2039,6020,20,15,11,9,0
195,102,93,2,30,1,1,0
62,62,0,1,0,1,0,1
40484,2008,38476,47,145,17,30,0
66,66,0,1,0,1,0,1
8868,3774,5094,20,89,10,10,0
822,102,720,2,30,1,1,0
66,66,0,1,0,1,0,2
282,94,188,2,29,1,1,0
70,70,0,1,0,1,0,2
196,102,94,2,30,1,1,0
66,66,0,1,0,1,0,2
62,62,0,1,0,1,0,1
9607,3847,5760,51,134,26,25,0
146,146,0,1,0,1,0,1
70,70,0,1,0,1,0,2
177,94,83,2,29,1,1,0
70,70,0,1,0,1,0,2
197,102,95,2,30,1,1,0
70,70,0,1,0,1,0,2
8057,2037,6020,20,15,11,9,0
70,70,0,1,0,1,0,2
3642,421,3221,12,16,6,6,0
102242,12176,90066,149,156,68,81,0
203,82,121,2,30,1,1,0
20648,4726,15922,40,48,19,21,0
66,66,0,1,0,1,0,2
349197,16542,332655,411,129,150,261,0
70,70,0,1,0,1,0,2
146,146,0,1,0,1,0,1
74,74,0,1,0,1,0,1
314,192,122,6,15,4,2,0
168,78,90,2,30,1,1,0
213,87,126,2,30,1,1,0
168,86,82,2,29,1,1,0
70,70,0,1,0,1,0,2
60,60,0,1,0,1,0,1
229,90,139,2,30,1,1,0
60,60,0,1,0,1,0,1
62,62,0,1,0,1,0,1
66,66,0,1,0,1,0,2
8471,3278,5193,21,120,11,10,0
66,66,0,1,0,1,0,2
62,62,0,1,0,1,0,1
1633,1038,595,14,34,8,6,0
66,66,0,1,0,1,0,2
70,70,0,2,8,2,0,0
5306,1619,3687,20,29,12,8,0
3835,1767,2068,21,187,12,9,0
183,94,89,2,31,1,1,0
1973,1021,952,10,15,6,4,0
127147,41867,85280,198,240,91,107,0
195,102,93,2,30,1,1,0
195,102,93,2,29,1,1,0
70,70,0,1,0,1,0,2
66,66,0,1,0,1,0,1
70,70,0,1,0,1,0,2
66,66,0,1,0,1,0,2
579,88,491,4,35,2,2,0
3308,2109,1199,30,751,16,14,0
7888,1899,5989,20,15,11,9,0
32942,2548,30394,58,255,28,30,0
9310,2994,6316,25,122,11,14,0
70,70,0,1,0,1,0,2
185,102,83,2,29,1,1,0
66,66,0,1,0,1,0,1
499,425,74,4,0,3,1,0
130,70,60,3,6,2,1,0
70,70,0,2,8,2,0,0
8876,1061,7815,18,144,9,9,0
70,70,0,1,0,1,0,2
168,86,82,2,30,1,1,0
66,66,0,1,0,1,0,2
70,70,0,1,0,1,0,2
698,366,332,12,44,7,5,0
70,70,0,1,0,1,0,2
497,118,379,2,30,1,1,0
6445,2145,4300,29,33,17,12,0
160,160,0,1,0,1,0,1
70,70,0,2,9,2,0,0
193,102,91,2,31,1,1,0
62,62,0,1,0,1,0,1
70,70,0,1,0,1,0,2
197,102,95,2,30,1,1,0
234,94,140,2,29,1,1,0
66,66,0,1,0,1,0,1
2854,1732,1122,16,15,8,8,0
70,70,0,1,0,1,0,2
877,126,751,2,30,1,1,0
62,62,0,1,0,1,0,1
1916,1467,449,10,19,6,4,0
66,66,0,1,0,1,0,1
66,66,0,1,0,1,0,1
66,66,0,1,0,1,0,2
70,70,0,1,5,1,0,0
7735,1260,6475,16,133,7,9,0
66,66,0,1,0,1,0,2
66,66,0,1,0,1,0,1
78,78,0,1,30,1,0,0
316,136,180,6,5,3,3,0
66,66,0,1,0,1,0,2
200,102,98,2,30,1,1,0
62,62,0,1,0,1,0,1
66,66,0,1,0,1,0,1
20402,16563,3839,29,24,17,12,0
325,102,223,2,30,1,1,0
60,60,0,1,0,1,0,1
66,66,0,1,5,1,0,0
62,62,0,1,0,1,0,1
25404,2462,22942,47,32,25,22,0
304,86,218,2,30,1,1,0
183,94,89,2,30,1,1,0
298,87,211,4,48,2,2,0
66,66,0,1,0,1,0,1
146,146,0,1,0,1,0,1
15538,1307,14231,27,45,15,12,0
179,94,85,2,31,1,1,0
14922,10566,4356,39,75,20,19,0
286,103,183,4,48,2,2,0
66,66,0,1,0,1,0,1
60,60,0,1,0,1,0,1
304,86,218,2,30,1,1,0
66,66,0,1,0,1,0,1
70,70,0,1,0,1,0,2
1292,1292,0,1,0,1,0,1
70,70,0,1,0,1,0,2
60,60,0,1,0,1,0,1
499,425,74,4,0,3,1,0
202,103,99,2,30,1,1,0
170,87,83,2,31,1,1,0
86,86,0,1,30,1,0,0
62,62,0,1,0,1,0,1
66,66,0,1,0,1,0,1
187258,9720,177538,225,211,86,139,0
62,62,0,1,0,1,0,1
8007,1987,6020,20,15,11,9,0
199,102,97,2,30,1,1,0
74,74,0,1,0,1,0,1
70,70,0,1,0,1,0,2
3354,1792,1562,46,194,23,23,0
66,66,0,1,0,1,0,1
70,70,0,1,0,1,0,2
62,62,0,1,0,1,0,1
8060,2001,6059,24,19,14,10,0
183,94,89,2,29,1,1,0
60,60,0,1,0,1,0,1
1702,1388,314,10,16,5,5,0
86,86,0,1,30,1,0,0
66,66,0,1,0,1,0,1
448,166,282,2,29,1,1,0
70,70,0,1,0,1,0,2
70,70,0,1,0,1,0,2
228,110,118,2,30,1,1,0
6483,3687,2796,18,135,9,9,0
62,62,0,1,0,1,0,1
70,70,0,1,0,1,0,2
66,66,0,1,0,1,0,1
66,66,0,1,0,1,0,1
8633,2099,6534,29,35,15,14,0
468,93,375,4,34,2,2,0
193,102,91,2,30,1,1,0
66,66,0,1,0,1,0,1
6385,778,5607,17,16,9,8,0
70,70,0,1,0,1,0,2
62,62,0,1,0,1,0,1
6384,1091,5293,18,30,10,8,0
1560,988,572,13,25,7,6,0
5817,1995,3822,19,16,10,9,0
62,62,0,1,0,1,0,1
26626,1555,25071,36,20,16,20,0
6888,1380,5508,19,171,9,10,0
70,70,0,1,0,1,0,2
88,88,0,1,0,1,0,1
6328,1536,4792,23,17,12,11,0
62,62,0,1,0,1,0,1
194,102,92,2,31,1,1,0
62,62,0,1,0,1,0,1
31196,607,30589,29,500,5,24,0
66,66,0,1,0,1,0,2
62,62,0,1,0,1,0,1
145,145,0,1,0,1,0,1
62,62,0,1,0,1,0,1
232,172,60,3,5,2,1,0
7832,1143,6689,19,26,9,10,0
235,90,145,2,32,1,1,0
66,66,0,1,0,1,0,1
177,94,83,2,30,1,1,0
70,70,0,1,0,1,0,2
209,110,99,2,30,1,1,0
70,70,0,1,0,1,0,2
230861,5063,225798,227,18,74,153,0
4552,2230,2322,14,134,7,7,0
70,70,0,1,0,1,0,2
66,66,0,1,0,1,0,2
70,70,0,1,0,1,0,2
265,94,171,2,30,1,1,0
213,87,126,2,31,1,1,0
66,66,0,1,0,1,0,1
177,94,83,2,30,1,1,0
62,62,0,1,0,1,0,1
771,101,670,2,31,1,1,0
66,66,0,2,8,2,0,0
170,87,83,2,31,1,1,0
718,94,624,2,30,1,1,0
17102,1099,16003,19,16,5,14,0
183,94,89,2,30,1,1,0
70,70,0,1,0,1,0,2
159,159,0,1,0,1,0,1
19491,14463,5028,50,224,26,24,0
150,150,0,1,1200,1,0,0
130,70,60,3,5,2,1,0
62,62,0,1,0,1,0,1
711,87,624,2,30,1,1,0
14423569,189925,14233644,12194,135,2586,9608,0
198,94,104,2,30,1,1,0
62,62,0,1,0,1,0,1
13145,6129,7016,37,34,19,18,0
1633,1010,623,14,2424,7,7,0
342198,13793,328405,355,23,126,229,0
24984,2042,22942,41,33,19,22,0
6138,1242,4896,15,40,7,8,0
251,78,173,2,30,1,1,0
70,70,0,1,0,1,0,2
70,70,0,1,0,1,0,2
62,62,0,1,0,1,0,1
766,102,664,2,30,1,1,0
4599,1692,2907,19,29,11,8,0
62,62,0,1,0,1,0,1
70,70,0,1,0,1,0,2
66,66,0,1,0,1,0,2
66,66,0,1,0,1,0,2
2424,529,1895,11,75,6,5,0
199,102,97,2,30,1,1,0
70,70,0,1,0,1,0,2
2944,1074,1870,12,75,7,5,0
168,86,82,2,29,1,1,0
70,70,0,1,0,1,0,2
66,66,0,1,0,1,0,1
70,70,0,1,0,1,0,2
168,86,82,2,30,1,1,0
70,70,0,1,0,1,0,2
66,66,0,1,0,1,0,2
66,66,0,1,0,1,0,1
66,66,0,1,0,1,0,2
177,94,83,2,30,1,1,0
7037,1282,5755,21,30,11,10,0
66,66,0,1,0,1,0,1
475,150,325,2,1200,1,1,0
60,60,0,1,0,1,0,1
521,90,431,4,43,2,2,0
70,70,0,1,5,1,0,0
66,66,0,1,0,1,0,2
66,66,0,1,0,1,0,2
752,93,659,2,31,1,1,0
318,192,126,6,42,4,2,0
66,66,0,1,0,1,0,1
66,66,0,1,0,1,0,2
66,66,0,1,0,1,0,1
70,70,0,1,5,1,0,0
2722,1530,1192,12,316,7,5,0
499,192,307,6,26,4,2,0
70,70,0,1,0,1,0,2
711,87,624,2,30,1,1,0
146,146,0,1,0,1,0,1
779,86,693,2,30,1,1,0
146,146,0,1,0,1,0,1
5678,3121,2557,39,256,18,21,0
70,70,0,1,0,1,0,2
178,118,60,2,4,1,1,0
66,66,0,1,0,1,0,2
70,70,0,1,0,1,0,2
4492,1585,2907,19,30,11,8,0
185,102,83,2,29,1,1,0
11831,1466,10365,24,135,11,13,0
70,70,0,1,0,1,0,2
237,91,146,2,33,1,1,0
198,93,105,2,30,1,1,0
821,102,719,2,30,1,1,0
66,66,0,1,0,1,0,2
179,86,93,2,30,1,1,0
1386,751,635,15,182,8,7,0
195,102,93,2,30,1,1,0
1427,1170,257,8,15,4,4,0
4370,1148,3222,17,25,9,8,0
166,86,80,2,29,1,1,0
62,62,0,1,0,1,0,1
180,92,88,2,30,1,1,0
66,66,0,1,0,1,0,1
66,66,0,1,0,1,0,1
366,240,126,7,31,5,2,0
62,62,0,1,0,1,0,1
70,70,0,1,0,1,0,2
62,62,0,1,0,1,0,1
206,105,101,2,31,1,1,0
4378,1471,2907,19,29,11,8,0
326,110,216,2,30,1,1,0
197,102,95,2,33,1,1,0
70,70,0,1,0,1,0,2
432,200,232,6,31,3,3,0
66,66,0,1,0,1,0,1
4871,1623,3248,18,137,8,10,0
62,62,0,1,0,1,0,1
177,94,83,2,30,1,1,0
199,94,105,2,30,1,1,0
10073,4379,5694,33,42,17,16,0
70,70,0,1,0,1,0,2
214,110,104,2,29,1,1,0
146,146,0,1,0,1,0,1
492,306,186,8,16,5,3,0
7068,2016,5052,32,18,17,15,0
2958,1567,1391,15,15,8,7,0
481,110,371,2,31,1,1,0
4645,2498,2147,14,135,7,7,0
337,110,227,2,29,1,1,0
4542,2358,2184,20,20,11,9,0
10336,4760,5576,37,315,18,19,0
402,125,277,4,37,2,2,0
78,78,0,1,30,1,0,0
762,97,665,2,31,1,1,0
62,62,0,1,0,1,0,1
70,70,0,1,0,1,0,2
472,406,66,4,0,3,1,0
30604,3050,27554,45,122,18,27,0
2754,1602,1152,17,22,9,8,0
918,461,457,9,16,6,3,0
3974,2713,1261,34,131,19,15,0
3543,1570,1973,18,120,9,9,0
62,62,0,1,0,1,0,1
46046,2705,43341,60,15,29,31,0
70,70,0,1,0,1,0,2
66,66,0,1,0,1,0,1
62,62,0,1,0,1,0,1
66,66,0,1,0,1,0,2
558,210,348,9,28,4,5,0
10049,2289,7760,35,27,19,16,0
146,146,0,1,0,1,0,1
66,66,0,1,0,1,0,2
133,64,69,3,33,2,1,0
228,94,134,2,30,1,1,0
241,102,139,2,29,1,1,0
7395,1514,5881,26,225,11,15,0
62,62,0,1,0,1,0,1
66,66,0,1,0,1,0,1
3380,1730,1650,15,33,8,7,0
10166,3392,6774,35,133,18,17,0
441,441,0,1,0,1,0,1
66,66,0,1,0,1,0,2
5699,505,5194,14,15,7,7,0
881,126,755,2,30,1,1,0
70,70,0,1,0,1,0,2
311,108,203,4,42,2,2,0
62,62,0,1,0,1,0,1
168,78,90,2,31,1,1,0
244,94,150,2,30,1,1,0
2163,676,1487,14,15,7,7,0
62,62,0,1,0,1,0,1
66,66,0,1,0,1,0,1
636,202,434,6,47,3,3,0
196,94,102,2,30,1,1,0
226,94,132,2,31,1,1,0
146,146,0,1,0,1,0,1
5553,927,4626,16,15,10,6,0
66,66,0,1,0,1,0,1
70,70,0,2,8,2,0,0
194,102,92,2,30,1,1,0
9765,2106,7659,27,83,14,13,0
143,143,0,1,0,1,0,1
66,66,0,1,0,1,0,1
66,66,0,1,0,1,0,1
643,88,555,2,31,1,1,0
223,86,137,2,30,1,1,0
70,70,0,1,0,1,0,2
31956,13344,18612,64,65,36,28,0
70,70,0,1,0,1,0,2
70,70,0,1,0,1,0,2
22714,21388,1326,33,30,22,11,0
146,146,0,1,0,1,0,1
66,66,0,1,0,1,0,1
145,145,0,1,0,1,0,1
70,70,0,1,0,1,0,2
395,107,288,4,46,2,2,0
62,62,0,1,0,1,0,1
145,145,0,1,0,1,0,1
625,79,546,2,30,1,1,0
62,62,0,1,0,1,0,1
66,66,0,1,0,1,0,2
66,66,0,1,0,1,0,2
70,70,0,1,0,1,0,2
212,90,122,2,30,1,1,0
62,62,0,1,0,1,0,1
78,78,0,1,0,1,0,1
240,98,142,2,30,1,1,0
179,94,85,2,30,1,1,0
318,192,126,6,25,4,2,0
2614,1689,925,18,20,10,8,0
177,94,83,2,30,1,1,0
191,86,105,2,30,1,1,0
249,94,155,2,30,1,1,0
62,62,0,1,0,1,0,1
200,102,98,2,31,1,1,0
212,94,118,2,30,1,1,0
183,94,89,2,30,1,1,0
62,62,0,1,0,1,0,1
70,70,0,1,0,1,0,2
177,94,83,2,30,1,1,0
7534,2392,5142,25,25,14,11,0
156,156,0,3,8,3,0,0
62,62,0,1,0,1,0,1
100,100,0,2,35,2,0,0
40415,2911,37504,57,18,27,30,0
244,98,146,2,31,1,1,0
343735,15691,328044,423,171,179,244,0
70,70,0,1,30,1,0,0
199,94,105,2,30,1,1,0
159,159,0,1,0,1,0,1
146,146,0,1,0,1,0,1
194,102,92,2,31,1,1,0
70,70,0,1,0,1,0,2
148,148,0,1,0,1,0,1
177,94,83,2,30,1,1,0
66,66,0,1,0,1,0,2
66,66,0,1,0,1,0,2
62,62,0,1,0,1,0,1
66,66,0,1,0,1,0,1
66,66,0,1,0,1,0,2
70,70,0,1,0,1,0,2
66,66,0,1,0,1,0,2
70,70,0,1,0,1,0,2
86,86,0,1,30,1,0,0
62,62,0,1,0,1,0,1
27100,21684,5416,39,38,25,14,0
4440,114,4326,7,122,2,5,0
4164,1264,2900,23,1140,13,10,0
60,60,0,1,0,1,0,1
66,66,0,1,0,1,0,2
66,66,0,1,0,1,0,1
70,70,0,2,8,2,0,0
62,62,0,1,0,1,0,1
885,126,759,2,31,1,1,0
214,110,104,2,30,1,1,0
62,62,0,1,0,1,0,1
286,78,208,2,31,1,1,0
66,66,0,1,0,1,0,1
66,66,0,2,7,2,0,0
5476,1073,4403,22,78,12,10,0
146,146,0,1,0,1,0,1
70,70,0,1,0,1,0,2
70,70,0,1,0,1,0,2
24116,2677,21439,42,323,17,25,0
70,70,0,1,0,1,0,2
199,102,97,2,30,1,1,0
66,66,0,1,0,1,0,2
66,66,0,1,0,1,0,1
318,192,126,6,16,4,2,0
62,62,0,1,0,1,0,1
66,66,0,1,0,1,0,1
70,70,0,1,0,1,0,2
290,94,196,4,40,2,2,0
2312,1382,930,19,28,11,8,0
1179,655,524,13,56,7,6,0
1550,834,716,19,141,10,9,0
178,94,84,2,30,1,1,0
70,70,0,1,0,1,0,2
70,70,0,1,0,1,0,2
184,94,90,2,30,1,1,0
66,66,0,1,0,1,0,2
4268,653,3615,13,45,7,6,0
5518,1221,4297,16,90,10,6,0
167,86,81,2,30,1,1,0
225,90,135,2,30,1,1,0
266,110,156,2,30,1,1,0
8598,3880,4718,23,200,13,10,0
6176,908,5268,17,15,8,9,0
66,66,0,1,0,1,0,2
30614,1926,28688,44,45,23,21,0
62,62,0,1,0,1,0,1
199,102,97,2,30,1,1,0
70,70,0,1,0,1,0,2
772,103,669,2,31,1,1,0
822,102,720,2,29,1,1,0
216,98,118,2,30,1,1,0
66,66,0,1,0,1,0,1
9578491,119422,9459069,8079,137,1689,6390,0
17521,6560,10961,55,117,28,27,0
70,70,0,1,0,1,0,2
60,60,0,1,0,1,0,1
66,66,0,1,0,1,0,2
66,66,0,1,0,1,0,2
296,76,220,2,30,1,1,0
13126,5105,8021,37,31,21,16,0
66,66,0,1,0,1,0,1
4892,844,4048,19,21,9,10,0
16287,756,15531,23,16,9,14,0
198,101,97,2,30,1,1,0
62,62,0,1,0,1,0,1
66,66,0,1,0,1,0,1
70,70,0,2,8,2,0,0
62,62,0,1,0,1,0,1
62,62,0,1,0,1,0,1
243,180,63,2,31,1,1,0
195,102,93,2,30,1,1,0
70,70,0,1,5,1,0,0
70,70,0,1,0,1,0,2
66,66,0,1,0,1,0,1
16455,11185,5270,37,271,22,15,0
10457,4216,6241,70,194,31,39,0
114,114,0,2,32,2,0,0
70,70,0,1,0,1,0,2
311,94,217,2,30,1,1,0
8407,2034,6373,19,121,8,11,0
66,66,0,1,0,1,0,2
62,62,0,1,0,1,0,1
15277,10027,5250,36,46,21,15,0
6582,886,5696,15,16,7,8,0
82,82,0,1,0,1,0,1
770,102,668,2,30,1,1,0
70,70,0,1,0,1,0,2
1053,566,487,10,31,6,4,0
1582,1386,196,6,30,4,2,0
211,102,109,2,30,1,1,0
378,192,186,7,25,4,3,0
84,84,0,1,0,1,0,1
181,94,87,2,30,1,1,0
70,70,0,1,5,1,0,0
26235,2216,24019,39,318,17,22,0
378,180,198,7,78,4,3,0
10042,3117,6925,28,47,16,12,0
9215,3253,5962,51,22,25,26,0
66,66,0,1,0,1,0,2
613,539,74,7,15,6,1,0
751,95,656,2,30,1,1,0
172,88,84,2,31,1,1,0
168,78,90,2,30,1,1,0
70,70,0,1,0,1,0,2
66,66,0,1,0,1,0,1
3972,887,3085,13,31,6,7,0
70,70,0,1,0,1,0,2
66,66,0,1,0,1,0,2
70,70,0,1,0,1,0,2
62,62,0,1,0,1,0,1
1088,641,447,10,26,6,4,0
11338,2980,8358,31,46,18,13,0
782,110,672,2,30,1,1,0
70,70,0,1,0,1,0,1
450,246,204,8,25,5,3,0
816,102,714,2,30,1,1,0
126,62,64,2,5,1,1,0
386,122,264,4,52,2,2,0
763,102,661,2,30,1,1,0
66,66,0,1,0,1,0,2
70,70,0,1,0,1,0,2
236097,12185,223912,307,32,125,182,0
62,62,0,1,0,1,0,1
198,94,104,2,30,1,1,0
66,66,0,1,0,1,0,1
2543,1880,663,12,14,6,6,0
70,70,0,1,5,1,0,0
70,70,0,1,0,1,0,2
757,98,659,2,30,1,1,0
12362,1650,10712,33,300,14,19,0
70,70,0,1,0,1,0,2
70,70,0,1,0,1,0,2
146,146,0,1,0,1,0,1
199,102,97,2,30,1,1,0
66,66,0,1,0,1,0,1
193,102,91,2,31,1,1,0
70,70,0,1,0,1,0,2
5674,1556,4118,23,271,13,10,0
168,86,82,2,29,1,1,0
194,87,107,2,31,1,1,0
70,70,0,1,0,1,0,2
622058,33681,588377,765,65,327,438,0
70,70,0,1,0,1,0,2
66,66,0,1,0,1,0,1
172,88,84,2,31,1,1,0
66,66,0,1,0,1,0,2
184,102,82,2,30,1,1,0
70,70,0,2,7,2,0,0
66,66,0,1,0,1,0,2
767,102,665,2,31,1,1,0
13347,4662,8685,40,202,24,16,0
183,94,89,2,29,1,1,0
5469,2222,3247,22,38,13,9,0
168,86,82,2,30,1,1,0
70,70,0,1,0,1,0,2
197,102,95,2,29,1,1,0
378,192,186,7,15,4,3,0
1594,951,643,15,97,8,7,0
5405,4034,1371,25,43,10,15,0
448,166,282,2,30,1,1,0
55050,28089,26961,228,175,112,116,0
62,62,0,1,0,1,0,1
25649,1485,24164,36,144,14,22,0
7092,1795,5297,25,32,14,11,0
7054,2076,4978,32,5115,11,21,0
86,86,0,1,30,1,0,0
66,66,0,1,0,1,0,1
70,70,0,1,0,1,0,2
62,62,0,1,0,1,0,1
146,146,0,1,0,1,0,1
748,94,654,2,30,1,1,0
167,78,89,2,30,1,1,0
4399,1857,2542,28,136,14,14,0
446,94,352,4,44,2,2,0
70,70,0,1,0,1,0,2
60,60,0,1,0,1,0,1
100,100,0,1,0,1,0,1
7337,1630,5707,23,256,12,11,0
62,62,0,1,0,1,0,1
2545,515,2030,12,17,6,6,0
7241,1972,5269,28,68,16,12,0
66,66,0,1,0,1,0,1
360,110,250,2,30,1,1,0
16524,4274,12250,35,133,15,20,0
4574,1667,2907,19,26,11,8,0
1487,594,893,19,1571,10,9,0
66,66,0,1,0,1,0,2
70,70,0,1,0,1,0,2
62,62,0,1,0,1,0,1
70,70,0,2,8,2,0,0
258,110,148,2,30,1,1,0
70,70,0,1,0,1,0,2
70,70,0,1,0,1,0,2
143,143,0,1,0,1,0,1
62,62,0,1,0,1,0,1
74,74,0,1,0,1,0,1
166,86,80,2,30,1,1,0
66,66,0,1,0,1,0,1
7283,2586,4697,22,19,11,11,0
4389,797,3592,15,70,8,7,0
195,102,93,2,30,1,1,0
66,66,0,1,0,1,0,1
9718,819,8899,19,15,9,10,0
197,90,107,2,30,1,1,0
70,70,0,1,0,1,0,2
70,70,0,1,4,1,0,0
66,66,0,1,0,1,0,1
62,62,0,1,0,1,0,1
66,66,0,1,0,1,0,1
27525,2389,25136,47,27,22,25,0
62,62,0,1,0,1,0,1
62,62,0,1,0,1,0,1
66,66,0,1,0,1,0,1
66,66,0,1,0,1,0,1
60,60,0,1,0,1,0,1
66,66,0,1,0,1,0,1
533,184,349,6,76,3,3,0
25840,18434,7406,45,171,26,19,0
209,110,99,2,30,1,1,0
62,62,0,1,0,1,0,1
66,66,0,1,0,1,0,2
70,70,0,1,0,1,0,2
816,102,714,2,30,1,1,0
66,66,0,1,0,1,0,2
148,148,0,1,0,1,0,1
214,140,74,4,35,3,1,0
66,66,0,1,0,1,0,1
1638,1324,314,10,15,5,5,0
62,62,0,1,0,1,0,1
6805,1662,5143,25,17,13,12,0
752,93,659,2,31,1,1,0
754151,15395,738756,762,16,239,523,0
1278,731,547,10,15,6,4,0
8641,2459,6182,22,16,12,10,0
186,95,91,2,31,1,1,0
70,70,0,1,0,1,0,2
168,78,90,2,30,1,1,0
308,84,224,4,120,2,2,0
70,70,0,1,0,1,0,2
164,86,78,2,30,1,1,0
66,66,0,1,0,1,0,1
66,66,0,1,0,1,0,1
16304,2069,14235,39,17,19,20,0
678,432,246,10,15,6,4,0
66,66,0,1,0,1,0,1
209,110,99,2,29,1,1,0
62,62,0,1,0,1,0,1
62,62,0,1,0,1,0,1
70,70,0,1,5,1,0,0
168,78,90,2,30,1,1,0
70,70,0,1,0,1,0,2
92286,4799,87487,107,16,43,64,0
480,149,331,2,1200,1,1,0
70,70,0,1,0,1,0,2
337,86,251,2,29,1,1,0
2499,531,1968,11,125,6,5,0
70,70,0,1,0,1,0,2
155345,11568,143777,195,195,73,122,0
62,62,0,1,0,1,0,1
146,146,0,1,0,1,0,1
832,106,726,2,30,1,1,0
70,70,0,1,0,1,0,2
62,62,0,1,0,1,0,1
184,94,90,2,29,1,1,0
11777,4005,7772,35,44,15,20,0
306,306,0,4,47,4,0,0
5583,1390,4193,19,15,9,10,0
43818,31519,12299,85,259,49,36,0
159,159,0,1,0,1,0,1
140,78,62,2,31,1,1,0
66,66,0,1,0,1,0,1
8368,1360,7008,19,18,7,12,0
70,70,0,1,0,1,0,2
404,102,302,2,30,1,1,0
194,87,107,2,30,1,1,0
460,150,310,2,1200,1,1,0
6891,1421,5470,20,127,12,8,0
194,87,107,2,30,1,1,0
62,62,0,1,0,1,0,1
5483,2770,2713,30,361,15,15,0
256,102,154,2,29,1,1,0
70,70,0,1,4,1,0,0
70,70,0,1,0,1,0,2
60,60,0,1,0,1,0,1
184,94,90,2,31,1,1,0
66,66,0,1,0,1,0,2
66,66,0,1,0,1,0,1
62,62,0,1,0,1,0,1
4540,1056,3484,19,17,11,8,0
14830,11044,3786,27,37,15,12,0
130,70,60,3,5,2,1,0
66,66,0,1,0,1,0,2
66,66,0,1,0,1,0,1
720,94,626,2,30,1,1,0
1548,847,701,10,16,5,5,0
66,66,0,1,0,1,0,1
7583,2669,4914,31,17,16,15,0
7447,2133,5314,27,348,14,13,0
62,62,0,1,0,1,0,1
66,66,0,1,0,1,0,2
70,70,0,1,0,1,0,2
78,78,0,1,30,1,0,0
182,93,89,2,0,1,1,0
66,66,0,1,0,1,0,2
62,62,0,1,0,1,0,1
62,62,0,1,0,1,0,1
573,425,148,5,0,3,2,0
60,60,0,1,0,1,0,1
451,91,360,4,36,2,2,0
70,70,0,1,0,1,0,2
6414,1372,5042,19,171,9,10,0
62,62,0,1,0,1,0,1
2356,499,1857,10,125,6,4,0
2750,1891,859,17,25,10,7,0
198,102,96,2,30,1,1,0
177,94,83,2,30,1,1,0
5837,1982,3855,19,18,11,8,0
66,66,0,1,0,1,0,2
198,101,97,2,31,1,1,0
70,70,0,2,8,2,0,0
66,66,0,1,0,1,0,2
60,60,0,1,0,1,0,1
86,86,0,1,29,1,0,0
66,66,0,1,0,1,0,2
66,66,0,1,0,1,0,1
70,70,0,1,0,1,0,2
6876,3332,3544,22,140,11,11,0
5361,973,4388,18,15,10,8,0
70,70,0,1,0,1,0,2
200,90,110,2,30,1,1,0
200,90,110,2,30,1,1,0
6321,3341,2980,19,135,9,10,0
167,86,81,2,30,1,1,0
66,66,0,1,0,1,0,2
66,66,0,1,0,1,0,2
60,60,0,1,0,1,0,1
70,70,0,1,5,1,0,0
70,70,0,1,0,1,0,2
2031,1019,1012,11,16,6,5,0
212,102,110,2,30,1,1,0
70,70,0,1,0,1,0,2
130,70,60,3,5,2,1,0
70,70,0,1,0,1,0,2
130,70,60,2,15,1,1,0
200,102,98,2,31,1,1,0
66,66,0,2,7,2,0,0
260,86,174,2,30,1,1,0
578,286,292,9,15,5,4,0
70,70,0,1,0,1,0,2
66,66,0,1,0,1,0,1
494,152,342,2,1200,1,1,0
62,62,0,1,0,1,0,1
109400,8787,100613,159,81,78,81,0
1746,780,966,19,102,7,12,0
217,82,135,2,32,1,1,0
16116,3253,12863,52,97,29,23,0
301,89,212,4,48,2,2,0
776,102,674,2,30,1,1,0
3148,687,2461,12,15,7,5,0
244,86,158,2,30,1,1,0
1101,654,447,12,126,7,5,0
66,66,0,1,0,1,0,2
256062,8754,247308,297,18,124,173,0
322,102,220,2,29,1,1,0
70,70,0,1,0,1,0,2
167,86,81,2,30,1,1,0
209,110,99,2,31,1,1,0
10407,3966,6441,30,149,18,12,0
448,184,264,6,30,3,3,0
718,94,624,2,30,1,1,0
5952,1328,4624,19,76,11,8,0
66,66,0,1,0,1,0,2
726,726,0,12,1200,12,0,0
195,102,93,2,31,1,1,0
7057,2815,4242,37,18,21,16,0
265,110,155,2,30,1,1,0
66,66,0,1,0,1,0,2
66,66,0,1,0,1,0,2
70,70,0,1,0,1,0,2
170,87,83,2,31,1,1,0
66,66,0,1,0,1,0,1
499,425,74,4,0,3,1,0
170,87,83,2,31,1,1,0
552,306,246,9,15,5,4,0
70,70,0,1,0,1,0,2
924886,40519,884367,1075,65,442,633,0
70,70,0,1,0,1,0,2
499,192,307,6,26,4,2,0
70,70,0,1,0,1,0,2
1343,763,580,14,26,8,6,0
18548,2772,15776,41,3957,17,24,0
1609,919,690,15,72,8,7,0
222,90,132,2,30,1,1,0
62,62,0,1,0,1,0,1
62,62,0,1,0,1,0,1
70,70,0,1,0,1,0,2
232,172,60,3,5,2,1,0
70,70,0,1,0,1,0,2
70,70,0,1,0,1,0,2
15153,8118,7035,45,271,22,23,0
216,110,106,2,31,1,1,0
492,306,186,8,15,5,3,0
60,60,0,1,0,1,0,1
66,66,0,1,0,1,0,2
66,66,0,1,0,1,0,1
121857,7431,114426,166,486,38,128,0
60,60,0,1,0,1,0,1
1638,1324,314,10,15,5,5,0
193,102,91,2,30,1,1,0
297,102,195,2,29,1,1,0
20280,2078,18202,35,17,19,16,0
24232,4550,19682,59,17,34,25,0
2919,1492,1427,10,15,6,4,0
62,62,0,1,0,1,0,1
66,66,0,1,0,1,0,2
66,66,0,1,0,1,0,2
66,66,0,1,0,1,0,1
234,234,0,4,12,4,0,0
62,62,0,1,0,1,0,1
5168,700,4468,16,15,7,9,0
177,94,83,2,30,1,1,0
8432,1967,6465,35,68,17,18,0
292,158,134,2,30,1,1,0
228,90,138,2,30,1,1,0
5901,1324,4577,25,50,14,11,0
70,70,0,1,0,1,0,2
164,86,78,2,30,1,1,0
213,94,119,2,30,1,1,0
5166,700,4466,16,15,7,9,0
27475,5634,21841,76,145,35,41,0
132,132,0,3,1200,3,0,0
70,70,0,1,0,1,0,2
2766,1907,859,17,24,10,7,0
6898,5202,1696,25,25,15,10,0
4820,863,3957,18,31,10,8,0
66,66,0,1,0,1,0,1
60,60,0,1,0,1,0,1
198,93,105,2,30,1,1,0
216,110,106,2,30,1,1,0
193,102,91,2,30,1,1,0
270,110,160,2,30,1,1,0
365,102,263,2,31,1,1,0
6388,1112,5276,18,75,9,9,0
60,60,0,1,0,1,0,1
70,70,0,1,0,1,0,2
35817,18303,17514,160,138,85,75,0
199,102,97,2,31,1,1,0
62,62,0,1,0,1,0,1
165,78,87,2,30,1,1,0
168,94,74,2,29,1,1,0
762,98,664,2,30,1,1,0
200,102,98,2,29,1,1,0
167,86,81,2,30,1,1,0
62,62,0,1,0,1,0,1
210,110,100,2,33,1,1,0
70,70,0,1,0,1,0,2
62,62,0,1,0,1,0,1
196,102,94,2,30,1,1,0
66,66,0,1,0,1,0,2
13019,4593,8426,71,350,34,37,0
10170,2072,8098,37,255,19,18,0
48751,3044,45707,57,60,23,34,0
146,146,0,1,0,1,0,1
62,62,0,1,0,1,0,1
8271,1357,6914,26,17,12,14,0
62,62,0,1,0,1,0,1
66,66,0,1,0,1,0,2
294,106,188,4,55,2,2,0
499,425,74,4,0,3,1,0
468,390,78,5,29,4,1,0
886,126,760,2,30,1,1,0
70,70,0,1,0,1,0,2
198,102,96,2,29,1,1,0
86,86,0,1,30,1,0,0
198,102,96,2,30,1,1,0
166,166,0,1,1199,1,0,0
66,66,0,1,0,1,0,1
250,102,148,2,30,1,1,0
70,70,0,1,0,1,0,2
156,156,0,3,8,3,0,0
70,70,0,1,0,1,0,2
66,66,0,1,0,1,0,2
184,94,90,2,30,1,1,0
4129,2865,1264,17,361,9,8,0
62,62,0,1,0,1,0,1
4694,2432,2262,34,81,16,18,0
304,86,218,2,30,1,1,0
70,70,0,1,0,1,0,2
443,182,261,6,30,3,3,0
24420,19966,4454,64,136,35,29,0
70,70,0,1,0,1,0,2
173,94,79,2,30,1,1,0
66,66,0,1,0,1,0,2
1102,545,557,10,16,6,4,0
70,70,0,1,5,1,0,0
62,62,0,1,0,1,0,1
183,94,89,2,31,1,1,0
198,102,96,2,30,1,1,0
763,102,661,2,30,1,1,0
7653,1226,6427,24,18,14,10,0
145,145,0,1,0,1,0,1
941,526,415,11,315,6,5,0
60,60,0,1,0,1,0,1
62,62,0,1,0,1,0,1
6089,799,5290,16,126,8,8,0
90,90,0,1,0,1,0,1
70,70,0,1,0,1,0,2
185,102,83,2,30,1,1,0
292,102,190,2,29,1,1,0
8158,2927,5231,25,85,15,10,0
211,102,109,2,30,1,1,0
70,70,0,1,5,1,0,0
62,62,0,1,0,1,0,1
62,62,0,1,0,1,0,1
250,78,172,2,31,1,1,0
62,62,0,1,0,1,0,1
180,94,86,2,30,1,1,0
62,62,0,1,0,1,0,1
184,86,98,2,30,1,1,0
570322,21029,549293,569,46,181,388,0
66,66,0,1,0,1,0,1
66,66,0,1,0,1,0,1
62,62,0,1,0,1,0,1
1473,842,631,12,15,7,5,0
70,70,0,1,0,1,0,2
10233,2198,8035,25,81,14,11,0
10103,2342,7761,39,121,22,17,0
60,60,0,1,0,1,0,1
86,86,0,1,0,1,0,1
10134,1142,8992,24,46,12,12,0
578,286,292,9,15,5,4,0
204,118,86,2,31,1,1,0
66,66,0,1,0,1,0,1
642,338,304,10,32,6,4,0
1517,481,1036,11,15,6,5,0
5171,3018,2153,16,30,8,8,0
199,94,105,2,30,1,1,0
70,70,0,1,0,1,0,2
66,66,0,1,0,1,0,1
66,66,0,1,0,1,0,2
70,70,0,1,0,1,0,2
132,132,0,3,1200,3,0,0
7850,1208,6642,16,20,8,8,0
44136,2908,41228,56,135,25,31,0
66,66,0,1,0,1,0,1
62,62,0,1,0,1,0,1
7464,4661,2803,47,323,30,17,0
70,70,0,1,0,1,0,2
8600,1735,6865,27,25,14,13,0
70,70,0,1,5,1,0,0
66,66,0,1,0,1,0,2
22696,18094,4602,41,315,25,16,0
757,98,659,2,30,1,1,0
168,78,90,2,30,1,1,0
230,90,140,2,30,1,1,0
66,66,0,1,0,1,0,2
5066,2558,2508,26,127,13,13,0
168,86,82,2,30,1,1,0
21234,9602,11632,48,70,28,20,0
6132,767,5365,17,26,9,8,0
341343,9074,332269,353,121,122,231,0
3751,1007,2744,35,473,11,24,0
255,102,153,2,30,1,1,0
70,70,0,1,0,1,0,2
66,66,0,1,0,1,0,1
168,86,82,2,31,1,1,0
161,161,0,1,0,1,0,1
5167,700,4467,16,15,7,9,0
230,86,144,2,30,1,1,0
772,103,669,2,31,1,1,0
66,66,0,1,0,1,0,1
70,70,0,1,0,1,0,2
7889,1900,5989,20,15,11,9,0
10642,3654,6988,26,125,14,12,0
60,60,0,1,0,1,0,1
70,70,0,1,0,1,0,2
186,95,91,2,30,1,1,0
184,94,90,2,31,1,1,0
4099,2450,1649,36,2615,19,17,0
199,94,105,2,30,1,1,0
502,158,344,2,1200,1,1,0
279,93,186,4,31,2,2,0
60,60,0,1,0,1,0,1
346,346,0,1,0,1,0,1
62,62,0,1,0,1,0,1
4228,2471,1757,55,2758,31,24,0
74,74,0,1,0,1,0,1
70,70,0,1,0,1,0,2
60,60,0,1,0,1,0,1
60,60,0,1,5,1,0,0
60,60,0,1,0,1,0,1
66,66,0,1,0,1,0,1
130,66,64,2,4,1,1,0
66,66,0,1,0,1,0,2
60,60,0,1,0,1,0,1
60,60,0,1,0,1,0,1
62,62,0,1,0,1,0,1
70,70,0,1,0,1,0,1
60,60,0,1,0,1,0,1
199,102,97,2,31,1,1,0
177,94,83,2,30,1,1,0
70,70,0,1,0,1,0,2
1130,613,517,11,15,6,5,0
266,110,156,2,30,1,1,0
216,110,106,2,30,1,1,0
70,70,0,1,0,1,0,2
247,98,149,2,34,1,1,0
12505,3792,8713,48,255,24,24,0
184,94,90,2,30,1,1,0
216,89,127,2,30,1,1,0
170,87,83,2,31,1,1,0
62,62,0,1,0,1,0,1
70,70,0,1,0,1,0,2
156,156,0,3,8,3,0,0
880,126,754,2,30,1,1,0
165,86,79,2,31,1,1,0
8411,2042,6369,25,251,13,12,0
70,70,0,1,0,1,0,2
211,102,109,2,30,1,1,0
146,146,0,1,0,1,0,1
1572,755,817,11,15,6,5,0
7028,2558,4470,19,16,11,8,0
210,102,108,2,29,1,1,0
199,102,97,2,31,1,1,0
27993,2483,25510,51,48,25,26,0
168,86,82,2,31,1,1,0
448,184,264,6,29,3,3,0
62,62,0,1,0,1,0,1
130,70,60,2,6,1,1,0
140,78,62,2,30,1,1,0
13435,2441,10994,30,26,16,14,0
66,66,0,1,0,1,0,1
66,66,0,1,0,1,0,1
887,126,761,2,30,1,1,0
66,66,0,1,0,1,0,1
3935,1010,2925,20,165,9,11,0
70,70,0,1,5,1,0,0
177,94,83,2,30,1,1,0
209,110,99,2,30,1,1,0
70,70,0,1,0,1,0,2
200,102,98,2,31,1,1,0
198,110,88,2,30,1,1,0
70,70,0,1,0,1,0,2
7487,2728,4759,25,19,13,12,0
774,101,673,2,31,1,1,0
1385,85,1300,4,42,2,2,0
70,70,0,1,0,1,0,2
70,70,0,1,0,1,0,2
70,70,0,1,0,1,0,2
70,70,0,1,0,1,0,2
170,87,83,2,30,1,1,0
6776,692,6084,16,20,8,8,0
199,102,97,2,30,1,1,0
186,95,91,2,31,1,1,0
66,66,0,1,0,1,0,1
98,98,0,1,30,1,0,0
70,70,0,1,0,1,0,2
66,66,0,1,0,1,0,1
168,86,82,2,31,1,1,0
62,62,0,1,0,1,0,1
711,87,624,2,30,1,1,0
66,66,0,1,0,1,0,2
62,62,0,1,0,1,0,1
5838,1840,3998,20,80,12,8,0
168,78,90,2,30,1,1,0
271,102,169,2,30,1,1,0
60,60,0,1,0,1,0,1
70,70,0,1,0,1,0,2
220,90,130,2,30,1,1,0
66,66,0,1,0,1,0,1
2904,662,2242,13,135,6,7,0
8827,4961,3866,34,47,18,16,0
66,66,0,1,0,1,0,1
66,66,0,1,0,1,0,2
164,164,0,2,0,2,0,1
7211,823,6388,16,15,10,6,0
807,94,713,2,30,1,1,0
226,86,140,2,29,1,1,0
130,70,60,2,6,1,1,0
879,126,753,2,30,1,1,0
145,145,0,1,0,1,0,1
93,93,0,1,31,1,0,0
230,99,131,2,30,1,1,0
62,62,0,1,0,1,0,1
66,66,0,1,0,1,0,1
247,98,149,2,32,1,1,0
70,70,0,1,0,1,0,2
9979,4380,5599,26,256,12,14,0
4401,1494,2907,19,25,11,8,0
88,88,0,1,0,1,0,1
229,90,139,2,30,1,1,0
70,70,0,1,0,1,0,2
70,70,0,1,0,1,0,2
66,66,0,1,0,1,0,1
152,78,74,2,5,1,1,0
5693,499,5194,14,15,7,7,0
4598,2312,2286,17,34,9,8,0
4982,2205,2777,46,61,24,22,0
778,103,675,2,31,1,1,0
19030,7323,11707,51,122,23,28,0
243,110,133,2,30,1,1,0
2388,1066,1322,16,135,8,8,0
1786,172,1614,7,120,3,4,0
62,62,0,1,0,1,0,1
66,66,0,1,0,1,0,1
2085,880,1205,10,31,5,5,0
70,70,0,2,7,2,0,0
62,62,0,1,0,1,0,1
921711,12229,909482,780,37,172,608,0
66,66,0,1,0,1,0,2
336,110,226,2,31,1,1,0
66,66,0,1,0,1,0,2
184,94,90,2,30,1,1,0
5640,2394,3246,25,82,13,12,0
70,70,0,1,0,1,0,2
209,110,99,2,31,1,1,0
509,150,359,2,1200,1,1,0
66,66,0,1,0,1,0,1
177,94,83,2,30,1,1,0
52438,4244,48194,77,23,37,40,0
1484,1484,0,1,0,1,0,1
126,60,66,3,10,2,1,0
6084,1723,4361,23,201,13,10,0
66,66,0,1,0,1,0,1
184,94,90,2,29,1,1,0
216,80,136,2,30,1,1,0
62,62,0,1,0,1,0,1
148,86,62,2,30,1,1,0
62,62,0,1,0,1,0,1
60,60,0,1,0,1,0,1
62,62,0,1,0,1,0,1
442336,371266,71070,1143,762,651,492,0
184,94,90,2,30,1,1,0
229,90,139,2,30,1,1,0
193,102,91,2,30,1,1,0
70,70,0,1,0,1,0,2
3441,1552,1889,17,21,10,7,0
100,100,0,1,0,1,0,1
4079,3203,876,12,97,8,4,0
1348,687,661,14,42,8,6,0
7086,1841,5245,15,92,8,7,0
66,66,0,1,0,1,0,2
3015948,160028,2855920,3852,218,1499,2353,0
890,126,764,2,30,1,1,0
62,62,0,1,0,1,0,1
62,62,0,1,0,1,0,1
89,89,0,1,0,1,0,1
62,62,0,1,0,1,0,1
70,70,0,1,0,1,0,2
119,119,0,1,0,1,0,1
70,70,0,1,0,1,0,2
882,527,355,10,255,6,4,0
206769,6309,200460,215,27,77,138,0
66,66,0,2,7,2,0,0
70,70,0,1,0,1,0,2
7192,2002,5190,24,360,11,13,0
70,70,0,1,0,1,0,2
196,102,94,2,30,1,1,0
66,66,0,1,0,1,0,2
70,70,0,1,0,1,0,2
70,70,0,1,0,1,0,2
62,62,0,1,0,1,0,1
124,64,60,2,0,1,1,0
186,95,91,2,31,1,1,0
8965,3021,5944,39,360,22,17,0
70,70,0,2,7,2,0,0
66,66,0,1,0,1,0,1
146,146,0,1,0,1,0,1
66,66,0,1,0,1,0,2
6753,2052,4701,25,15,13,12,0
193,102,91,2,30,1,1,0
749,94,655,2,30,1,1,0
5167,700,4467,16,15,7,9,0
85,85,0,1,0,1,0,1
3413,1458,1955,16,18,8,8,0
70,70,0,2,171,2,0,0
193,102,91,2,30,1,1,0
168,78,90,2,30,1,1,0
70,70,0,1,0,1,0,2
66,66,0,1,0,1,0,1
62,62,0,1,0,1,0,1
378,192,186,7,41,4,3,0
66,66,0,1,0,1,0,2
62,62,0,1,0,1,0,1
110567,7016,103551,135,46,60,75,0
70,70,0,1,0,1,0,2
4613,1706,2907,19,30,11,8,0
209,110,99,2,30,1,1,0
60,60,0,1,0,1,0,1
888,126,762,3,32,2,1,0
2227,1018,1209,17,16,8,9,0
214,140,74,4,26,3,1,0
177,94,83,2,30,1,1,0
70,70,0,1,0,1,0,2
62,62,0,1,0,1,0,1
70,70,0,2,7,2,0,0
66,66,0,1,0,1,0,1
8209,2174,6035,25,210,12,13,0
184,94,90,2,30,1,1,0
145,145,0,1,0,1,0,1
70,70,0,1,0,1,0,2
70,70,0,1,0,1,0,2
62,62,0,1,0,1,0,1
8114,2511,5603,19,135,9,10,0
66,66,0,1,0,1,0,2
1385,868,517,12,30,6,6,0
66,66,0,1,0,1,0,1
70,70,0,1,0,1,0,2
62,62,0,1,0,1,0,1
4096,3455,641,13,15,8,5,0
183,94,89,2,30,1,1,0
2573,330,2243,12,136,5,7,0
196,102,94,2,31,1,1,0
202,142,60,2,15,1,1,0
4550,1777,2773,17,135,8,9,0
66,66,0,1,0,1,0,2
4224,2055,2169,22,21,13,9,0
9876,5325,4551,25,131,14,11,0
164,78,86,2,30,1,1,0
83,83,0,1,0,1,0,1
66,66,0,1,0,1,0,2
62,62,0,1,0,1,0,1
60,60,0,1,0,1,0,1
317,102,215,2,31,1,1,0
6065,1045,5020,20,60,11,9,0
47762,39522,8240,77,332,43,34,0
216,82,134,2,32,1,1,0
70,70,0,1,0,1,0,2
211,110,101,2,30,1,1,0
70,70,0,2,8,2,0,0
209,102,107,2,29,1,1,0
184,94,90,2,30,1,1,0
86,86,0,1,30,1,0,0
70,70,0,1,0,1,0,2
134,60,74,3,5,2,1,0
166,86,80,2,30,1,1,0
1677,862,815,10,15,5,5,0
177,94,83,2,30,1,1,0
62,62,0,1,0,1,0,1
232,102,130,2,30,1,1,0
9131,3499,5632,39,24,21,18,0
70,70,0,1,0,1,0,2
62,62,0,1,0,1,0,1
106,106,0,1,60,1,0,0
11093,2322,8771,40,17,23,17,0
753,96,657,2,31,1,1,0
1437,736,701,15,28,7,8,0
166,166,0,1,1200,1,0,0
296,94,202,2,30,1,1,0
70,70,0,1,4,1,0,0
293,94,199,2,29,1,1,0
146,146,0,1,0,1,0,1
70,70,0,1,0,1,0,2
193,102,91,2,30,1,1,0
70,70,0,1,0,1,0,2
190,97,93,2,31,1,1,0
308,118,190,2,30,1,1,0
62,62,0,1,0,1,0,1
60,60,0,1,0,1,0,1
145,145,0,1,0,1,0,1
65336,2808,62528,73,37,28,45,0
748,106,642,2,31,1,1,0
62,62,0,1,0,1,0,1
1461,761,700,15,130,8,7,0
3802643,113349,3689294,3463,206,982,2481,0
62,62,0,1,0,1,0,1
168,78,90,2,30,1,1,0
146,146,0,1,0,1,0,1
231,88,143,2,32,1,1,0
66,66,0,1,0,1,0,2
70,70,0,2,8,2,0,0
62,62,0,1,0,1,0,1
184,94,90,2,30,1,1,0
8747,3323,5424,45,110,25,20,0
172,94,78,2,30,1,1,0
832,106,726,2,30,1,1,0
130,70,60,2,5,1,1,0
5235,1839,3396,22,48,10,12,0
2069,1044,1025,22,44,9,13,0
70,70,0,1,0,1,0,2
62,62,0,1,0,1,0,1
199,199,0,1,0,1,0,1
62,62,0,1,0,1,0,1
66,66,0,1,0,1,0,1
643,88,555,2,30,1,1,0
241,78,163,2,30,1,1,0
168,86,82,2,31,1,1,0
198,90,108,2,30,1,1,0
145,145,0,1,0,1,0,1
249,71,178,2,30,1,1,0
3664,1440,2224,12,20,6,6,0
211,102,109,2,30,1,1,0
74,74,0,1,0,1,0,1
62,62,0,1,0,1,0,1
179,94,85,2,29,1,1,0
66,66,0,1,0,1,0,2
66,66,0,1,0,1,0,1
177,94,83,2,31,1,1,0
60,60,0,1,0,1,0,1
168,78,90,2,30,1,1,0
70,70,0,1,0,1,0,2
62,62,0,1,0,1,0,1
9737,3353,6384,27,32,13,14,0
414,268,146,3,33,2,1,0
66,66,0,1,0,1,0,1
4927,986,3941,21,31,12,9,0
146,146,0,1,0,1,0,1
7349712,213635,7136077,7600,192,2303,5297,0
3227,2425,802,9,31,5,4,0
70,70,0,1,0,1,0,2
66,66,0,1,0,1,0,2
70,70,0,1,0,1,0,2
70,70,0,1,0,1,0,2
178,94,84,2,30,1,1,0
338,97,241,4,43,2,2,0
62,62,0,1,0,1,0,1
66,66,0,1,0,1,0,1
194,102,92,2,31,1,1,0
60,60,0,1,0,1,0,1
3378,1918,1460,33,131,18,15,0
183,94,89,2,30,1,1,0
195,102,93,2,30,1,1,0
134,60,74,3,4,2,1,0
6254,1581,4673,21,190,12,9,0
66,66,0,1,0,1,0,2
78,78,0,1,30,1,0,0
183,94,89,2,30,1,1,0
143,143,0,1,0,1,0,1
193,102,91,2,30,1,1,0
70,70,0,2,7,2,0,0
62,62,0,1,0,1,0,1
62,62,0,1,0,1,0,1
62,62,0,1,0,1,0,1
24362,8850,15512,52,47,32,20,0
235,95,140,2,31,1,1,0
66,66,0,1,0,1,0,1
213,102,111,2,31,1,1,0
195,102,93,2,30,1,1,0
1594,1280,314,10,15,5,5,0
186520,11545,174975,222,141,96,126,0
199,102,97,2,31,1,1,0
9662,4079,5583,66,194,30,36,0
70,70,0,1,0,1,0,2
10204,5034,5170,45,16,25,20,0
66,66,0,1,0,1,0,1
66,66,0,1,0,1,0,2
177,94,83,2,29,1,1,0
66,66,0,1,0,1,0,1
66,66,0,1,0,1,0,2
70,70,0,2,7,2,0,0
70,70,0,1,0,1,0,2
185,102,83,2,30,1,1,0
216,110,106,2,30,1,1,0
66,66,0,1,0,1,0,1
66,66,0,1,0,1,0,2
195,102,93,2,31,1,1,0
200,102,98,2,30,1,1,0
66,66,0,1,0,1,0,1
293,223,70,4,0,3,1,3
199,102,97,2,29,1,1,0
70,70,0,1,0,1,0,2
70,70,0,2,8,2,0,0
339,110,229,2,29,1,1,0
45583818,387905,45195913,35736,272,5246,30490,0
146,146,0,1,0,1,0,1
196,94,102,2,30,1,1,0
66,66,0,1,0,1,0,2
499,425,74,4,0,3,1,0
2295,1574,721,10,375,6,4,0
5066,4404,662,11,30,6,5,0
416,210,206,7,15,4,3,0
66,66,0,1,0,1,0,1
10173,1548,8625,25,41,14,11,0
66,66,0,1,0,1,0,2
70,70,0,2,8,2,0,0
146,146,0,1,0,1,0,1
917,126,791,2,31,1,1,0
62,62,0,1,0,1,0,1
178,94,84,2,29,1,1,0
70,70,0,1,5,1,0,0
62,62,0,1,0,1,0,1
70,70,0,1,5,1,0,0
72,72,0,1,0,1,0,1
70,70,0,1,0,1,0,2
70,70,0,1,0,1,0,2
62,62,0,1,0,1,0,1
1948,1092,856,10,20,7,3,0
194,87,107,2,30,1,1,0
66,66,0,1,0,1,0,1
268,95,173,4,46,2,2,0
7127,1737,5390,18,16,10,8,0
235,90,145,2,33,1,1,0
30090,19982,10108,77,543,41,36,0
5589,2260,3329,36,217,17,19,0
66,66,0,1,0,1,0,1
167,86,81,2,31,1,1,0
2147464,35144,2112320,1951,72,540,1411,0
66,66,0,1,0,1,0,2
62,62,0,1,0,1,0,1
782,105,677,2,31,1,1,0
293,94,199,2,30,1,1,0
66,66,0,1,0,1,0,1
314,102,212,2,29,1,1,0
613,539,74,7,15,6,1,0
168,78,90,2,30,1,1,0
422,164,258,6,30,3,3,0
86,86,0,1,30,1,0,0
70,70,0,1,0,1,0,2
6799,4474,2325,38,85,20,18,0
66,66,0,1,0,1,0,1
868,126,742,2,30,1,1,0
70,70,0,1,0,1,0,2
3777,1509,2268,18,120,9,9,0
197,102,95,2,30,1,1,0
66,66,0,1,0,1,0,2
66,66,0,1,0,1,0,1
168,86,82,2,30,1,1,0
243,94,149,2,30,1,1,0
177,94,83,2,30,1,1,0
66,66,0,1,0,1,0,2
180,92,88,2,31,1,1,0
70,70,0,1,0,1,0,2
66,66,0,1,0,1,0,1
145,145,0,1,0,1,0,1
5610,2363,3247,22,40,13,9,0
194,94,100,2,30,1,1,0
209,110,99,2,30,1,1,0
200,102,98,2,30,1,1,0
66,66,0,1,0,1,0,1
70,70,0,1,5,1,0,0
62,62,0,1,0,1,0,1
70,70,0,1,0,1,0,2
62,62,0,1,0,1,0,1
197,102,95,2,33,1,1,0
146,146,0,1,0,1,0,1
168,78,90,2,30,1,1,0
11367,3820,7547,28,28,16,12,0
182,102,80,2,31,1,1,0
70,70,0,1,0,1,0,2
70,70,0,1,0,1,0,2
756,95,661,2,30,1,1,0
62,62,0,1,0,1,0,1
8590,1038,7552,16,120,7,9,0
70,70,0,1,0,1,0,2
70,70,0,1,5,1,0,0
66,66,0,1,0,1,0,1
70,70,0,1,0,1,0,2
1646,998,648,13,85,7,6,0
5619,927,4692,17,15,10,7,0
5614,733,4881,16,15,9,7,0
164,70,94,2,6,1,1,0
72,72,0,1,0,1,0,1
66,66,0,1,0,1,0,1
299,94,205,2,30,1,1,0
62,62,0,1,0,1,0,1
66,66,0,1,0,1,0,2
196,86,110,2,30,1,1,0
209,110,99,2,30,1,1,0
66,66,0,1,0,1,0,1
215,90,125,2,30,1,1,0
214,102,112,2,30,1,1,0
70,70,0,1,0,1,0,2
254,120,134,5,26,3,2,0
70,70,0,1,0,1,0,2
183,94,89,2,30,1,1,0
66,66,0,1,0,1,0,1
60,60,0,1,0,1,0,1
265,111,154,2,30,1,1,0
62,62,0,1,0,1,0,1
212,110,102,2,31,1,1,0
9588,4811,4777,85,193,49,36,0
330,330,0,6,3609,6,0,0
1277,856,421,9,15,6,3,0
66,66,0,1,0,1,0,1
336,110,226,2,30,1,1,0
86,86,0,1,30,1,0,0
66,66,0,1,0,1,0,1
4216,771,3445,16,26,9,7,0
78,78,0,2,8,2,0,0
70,70,0,1,0,1,0,2
145,145,0,1,0,1,0,1
9602,3315,6287,25,37,15,10,0
156,62,94,2,10,1,1,0
70,70,0,1,4,1,0,0
1386,85,1301,4,53,2,2,0
216,110,106,2,31,1,1,0
184,94,90,2,31,1,1,0
70,70,0,1,0,1,0,2
66,66,0,1,0,1,0,2
62,62,0,1,0,1,0,1
499,425,74,4,0,3,1,0
66,66,0,1,0,1,0,2
78,78,0,1,5,1,0,0
62,62,0,1,0,1,0,1
146,146,0,1,0,1,0,1
1593,946,647,15,64,8,7,0
70,70,0,1,5,1,0,0
66,66,0,1,0,1,0,1
66,66,0,1,0,1,0,1
168,86,82,2,30,1,1,0
66,66,0,1,90,1,0,0
60,60,0,1,0,1,0,1
1798,1386,412,8,29,4,4,0
70,70,0,1,0,1,0,2
4377,1470,2907,19,30,11,8,0
62,62,0,1,0,1,0,1
770,102,668,2,30,1,1,0
174,89,85,2,30,1,1,0
70,70,0,1,5,1,0,0
170,87,83,2,30,1,1,0
183,94,89,2,31,1,1,0
146,146,0,1,0,1,0,1
66,66,0,1,0,1,0,2
146,146,0,1,0,1,0,1
62,62,0,1,0,1,0,1
130,66,64,2,5,1,1,0
1178,820,358,9,15,6,3,0
3757,356,3401,12,120,5,7,0
166,86,80,2,30,1,1,0
6158,3587,2571,37,104,19,18,0
15625,4662,10963,25,123,11,14,0
1522,1210,312,9,28,4,5,0
70,70,0,1,0,1,0,2
1092,645,447,10,34,6,4,0
66,66,0,1,0,1,0,2
774,101,673,2,30,1,1,0
183,94,89,2,30,1,1,0
62,62,0,1,0,1,0,1
227876,8050,219826,236,36,83,153,0
66,66,0,1,0,1,0,2
70,70,0,1,0,1,0,2
195,102,93,2,29,1,1,0
62,62,0,1,0,1,0,1
11182,6150,5032,65,1775,41,24,0
6032,3616,2416,39,187,20,19,0
66,66,0,1,0,1,0,2
66,66,0,1,0,1,0,1
733,85,648,2,30,1,1,0
70,70,0,1,0,1,0,2
17843,13076,4767,27,134,17,10,0
66,66,0,1,0,1,0,2
146,146,0,1,0,1,0,1
70,70,0,1,0,1,0,2
2796,1730,1066,15,126,9,6,0
1334906,33112,1301794,1315,35,446,869,0
1197,419,778,9,16,5,4,0
82,82,0,1,0,1,0,1
3897,1306,2591,17,158,9,8,0
70,70,0,1,4,1,0,0
14673,3914,10759,31,27,14,17,0
66,66,0,1,0,1,0,1
320,140,180,6,7,3,3,0
35981,14676,21305,63,320,31,32,0
15249,1015,14234,24,29,9,15,0
70,70,0,1,0,1,0,2
1103,1103,0,1,0,1,0,1
3354,1792,1562,46,193,23,23,0
8638,2215,6423,24,126,14,10,0
70,70,0,1,0,1,0,2
70,70,0,2,8,2,0,0
71822,4809,67013,112,241,54,58,0
274,274,0,2,0,2,0,0
220,100,120,2,30,1,1,0
9824,2477,7347,27,37,16,11,0
197,102,95,2,29,1,1,0
70,70,0,1,0,1,0,2
5172,1925,3247,22,39,13,9,0
320,140,180,6,6,3,3,0
5523,3016,2507,36,75,20,16,0
1151,711,440,10,15,5,5,0
7267,2312,4955,16,120,7,9,0
66,66,0,1,0,1,0,1
1165,468,697,8,125,5,3,0
70,70,0,1,0,1,0,2
392197,11800,380397,406,16,143,263,0
66,66,0,1,0,1,0,1
70,70,0,1,0,1,0,2
214,82,132,2,32,1,1,0
70,70,0,1,0,1,0,2
70,70,0,1,0,1,0,2
74,74,0,1,0,1,0,1
4716,1809,2907,19,30,11,8,0
70,70,0,1,0,1,0,2
196,102,94,2,30,1,1,0
70,70,0,1,0,1,0,2
8662,1469,7193,28,66,15,13,0
62,62,0,1,0,1,0,1
8355,4135,4220,79,616,41,38,0
62,62,0,1,0,1,0,1
7782,1280,6502,22,79,10,12,0
70,70,0,1,0,1,0,2
66,66,0,1,0,1,0,1
82,82,0,1,30,1,0,0
66,66,0,1,0,1,0,2
1126,609,517,11,15,6,5,0
250,94,156,2,29,1,1,0
70,70,0,2,8,2,0,0
28031,11553,16478,122,108,61,61,0
60,60,0,1,0,1,0,1
70,70,0,1,0,1,0,2
66,66,0,1,0,1,0,2
199,102,97,2,30,1,1,0
167,86,81,2,30,1,1,0
62,62,0,1,0,1,0,1
68519,3801,64718,93,31,40,53,0
203,82,121,2,30,1,1,0
208,106,102,2,30,1,1,0
213,87,126,2,30,1,1,0
126,62,64,2,5,1,1,0
66,66,0,2,7,2,0,0
62,62,0,1,0,1,0,1
216,110,106,2,31,1,1,0
2338,634,1704,10,30,6,4,0
234,234,0,4,47,4,0,0
220,90,130,2,30,1,1,0
214,140,74,4,35,3,1,0
62,62,0,1,0,1,0,1
378,94,284,2,30,1,1,0
70,70,0,1,0,1,0,2
70,70,0,1,0,1,0,2
66,66,0,1,0,1,0,2
305,102,203,2,30,1,1,0
162,162,0,1,0,1,0,1
13456,880,12576,21,16,9,12,0
66,66,0,1,0,1,0,1
70,70,0,1,0,1,0,2
754,94,660,2,30,1,1,0
62,62,0,1,0,1,0,1
146,146,0,1,0,1,0,1
193,102,91,2,30,1,1,0
66,66,0,1,0,1,0,2
200,94,106,2,30,1,1,0
758,96,662,2,31,1,1,0
2685,1353,1332,17,19,10,7,0
8602,1050,7552,16,121,7,9,0
215,98,117,2,30,1,1,0
242,71,171,2,31,1,1,0
66,66,0,1,0,1,0,2
180,94,86,2,30,1,1,0
146,146,0,1,0,1,0,1
66,66,0,1,0,1,0,1
62,62,0,1,0,1,0,1
193,102,91,2,29,1,1,0
200,90,110,2,30,1,1,0
60,60,0,1,0,1,0,1
166,86,80,2,30,1,1,0
62,62,0,1,0,1,0,1
306,180,126,6,32,4,2,0
733,94,639,2,30,1,1,0
260,86,174,2,30,1,1,0
70,70,0,1,0,1,0,2
74,74,0,1,0,1,0,1
578,286,292,9,15,5,4,0
4702,1795,2907,19,28,11,8,0
18512,3109,15403,45,48,22,23,0
70,70,0,1,0,1,0,2
204,104,100,2,31,1,1,0
164,78,86,2,30,1,1,0
451899,13130,438769,463,16,162,301,0
66,66,0,1,0,1,0,2
712,452,260,8,25,4,4,0
177,94,83,2,30,1,1,0
70,70,0,1,0,1,0,2
62,62,0,1,0,1,0,1
62,62,0,1,0,1,0,1
146,146,0,1,0,1,0,1
182,94,88,2,30,1,1,0
747,93,654,2,30,1,1,0
88,88,0,1,0,1,0,1
66,66,0,1,0,1,0,2
17710,1892,15818,37,24,17,20,0
160,69,91,2,121,1,1,0
366,240,126,7,31,5,2,0
392,134,258,2,30,1,1,0
60,60,0,1,0,1,0,1
8111,1413,6698,21,28,12,9,0
753,96,657,2,31,1,1,0
180,94,86,2,31,1,1,0
66,66,0,1,0,1,0,2
214,140,74,4,41,3,1,0
90,90,0,1,0,1,0,1
146,146,0,1,0,1,0,1
3255,430,2825,11,15,6,5,0
70,70,0,1,0,1,0,2
66,66,0,1,0,1,0,2
2794,2075,719,15,30,9,6,0
62,62,0,1,0,1,0,1
275,75,200,2,30,1,1,0
70,70,0,1,0,1,0,2
8211,3683,4528,27,623,14,13,0
3334,2314,1020,19,39,11,8,0
276,94,182,4,54,2,2,0
7080,2136,4944,18,121,8,10,0
70,70,0,1,0,1,0,2
146,146,0,1,0,1,0,1
1401,864,537,12,29,6,6,0
62,62,0,1,0,1,0,1
66,66,0,1,0,1,0,1
70,70,0,2,8,2,0,0
70,70,0,1,0,1,0,2
62,62,0,1,0,1,0,1
10124,2145,7979,24,156,11,13,0
232,172,60,3,5,2,1,0
70,70,0,1,0,1,0,2
212,108,104,2,30,1,1,0
60,60,0,1,0,1,0,1
13018,2021,10997,34,95,14,20,0
733,86,647,2,29,1,1,0
70,70,0,1,0,1,0,2
1498,539,959,10,77,6,4,0
199,94,105,2,30,1,1,0
208,94,114,2,30,1,1,0
1721,971,750,15,16,8,7,0
70,70,0,1,0,1,0,2
4252,726,3526,13,16,7,6,0
70,70,0,1,0,1,0,2
1745,779,966,12,144,7,5,0
70,70,0,1,0,1,0,2
70,70,0,1,0,1,0,2
70,70,0,1,0,1,0,2
2513,567,1946,10,75,6,4,0
164,164,0,1,0,1,0,1
70,70,0,1,0,1,0,2
184,94,90,2,30,1,1,0
66,66,0,1,0,1,0,1
70,70,0,1,0,1,0,2
164,78,86,2,30,1,1,0
168,86,82,2,30,1,1,0
70,70,0,1,0,1,0,2
66,66,0,1,0,1,0,1
70,70,0,1,5,1,0,0
168,86,82,2,31,1,1,0
177,94,83,2,31,1,1,0
70,70,0,1,0,1,0,2
6283,1439,4844,25,316,13,12,0
258,110,148,2,30,1,1,0
115,115,0,1,31,1,0,0
209,110,99,2,30,1,1,0
200,102,98,2,29,1,1,0
146,146,0,1,0,1,0,1
66,66,0,1,0,1,0,2
60,60,0,1,0,1,0,1
66,66,0,1,0,1,0,1
811,94,717,2,29,1,1,0
235,90,145,2,32,1,1,0
1658,1344,314,10,15,5,5,0
177,94,83,2,30,1,1,0
70,70,0,1,0,1,0,2
5870176,83236,5786940,5053,78,1161,3892,0
102,102,0,1,60,1,0,0
70,70,0,1,0,1,0,2
168,86,82,2,30,1,1,0
177,94,83,2,30,1,1,0
62,62,0,1,0,1,0,1
70,70,0,1,0,1,0,2
70,70,0,1,0,1,0,2
316,136,180,6,6,3,3,0
66,66,0,1,0,1,0,2
70,70,0,1,0,1,0,2
101,101,0,2,31,2,0,0
70,70,0,1,0,1,0,2
70,70,0,1,0,1,0,2
184,94,90,2,30,1,1,0
66,66,0,1,0,1,0,1
199,102,97,2,29,1,1,0
60,60,0,1,0,1,0,1
451,259,192,5,23,2,3,0
249,102,147,2,30,1,1,0
70,70,0,2,8,2,0,0
66,66,0,1,0,1,0,2
747,90,657,2,30,1,1,0
480,244,236,4,0,2,2,0
8022,2002,6020,20,16,11,9,0
179,94,85,2,29,1,1,0
225,110,115,2,30,1,1,0
490,149,341,3,1199,2,1,0
168,78,90,2,30,1,1,0
70,70,0,1,0,1,0,2
174,89,85,2,30,1,1,0
196,102,94,2,30,1,1,0
374,104,270,4,50,2,2,0
70,70,0,2,8,2,0,0
3528,1045,2483,13,120,6,7,0
66,66,0,1,0,1,0,1
62,62,0,1,0,1,0,1
82,82,0,2,40,2,0,0
62,62,0,1,0,1,0,1
70,70,0,1,0,1,0,2
62,62,0,1,0,1,0,1
60,60,0,1,0,1,0,1
168,86,82,2,31,1,1,0
986,499,487,9,17,5,4,0
70,70,0,1,0,1,0,2
499,425,74,4,0,3,1,0
66,66,0,1,0,1,0,2
66,66,0,1,0,1,0,2
66,66,0,1,0,1,0,1
148,148,0,1,0,1,0,1
74,74,0,1,0,1,0,1
70,70,0,1,0,1,0,2
90113,3417,86696,95,16,30,65,0
124,60,64,2,31,1,1,0
8370,2798,5572,31,315,15,16,0
700,282,418,8,81,4,4,0
184,94,90,2,30,1,1,0
8949,1938,7011,21,17,12,9,0
4665,2167,2498,23,16,12,11,0
654,150,504,3,1200,1,2,0
3873,2469,1404,17,16,9,8,0
70,70,0,1,5,1,0,0
70,70,0,2,8,2,0,0
146,146,0,1,0,1,0,1
177,94,83,2,30,1,1,0
15099,7828,7271,45,92,24,21,0
86,86,0,1,30,1,0,0
66,66,0,1,0,1,0,2
66,66,0,1,0,1,0,1
70,70,0,1,0,1,0,2
162,162,0,1,0,1,0,1
314,94,220,4,33,2,2,0
70,70,0,1,0,1,0,2
143,143,0,1,0,1,0,1
70,70,0,1,0,1,0,2
66,66,0,1,0,1,0,2
62,62,0,1,0,1,0,1
171467,27550,143917,220,85,108,112,0
254,128,126,5,16,3,2,0
168,86,82,2,31,1,1,0
216,110,106,2,29,1,1,0
344,102,242,2,30,1,1,0
70,70,0,1,0,1,0,2
194,102,92,2,30,1,1,0
145,145,0,1,0,1,0,1
4151,1015,3136,16,27,8,8,0
1537,934,603,14,32,7,7,0
165,86,79,2,29,1,1,0
372,142,230,2,29,1,1,0
66,66,0,1,0,1,0,1
209,110,99,2,30,1,1,0
1658,1247,411,8,14,5,3,0
480,149,331,2,1200,1,1,0
234,234,0,4,11,4,0,0
770,102,668,2,31,1,1,0
70,70,0,1,0,1,0,2
183,94,89,2,31,1,1,0
62,62,0,1,0,1,0,1
146,146,0,1,0,1,0,1
168,78,90,2,30,1,1,0
1057,590,467,11,142,6,5,0
1092,645,447,10,34,6,4,0
142,142,0,1,30,1,0,0
66,66,0,1,0,1,0,2
13482,3731,9751,40,500,17,23,0
199,102,97,2,30,1,1,0
66,66,0,1,0,1,0,1
70,70,0,1,0,1,0,2
62,62,0,1,0,1,0,1
62,62,0,1,0,1,0,1
38013,6855,31158,58,21,25,33,0
481,150,331,2,1200,1,1,0
766,102,664,2,30,1,1,0
70,70,0,1,5,1,0,0
60,60,0,1,0,1,0,1
66,66,0,1,0,1,0,2
66,66,0,1,0,1,0,2
199,102,97,2,30,1,1,0
179,94,85,2,30,1,1,0
363,98,265,4,54,2,2,0
798502,33164,765338,927,103,379,548,0
70,70,0,1,0,1,0,2
580643,7944,572699,475,41,86,389,0
62,62,0,1,0,1,0,1
143,143,0,1,0,1,0,1
198,101,97,2,31,1,1,0
90166,3481,86685,96,16,31,65,0
234,234,0,4,12,4,0,0
66,66,0,1,0,1,0,2
5660,3544,2116,17,47,10,7,0
184,94,90,2,31,1,1,0
2768,1593,1175,22,21,11,11,0
346,214,132,3,29,1,2,0
70,70,0,1,0,1,0,2
66,66,0,1,0,1,0,1
258,70,188,4,8,2,2,0
146,146,0,1,0,1,0,1
213,102,111,2,30,1,1,0
62,62,0,1,0,1,0,1
183,94,89,2,30,1,1,0
8241,2346,5895,18,136,8,10,0
70,70,0,1,0,1,0,2
66,66,0,1,0,1,0,1
66,66,0,1,0,1,0,1
70,70,0,1,0,1,0,2
166,166,0,1,1199,1,0,0
66,66,0,1,0,1,0,2
318,192,126,6,26,4,2,0
70,70,0,1,0,1,0,2
70,70,0,1,5,1,0,0
448,166,282,2,30,1,1,0
100,100,0,1,0,1,0,1
481,150,331,2,1200,1,1,0
182,93,89,2,31,1,1,0
66,66,0,1,0,1,0,2
716,95,621,2,31,1,1,0
168,78,90,2,30,1,1,0
213,79,134,2,32,1,1,0
66,66,0,1,0,1,0,1
66,66,0,1,0,1,0,2
66,66,0,1,0,1,0,2
243,94,149,2,30,1,1,0
70,70,0,1,0,1,0,2
70,70,0,1,0,1,0,2
182,102,80,2,29,1,1,0
62,62,0,1,0,1,0,1
258,102,156,2,30,1,1,0
898,126,772,3,31,2,1,0
720,549,171,4,30,2,2,0
184,94,90,2,30,1,1,0
66,66,0,1,5,1,0,0
9161,2202,6959,28,374,14,14,0
130,70,60,2,15,1,1,0
66,66,0,1,0,1,0,1
1048,1048,0,9,17,9,0,0
6277395,184853,6092542,6543,317,2262,4281,0
168,94,74,2,30,1,1,0
42171,1901,40270,57,16,26,31,0
62,62,0,1,0,1,0,1
66,66,0,1,0,1,0,2
66,66,0,1,0,1,0,2
183,94,89,2,29,1,1,0
1638,126,1512,4,30,2,2,0
300,180,120,6,26,4,2,0
66,66,0,1,0,1,0,1
70,70,0,1,0,1,0,2
70,70,0,1,0,1,0,2
177,94,83,2,30,1,1,0
62,62,0,1,0,1,0,1
887,126,761,2,31,1,1,0
4624,1191,3433,23,75,14,9,0
7522,2433,5089,16,120,8,8,0
168467,7348,161119,184,8,67,117,0
66,66,0,1,0,1,0,1
7772,2569,5203,23,148,13,10,0
165,86,79,2,30,1,1,0
27760,9709,18051,56,45,27,29,0
62,62,0,1,0,1,0,1
70,70,0,1,0,1,0,1
62,62,0,1,0,1,0,1
70,70,0,1,0,1,0,2
62,62,0,1,0,1,0,1
69882,3520,66362,96,320,38,58,0
70,70,0,1,5,1,0,0
66,66,0,1,0,1,0,2
3613,433,3180,11,16,6,5,0
62,62,0,1,0,1,0,1
78,78,0,1,0,1,0,1
5166,700,4466,16,15,7,9,0
1603,1179,424,10,124,6,4,0
174,89,85,2,30,1,1,0
210,102,108,2,30,1,1,0
6565,1251,5314,27,31,14,13,0
66,66,0,1,0,1,0,2
5612,1251,4361,22,65,12,10,0
66,66,0,1,0,1,0,2
20583,3435,17148,54,95,27,27,0
182,93,89,2,30,1,1,0
70,70,0,1,0,1,0,2
3360,2260,1100,19,61,11,8,0
179,94,85,2,31,1,1,0
509,150,359,2,1199,1,1,0
66,66,0,1,0,1,0,2
130,70,60,2,30,1,1,0
2834,1700,1134,16,15,8,8,0
70,70,0,2,8,2,0,0
134,60,74,3,5,2,1,0
231,110,121,2,31,1,1,0
7018,1381,5637,24,17,14,10,0
1012,495,517,10,26,4,6,0
370,126,244,2,30,1,1,0
66,66,0,1,0,1,0,1
6017,5209,808,12,30,7,5,0
29727,1571,28156,44,16,21,23,0
974,481,493,8,15,5,3,0
74,74,0,1,0,1,0,1
179,94,85,2,29,1,1,0
66,66,0,1,0,1,0,2
5518,527,4991,13,75,6,7,0
70,70,0,1,0,1,0,2
195,102,93,2,31,1,1,0
40169,4646,35523,61,122,24,37,0
13139,6481,6658,36,262,16,20,0
70,70,0,1,0,1,0,2
7772,2563,5209,18,121,9,9,0
237,91,146,2,32,1,1,0
170,87,83,2,30,1,1,0
878,126,752,2,31,1,1,0
145,145,0,1,0,1,0,1
70,70,0,1,0,1,0,2
62,62,0,1,0,1,0,1
216,102,114,2,30,1,1,0
362,240,122,7,17,5,2,0
60,60,0,1,0,1,0,1
66,66,0,1,0,1,0,1
62,62,0,1,0,1,0,1
266,72,194,2,30,1,1,0
66,66,0,1,0,1,0,1
70988,47020,23968,152,652,79,73,0
16164,3053,13111,31,18,16,15,0
33072,3479,29593,71,98,38,33,0
121129,5559,115570,157,640,51,106,0
66,66,0,1,0,1,0,1
66,66,0,1,0,1,0,1
70,70,0,2,7,2,0,0
66,66,0,1,0,1,0,1
70,70,0,1,4,1,0,0
66,66,0,1,0,1,0,1
208,106,102,2,30,1,1,0
66,66,0,1,0,1,0,1
70,70,0,1,0,1,0,2
1083,653,430,8,16,5,3,0
63550,10766,52784,98,131,43,55,0
8060,2040,6020,20,15,11,9,0
60,60,0,1,0,1,0,1
70,70,0,1,0,1,0,2
9783,5855,3928,22,122,11,11,0
1082,896,186,18,214,15,3,0
825,99,726,2,31,1,1,0
2776,2091,685,9,47,5,4,0
70,70,0,1,0,1,0,2
60,60,0,1,0,1,0,1
66,66,0,1,0,1,0,2
213,87,126,2,31,1,1,0
1058,641,417,10,50,6,4,0
70,70,0,1,0,1,0,2
27501,3878,23623,57,54,24,33,0
66,66,0,1,0,1,0,2
62,62,0,1,0,1,0,1
372361,11310,361051,385,16,136,249,0
66,66,0,1,0,1,0,1
70,70,0,1,0,1,0,2
9573,1963,7610,25,72,12,13,0
1723,438,1285,10,136,6,4,0
66,66,0,1,0,1,0,2
70,70,0,1,0,1,0,2
266,85,181,2,31,1,1,0
70,70,0,1,0,1,0,2
184,94,90,2,30,1,1,0
10921,3102,7819,25,217,13,12,0
186,102,84,2,30,1,1,0
39798,12257,27541,68,97,27,41,0
276,126,150,2,30,1,1,0
62,62,0,1,0,1,0,1
62,62,0,1,0,1,0,1
4106,703,3403,15,26,8,7,0
199,102,97,2,29,1,1,0
182,93,89,2,31,1,1,0
12787534,288179,12499355,12299,64,4036,8263,0
7906,1569,6337,20,150,9,11,0
70,70,0,1,0,1,0,2
60,60,0,1,0,1,0,1
215,80,135,2,32,1,1,0
172,88,84,2,31,1,1,0
70,70,0,1,0,1,0,2
66,66,0,1,0,1,0,2
215,80,135,2,32,1,1,0
10855,1786,9069,32,180,15,17,0
70,70,0,1,0,1,0,2
62,62,0,1,0,1,0,1
62,62,0,1,0,1,0,1
70,70,0,1,0,1,0,2
340,90,250,2,31,1,1,0
198,101,97,2,30,1,1,0
66,66,0,2,9,2,0,0
70,70,0,1,0,1,0,2
206,84,122,4,30,2,2,0
326,186,140,6,29,4,2,0
60,60,0,1,0,1,0,1
60,60,0,1,0,1,0,1
190,97,93,2,30,1,1,0
1654,931,723,20,16,11,9,0
60,60,0,1,0,1,0,1
70,70,0,1,0,1,0,2
194,94,100,2,30,1,1,0
62,62,0,1,0,1,0,1
177,94,83,2,30,1,1,0
98,98,0,1,0,1,0,1
179,94,85,2,30,1,1,0
237,86,151,2,30,1,1,0
70,70,0,1,0,1,0,2
167,86,81,2,29,1,1,0
62,62,0,1,0,1,0,1
386,101,285,4,31,2,2,0
366,240,126,7,21,5,2,0
66,66,0,1,0,1,0,2
492,306,186,8,15,5,3,0
318,192,126,6,26,4,2,0
4490,750,3740,16,128,8,8,0
66,66,0,1,0,1,0,1
1682,642,1040,13,54,4,9,0
70,70,0,1,0,1,0,2
322,262,60,2,5,1,1,0
62,62,0,1,0,1,0,1
180,94,86,2,31,1,1,0
487,136,351,4,46,2,2,0
4706,2850,1856,44,6872,25,19,0
391,102,289,4,31,2,2,0
74,74,0,1,0,1,0,1
214,110,104,2,30,1,1,0
1139,609,530,10,61,6,4,0
170,87,83,2,30,1,1,0
70,70,0,1,5,1,0,0
70,70,0,1,0,1,0,2
200,90,110,2,30,1,1,0
216,98,118,2,30,1,1,0
66,66,0,1,0,1,0,2
194,94,100,2,30,1,1,0
177,94,83,2,30,1,1,0
256,93,163,2,31,1,1,0
66,66,0,1,0,1,0,1
491,150,341,2,1200,1,1,0
62,62,0,1,0,1,0,1
255,78,177,2,30,1,1,0
70,70,0,1,0,1,0,2
124,64,60,2,0,1,1,0
12757,4360,8397,41,17,23,18,0
66,66,0,1,0,1,0,2
62,62,0,1,0,1,0,1
70,70,0,1,0,1,0,2
1035,253,782,4,1200,2,2,0
8277,1368,6909,31,120,14,17,0
70,70,0,1,0,1,0,2
214,110,104,2,30,1,1,0
78,78,0,1,0,1,0,1
70,70,0,1,0,1,0,2
60,60,0,1,0,1,0,1
177,94,83,2,30,1,1,0
299,110,189,4,31,2,2,0
181,94,87,2,30,1,1,0
62,62,0,1,0,1,0,1
60,60,0,1,0,1,0,1
178,94,84,2,31,1,1,0
67,67,0,1,0,1,0,1
883886,26396,857490,947,444,340,607,0
62,62,0,1,0,1,0,1
66,66,0,1,0,1,0,1
193,102,91,2,30,1,1,0
66,66,0,1,0,1,0,1
146,146,0,1,0,1,0,1
70,70,0,1,0,1,0,2
401,91,310,4,29,2,2,0
195,102,93,2,33,1,1,0
751,95,656,2,30,1,1,0
146,146,0,1,0,1,0,1
66,66,0,1,0,1,0,1
62,62,0,1,0,1,0,1
60,60,0,1,0,1,0,1
62,62,0,1,0,1,0,1
66,66,0,1,0,1,0,2
70,70,0,1,0,1,0,2
66,66,0,1,0,1,0,1
62,62,0,1,0,1,0,1
216,110,106,2,31,1,1,0
8949,1938,7011,21,17,12,9,0
183,94,89,2,30,1,1,0
66,66,0,1,0,1,0,2
286,103,183,4,48,2,2,0
70,70,0,1,4,1,0,0
70,70,0,1,0,1,0,2
70,70,0,1,0,1,0,2
216,98,118,2,30,1,1,0
66,66,0,1,0,1,0,2
70,70,0,1,0,1,0,2
2614,1689,925,18,22,10,8,0
312,132,180,6,7,3,3,0
62,62,0,1,0,1,0,1
266,110,156,2,30,1,1,0
70,70,0,1,0,1,0,2
194,102,92,2,30,1,1,0
194,87,107,2,30,1,1,0
24452,12758,11694,39,129,23,16,0
62,62,0,1,0,1,0,1
66,66,0,1,0,1,0,2
3656,2345,1311,18,17,9,9,0
18480,7940,10540,48,71,27,21,0
66,66,0,1,0,1,0,1
624,382,242,10,15,6,4,0
66,66,0,1,0,1,0,2
20851,15854,4997,36,20,20,16,0
66,66,0,1,0,1,0,1
177,94,83,2,30,1,1,0
184,94,90,2,31,1,1,0
711,87,624,2,31,1,1,0
70,70,0,1,5,1,0,0
66,66,0,1,0,1,0,2
9506,4029,5477,30,330,17,13,0
66,66,0,1,0,1,0,2
86,86,0,1,30,1,0,0
66,66,0,1,0,1,0,2
70,70,0,1,0,1,0,2
480,149,331,2,1200,1,1,0
6790,1336,5454,20,187,11,9,0
70,70,0,1,0,1,0,2
6268,1904,4364,30,119,16,14,0
66,66,0,1,0,1,0,2
214,110,104,2,30,1,1,0
14337,3375,10962,47,121,23,24,0
66,66,0,1,0,1,0,1
146,146,0,1,0,1,0,1
66,66,0,1,0,1,0,2
1382291,55962,1326329,1491,24,582,909,0
229587,8510,221077,245,121,82,163,0
70,70,0,2,8,2,0,0
62,62,0,1,0,1,0,1
168,78,90,2,30,1,1,0
72,72,0,1,0,1,0,1
70,70,0,1,0,1,0,2
180,94,86,2,30,1,1,0
219,111,108,2,1201,1,1,0
229,89,140,2,30,1,1,0
66,66,0,1,90,1,0,0
66,66,0,1,0,1,0,2
90,90,0,1,0,1,0,1
66,66,0,1,0,1,0,1
66,66,0,1,0,1,0,2
2583,334,2249,7,90,3,4,0
70,70,0,1,0,1,0,2
374,192,182,7,41,4,3,0
71,71,0,1,31,1,0,0
244,94,150,2,30,1,1,0
70,70,0,1,0,1,0,2
70,70,0,1,0,1,0,2
5167,700,4467,16,15,7,9,0
490,149,341,2,1200,1,1,0
70,70,0,1,0,1,0,2
197,102,95,2,30,1,1,0
12140,3028,9112,54,4653,28,26,0
192,98,94,2,30,1,1,0
62,62,0,1,0,1,0,1
62,62,0,1,0,1,0,1
5661,1444,4217,19,135,11,8,0
70,70,0,1,0,1,0,2
378,180,198,7,17,4,3,0
741,94,647,2,30,1,1,0
320,140,180,6,7,3,3,0
70,70,0,1,0,1,0,2
522,91,431,4,49,2,2,0
183,94,89,2,30,1,1,0
198,102,96,2,29,1,1,0
70,70,0,1,0,1,0,2
2128,798,1330,14,46,7,7,0
66,66,0,1,0,1,0,1
66,66,0,1,0,1,0,1
320,140,180,6,7,3,3,0
86,86,0,1,30,1,0,0
66,66,0,1,0,1,0,2
502,140,362,8,140,3,5,0
402,118,284,2,30,1,1,0
7383,2461,4922,18,135,8,10,0
70,70,0,1,5,1,0,0
66,66,0,1,0,1,0,1
62,62,0,1,0,1,0,1
5696,703,4993,14,75,8,6,0
66,66,0,1,0,1,0,2
66,66,0,1,0,1,0,1
20576,8959,11617,42,130,24,18,0
62,62,0,1,0,1,0,1
62,62,0,1,0,1,0,1
198,102,96,2,29,1,1,0
60,60,0,1,0,1,0,1
70,70,0,1,0,1,0,2
70,70,0,1,0,1,0,2
70,70,0,1,0,1,0,2
146,146,0,1,0,1,0,1
66,66,0,1,0,1,0,1
422,164,258,6,30,3,3,0
62,62,0,1,0,1,0,1
1627,884,743,12,27,6,6,0
70,70,0,1,0,1,0,2
772,103,669,2,30,1,1,0
622,310,312,11,59,6,5,0
62,62,0,1,0,1,0,1
3327,1940,1387,19,22,10,9,0
66,66,0,1,0,1,0,2
70,70,0,1,0,1,0,2
199,94,105,2,30,1,1,0
312,132,180,6,7,3,3,0
168,86,82,2,31,1,1,0
62,62,0,1,0,1,0,1
9852,2665,7187,60,360,25,35,0
177,94,83,2,30,1,1,0
177,94,83,2,31,1,1,0
131,131,0,1,0,1,0,1
254,128,126,5,15,3,2,0
146,146,0,1,0,1,0,1
62,62,0,1,0,1,0,1
186387,10616,175771,243,33,116,127,0
362,302,60,2,5,1,1,0
70,70,0,1,5,1,0,0
832,106,726,2,29,1,1,0
148,86,62,2,30,1,1,0
551,114,437,4,37,2,2,0
499,425,74,4,0,3,1,0
62,62,0,1,0,1,0,1
70,70,0,2,8,2,0,0
62,62,0,1,0,1,0,1
6509,1635,4874,21,186,11,10,0
1988,742,1246,10,334,6,4,0
62,62,0,1,0,1,0,1
62,62,0,1,0,1,0,1
177,94,83,2,30,1,1,0
70,70,0,1,0,1,0,2
62,62,0,1,0,1,0,1
199,102,97,2,31,1,1,0
177,94,83,2,30,1,1,0
237,91,146,2,32,1,1,0
2769,1694,1075,20,3600,10,10,0
62,62,0,1,0,1,0,1
21239,16302,4937,35,20,20,15,0
528,528,0,9,1201,9,0,0
70,70,0,1,5,1,0,0
66,66,0,1,0,1,0,2
5571,1518,4053,22,614,13,9,0
66,66,0,1,0,1,0,2
60,60,0,1,0,1,0,1
178,91,87,2,31,1,1,0
3562,1936,1626,48,193,24,24,0
910,126,784,2,30,1,1,0
5480,2503,2977,20,15,11,9,0
1650,815,835,17,186,9,8,0
66,66,0,1,0,1,0,2
70,70,0,1,0,1,0,2
60,60,0,1,0,1,0,1
66,66,0,1,0,1,0,2
146,146,0,1,0,1,0,1
66,66,0,1,0,1,0,1
66,66,0,1,0,1,0,1
66,66,0,1,0,1,0,2
62,62,0,1,0,1,0,1
1109,1109,0,1,0,1,0,1
3343,1454,1889,15,16,8,7,0
66,66,0,1,0,1,0,1
60,60,0,1,0,1,0,1
70,70,0,1,0,1,0,2
568536,16389,552147,598,19,224,374,0
66,66,0,1,0,1,0,1
728,96,632,2,30,1,1,0
711,87,624,2,30,1,1,0
189,102,87,2,30,1,1,0
5244,1925,3319,33,21,17,16,0
184,102,82,2,30,1,1,0
7771,2691,5080,34,28,19,15,0
70,70,0,1,0,1,0,2
204646,11741,192905,240,141,104,136,0
66,66,0,1,0,1,0,1
165,78,87,2,30,1,1,0
70,70,0,2,9,2,0,0
148,148,0,1,0,1,0,1
66,66,0,1,0,1,0,2
166814,93487,73327,620,4017,312,308,0
70,70,0,1,0,1,0,2
256,93,163,2,30,1,1,0
39717,3740,35977,76,53,39,37,0
9333,2019,7314,41,255,19,22,0
178,94,84,2,31,1,1,0
8422,1676,6746,25,16,13,12,0
14819,8197,6622,47,45,26,21,0
70,70,0,1,0,1,0,2
197,102,95,2,30,1,1,0
198,101,97,2,31,1,1,0
1564,990,574,15,24,8,7,0
70,70,0,1,0,1,0,2
186,95,91,2,30,1,1,0
70,70,0,1,5,1,0,0
70,70,0,1,0,1,0,2
2577,1278,1299,14,267,8,6,0
70,70,0,1,0,1,0,2
229,85,144,2,31,1,1,0
166,86,80,2,30,1,1,0
260,102,158,2,30,1,1,0
66,66,0,1,0,1,0,2
70,70,0,1,0,1,0,2
66,66,0,1,0,1,0,2
25205,2243,22962,41,149,17,24,0
86,86,0,1,30,1,0,0
16012,10450,5562,33,80,18,15,0
350,210,140,6,15,4,2,0
70,70,0,1,0,1,0,2
4613,2811,1802,27,95,14,13,0
60,60,0,1,0,1,0,1
4042,2515,1527,28,169,14,14,0
62,62,0,1,0,1,0,1
901,398,503,10,15,5,5,0
164,86,78,2,30,1,1,0
199,102,97,2,30,1,1,0
66,66,0,1,0,1,0,2
70,70,0,2,8,2,0,0
1327,918,409,10,25,6,4,0
212,102,110,2,30,1,1,0
70,70,0,1,0,1,0,2
211,78,133,2,29,1,1,0
181,94,87,2,31,1,1,0
2013987,64000,1949987,1818,160,504,1314,0
70,70,0,1,0,1,0,2
66,66,0,1,0,1,0,1
216,110,106,2,30,1,1,0
19172,3089,16083,43,3601,20,23,0
62,62,0,1,0,1,0,1
178,94,84,2,30,1,1,0
62,62,0,1,0,1,0,1
190,70,120,4,8,2,2,0
7282,953,6329,18,16,10,8,0
168,78,90,2,30,1,1,0
4967,2482,2485,26,271,13,13,0
70,70,0,1,5,1,0,0
211,86,125,2,30,1,1,0
66,66,0,1,0,1,0,1
66,66,0,1,0,1,0,2
70,70,0,1,0,1,0,2
60,60,0,1,0,1,0,1
7201,2107,5094,23,61,13,10,0
3562,1936,1626,48,195,24,24,0
7671,4890,2781,25,17,13,12,0
62,62,0,1,0,1,0,1
2246,1396,850,15,117,9,6,0
8007,1987,6020,20,15,11,9,0
60,60,0,1,0,1,0,1
6353,1075,5278,18,33,10,8,0
54775,28230,26545,230,175,115,115,0
502,150,352,2,1199,1,1,0
225732,7330,218402,246,174,86,160,0
807,94,713,2,30,1,1,0
74,74,0,1,0,1,0,1
66,66,0,1,0,1,0,2
758,93,665,2,30,1,1,0
70,70,0,1,5,1,0,0
215,80,135,2,32,1,1,0
78,78,0,1,0,1,0,1
8998,1684,7314,24,170,12,12,0
70,70,0,1,0,1,0,2
214782,13389,201393,277,50,98,179,0
1916,1467,449,10,20,6,4,0
177,94,83,2,30,1,1,0
66,66,0,1,0,1,0,2
13990,9102,4888,28,15,16,12,0
70,70,0,1,0,1,0,2
66,66,0,1,0,1,0,1
66,66,0,1,0,1,0,1
145,145,0,1,0,1,0,1
199,102,97,2,30,1,1,0
8125,2039,6086,21,15,11,10,0
556,256,300,10,30,5,5,0
275,86,189,2,30,1,1,0
195,102,93,2,30,1,1,0
316,136,180,6,6,3,3,0
60,60,0,1,0,1,0,1
70,70,0,1,5,1,0,0
753,93,660,2,31,1,1,0
183,94,89,2,30,1,1,0
60,60,0,1,61,1,0,0
70,70,0,1,0,1,0,2
62,62,0,1,0,1,0,1
66,66,0,1,0,1,0,1
897,126,771,2,31,1,1,0
66,66,0,1,0,1,0,1
5518,527,4991,13,75,6,7,0
146,146,0,1,0,1,0,1
62,62,0,1,0,1,0,1
70,70,0,1,0,1,0,2
3504,1790,1714,17,32,9,8,0
70,70,0,2,8,2,0,0
184,94,90,2,31,1,1,0
232,110,122,2,29,1,1,0
66,66,0,2,8,2,0,0
877,126,751,2,31,1,1,0
10435,2860,7575,27,46,15,12,0
70,70,0,1,0,1,0,2
66,66,0,1,0,1,0,2
100,100,0,1,0,1,0,1
198,93,105,2,31,1,1,0
70,70,0,2,7,2,0,0
5687,499,5188,14,16,7,7,0
70,70,0,1,0,1,0,2
66,66,0,1,0,1,0,2
66,66,0,1,0,1,0,1
25586,4360,21226,57,81,29,28,0
66,66,0,1,0,1,0,1
199,102,97,2,32,1,1,0
322,134,188,2,29,1,1,0
70,70,0,1,0,1,0,2
177,94,83,2,30,1,1,0
66,66,0,1,0,1,0,2
5943,1991,3952,23,17,14,9,0
66,66,0,1,0,1,0,1
62,62,0,1,0,1,0,1
316,136,180,6,5,3,3,0
70,70,0,1,0,1,0,2
775,102,673,2,30,1,1,0
4306,1107,3199,17,30,9,8,0
70,70,0,1,0,1,0,2
754,94,660,2,30,1,1,0
62,62,0,1,0,1,0,1
25490,8419,17071,54,48,30,24,0
66,66,0,1,0,1,0,2
62,62,0,1,0,1,0,1
209,110,99,2,30,1,1,0
66,66,0,1,0,1,0,2
3546,2043,1503,16,15,9,7,0
177,94,83,2,29,1,1,0
15651782,355118,15296664,15172,45,5065,10107,0
66,66,0,1,0,1,0,1
1656,914,742,13,21,9,4,0
322,102,220,2,30,1,1,0
70,70,0,1,0,1,0,2
70,70,0,1,0,1,0,2
70,70,0,2,8,2,0,0
2055,1651,404,8,76,5,3,0
3321,1297,2024,13,32,7,6,0
254,128,126,5,15,3,2,0
70,70,0,1,0,1,0,2
62,62,0,1,0,1,0,1
198,102,96,2,29,1,1,0
7128,865,6263,19,87,9,10,0
66,66,0,1,5,1,0,0
66,66,0,1,0,1,0,1
216,110,106,2,30,1,1,0
66,66,0,1,0,1,0,2
66,66,0,1,0,1,0,2
70,70,0,1,0,1,0,2
66,66,0,1,0,1,0,2
194,102,92,2,30,1,1,0
66,66,0,1,0,1,0,2
70,70,0,1,0,1,0,2
2458,531,1927,11,75,6,5,0
66,66,0,1,0,1,0,1
62,62,0,1,0,1,0,1
5312,1510,3802,18,45,11,7,0
272,78,194,2,30,1,1,0
66,66,0,1,0,1,0,2
70,70,0,1,0,1,0,2
66,66,0,1,0,1,0,1
9082,3492,5590,26,61,15,11,0
14433889,278906,14154983,13633,66,4079,9554,0
70,70,0,1,0,1,0,2
194,102,92,2,30,1,1,0
4674,1767,2907,19,29,11,8,0
193,102,91,2,30,1,1,0
60,60,0,1,0,1,0,1
180,92,88,2,30,1,1,0
86,86,0,1,30,1,0,0
60,60,0,1,0,1,0,1
62,62,0,1,0,1,0,1
66,66,0,1,0,1,0,2
5960,438,5522,16,15,6,10,0
183,94,89,2,30,1,1,0
328,102,226,2,30,1,1,0
4712,908,3804,18,89,9,9,0
60,60,0,1,0,1,0,1
2086,1637,449,10,19,6,4,0
70,70,0,1,0,1,0,2
1913,1464,449,10,19,6,4,0
499,425,74,4,0,3,1,0
70,70,0,2,8,2,0,0
70,70,0,1,0,1,0,2
4173582,66515,4107067,3494,129,510,2984,0
62,62,0,1,0,1,0,1
70,70,0,1,0,1,0,2
177,86,91,2,30,1,1,0
571,181,390,6,73,3,3,0
1074,691,383,12,66,7,5,0
66,66,0,1,0,1,0,1
1435,1293,142,5,15,3,2,0
70,70,0,1,0,1,0,2
66,66,0,1,0,1,0,2
66,66,0,1,0,1,0,2
189,102,87,2,30,1,1,0
627,72,555,2,30,1,1,0
100,100,0,1,0,1,0,1
66,66,0,1,0,1,0,2
70,70,0,1,0,1,0,2
62,62,0,1,0,1,0,1
210,110,100,2,31,1,1,0
62,62,0,1,0,1,0,1
70,70,0,1,0,1,0,2
70,70,0,1,0,1,0,2
62,62,0,1,0,1,0,1
5995,1092,4903,22,72,12,10,0
198,101,97,2,31,1,1,0
66,66,0,1,0,1,0,2
181,94,87,2,30,1,1,0
66,66,0,1,0,1,0,1
10243,1659,8584,29,83,13,16,0
70,70,0,1,0,1,0,2
241,94,147,2,30,1,1,0
195,102,93,2,30,1,1,0
66,66,0,1,0,1,0,2
70,70,0,1,4,1,0,0
5039,2265,2774,21,30,11,10,0
70,70,0,2,8,2,0,0
66,66,0,1,0,1,0,1
62,62,0,1,0,1,0,1
7263,1830,5433,27,16,15,12,0
60,60,0,1,0,1,0,1
70,70,0,1,5,1,0,0
5565,1382,4183,22,158,11,11,0
66,66,0,1,0,1,0,2
70,70,0,1,0,1,0,2
62,62,0,1,0,1,0,1
70,70,0,1,0,1,0,2
177,94,83,2,30,1,1,0
8105,3187,4918,18,24,9,9,0
260,102,158,2,30,1,1,0
184,94,90,2,30,1,1,0
299,110,189,4,31,2,2,0
62,62,0,1,0,1,0,1
324,150,174,2,1200,1,1,0
316,136,180,6,6,3,3,0
66,66,0,1,0,1,0,1
70,70,0,1,0,1,0,2
183,94,89,2,30,1,1,0
66,66,0,1,0,1,0,2
5037,2002,3035,14,120,7,7,0
196,94,102,2,29,1,1,0
66,66,0,1,0,1,0,2
177,94,83,2,29,1,1,0
66,66,0,1,0,1,0,2
196,102,94,2,30,1,1,0
70,70,0,1,0,1,0,2
66,66,0,1,0,1,0,2
1835,1190,645,17,26,10,7,0
251,69,182,3,120,1,2,0
66,66,0,1,0,1,0,1
66,66,0,1,0,1,0,2
66,66,0,1,0,1,0,1
5795,3322,2473,22,93,13,9,0
177,94,83,2,30,1,1,0
1946,1019,927,10,15,6,4,0
177,94,83,2,30,1,1,0
66,66,0,1,0,1,0,1
62,62,0,1,0,1,0,1
210,102,108,2,30,1,1,0
184,94,90,2,31,1,1,0
146,146,0,1,0,1,0,1
17462,4583,12879,93,19,47,46,0
199,102,97,2,30,1,1,0
62,62,0,1,0,1,0,1
760,422,338,12,28,7,5,0
1386,751,635,15,181,8,7,0
1274,694,580,13,16,6,7,0
183,94,89,2,29,1,1,0
66,66,0,1,0,1,0,2
62,62,0,1,0,1,0,1
62,62,0,1,0,1,0,1
164,86,78,2,29,1,1,0
819,102,717,2,30,1,1,0
5515,1388,4127,18,15,9,9,0
66,66,0,1,0,1,0,2
70,70,0,1,0,1,0,2
197,102,95,2,30,1,1,0
62,62,0,1,0,1,0,1
70,70,0,1,0,1,0,2
196,102,94,2,31,1,1,0
490,150,340,2,1200,1,1,0
66,66,0,1,0,1,0,1
62,62,0,1,0,1,0,1
183,94,89,2,30,1,1,0
66,66,0,1,0,1,0,2
62,62,0,1,0,1,0,1
102,102,0,2,31,2,0,0
7493,3793,3700,40,109,26,14,0
33985,8645,25340,53,35,28,25,0
66,66,0,1,0,1,0,2
2243,1548,695,11,46,7,4,0
86,86,0,1,30,1,0,0
70,70,0,1,0,1,0,2
70,70,0,1,0,1,0,2
145,145,0,1,0,1,0,1
146,146,0,1,0,1,0,1
164,84,80,2,31,1,1,0
752,93,659,2,31,1,1,0
62,62,0,1,0,1,0,1
314,128,186,6,27,3,3,0
70,70,0,1,0,1,0,2
384,166,218,2,29,1,1,0
186,95,91,2,31,1,1,0
19057,9308,9749,111,307,53,58,0
146,146,0,1,0,1,0,1
200,94,106,2,31,1,1,0
70,70,0,1,0,1,0,2
161,101,60,2,5,1,1,0
66,66,0,1,0,1,0,2
70,70,0,1,0,1,0,2
62,62,0,1,0,1,0,1
5981,3589,2392,15,32,8,7,0
6748,1643,5105,26,138,14,12,0
177,94,83,2,30,1,1,0
325,94,231,2,30,1,1,0
70,70,0,1,0,1,0,2
70,70,0,1,0,1,0,2
216,110,106,2,31,1,1,0
62,62,0,1,0,1,0,1
66,66,0,1,0,1,0,1
184,94,90,2,30,1,1,0
6332,944,5388,19,66,10,9,0
70,70,0,1,0,1,0,2
70,70,0,1,0,1,0,2
60,60,0,1,0,1,0,1
6998,2361,4637,20,17,10,10,0
66,66,0,1,0,1,0,2
760,97,663,2,30,1,1,0
70,70,0,1,0,1,0,2
70,70,0,1,0,1,0,2
1056,682,374,10,15,6,4,0
26444,2671,23773,52,363,25,27,0
214,140,74,4,41,3,1,0
62,62,0,1,0,1,0,1
70,70,0,1,0,1,0,2
711,87,624,2,30,1,1,0
7900,2042,5858,27,36,15,12,0
70,70,0,1,0,1,0,2
327,102,225,2,30,1,1,0
66,66,0,1,0,1,0,1
204,64,140,4,10,2,2,0
33229,5348,27881,55,125,26,29,0
198,102,96,2,33,1,1,0
66,66,0,1,0,1,0,1
12274,2677,9597,51,17,29,22,0
60,60,0,1,0,1,0,1
11357,5000,6357,22,30,11,11,0
8535,2139,6396,25,394,9,16,0
70,70,0,1,0,1,0,2
22541,2143,20398,38,322,16,22,0
7816,2371,5445,34,255,18,16,0
62,62,0,1,0,1,0,1
70,70,0,1,0,1,0,2
249,78,171,2,30,1,1,0
146,146,0,1,0,1,0,1
177,94,83,2,30,1,1,0
239,86,153,2,29,1,1,0
2066,1369,697,13,84,7,6,0
3498,1872,1626,48,201,24,24,0
196,102,94,2,30,1,1,0
222,132,90,4,1210,3,1,0
66,66,0,1,0,1,0,1
5755,3943,1812,24,31,13,11,0
297,110,187,2,30,1,1,0
346,140,206,6,130,3,3,0
66,66,0,1,0,1,0,2
62,62,0,1,0,1,0,1
754,94,660,2,30,1,1,0
70,70,0,1,0,1,0,2
26692,5527,21165,54,31,28,26,0
100,100,0,1,0,1,0,1
178,94,84,2,30,1,1,0
66,66,0,1,0,1,0,2
193,102,91,2,30,1,1,0
146,146,0,1,0,1,0,1
6092,775,5317,17,25,9,8,0
70,70,0,1,0,1,0,2
2594,1200,1394,16,17,10,6,0
8217,2075,6142,31,76,15,16,0
62,62,0,1,0,1,0,1
14553,9653,4900,38,19,22,16,0
278,102,176,2,30,1,1,0
66,66,0,1,0,1,0,1
70,70,0,1,0,1,0,2
177,94,83,2,30,1,1,0
5801,1995,3806,19,16,10,9,0
7691,1797,5894,22,137,12,10,0
168,86,82,2,30,1,1,0
70,70,0,1,0,1,0,2
70,70,0,1,0,1,0,2
70,70,0,1,0,1,0,2
62,62,0,1,0,1,0,1
70,70,0,1,0,1,0,2
119850,11021,108829,134,95,50,84,0
246,118,128,2,29,1,1,0
193,102,91,2,30,1,1,0
66,66,0,1,0,1,0,2
66,66,0,1,0,1,0,2
210,110,100,2,30,1,1,0
13595,7140,6455,39,116,24,15,0
60,60,0,1,0,1,0,1
214,110,104,2,29,1,1,0
366,240,126,7,21,5,2,0
819,102,717,2,30,1,1,0
3723,1793,1930,21,69,10,11,0
186,95,91,2,31,1,1,0
199,102,97,2,33,1,1,0
204,104,100,2,30,1,1,0
66,66,0,1,0,1,0,2
62,62,0,1,0,1,0,1
3927,1425,2502,18,121,8,10,0
62,62,0,1,0,1,0,1
265,85,180,4,42,2,2,0
17163,6197,10966,44,43,22,22,0
66,66,0,1,0,1,0,1
70,70,0,1,0,1,0,2
66,66,0,1,0,1,0,2
66,66,0,1,0,1,0,2
70,70,0,1,0,1,0,2
9605,2939,6666,29,46,17,12,0
66,66,0,1,0,1,0,1
131,131,0,1,0,1,0,1
190,70,120,4,15,2,2,0
6559,2158,4401,30,17,16,14,0
70,70,0,1,0,1,0,2
197,102,95,2,29,1,1,0
200,102,98,2,31,1,1,0
66,66,0,1,0,1,0,1
216,90,126,2,29,1,1,0
70,70,0,1,5,1,0,0
214,110,104,2,30,1,1,0
66,66,0,1,0,1,0,1
66,66,0,1,0,1,0,2
454,262,192,8,37,5,3,0
200383,4673,195710,196,30,58,138,0
321,99,222,4,52,2,2,0
13777,1743,12034,26,31,12,14,0
62,62,0,1,0,1,0,1
5415,864,4551,19,360,9,10,0
170,87,83,2,30,1,1,0
70,70,0,1,5,1,0,0
194,99,95,2,30,1,1,0
502,150,352,2,1200,1,1,0
70,70,0,1,0,1,0,2
1586,808,778,13,45,7,6,0
200,102,98,2,30,1,1,0
194,102,92,2,30,1,1,0
167,86,81,2,29,1,1,0
1652,126,1526,4,31,2,2,0
70,70,0,1,0,1,0,2
132,132,0,3,1199,3,0,0
314,98,216,2,29,1,1,0
66,66,0,1,0,1,0,1
194,99,95,2,30,1,1,0
66,66,0,1,0,1,0,1
70,70,0,1,0,1,0,2
70,70,0,1,0,1,0,2
200,102,98,2,31,1,1,0
70,70,0,1,0,1,0,2
316,136,180,6,5,3,3,0
268,95,173,4,45,2,2,0
66,66,0,1,0,1,0,1
70,70,0,1,0,1,0,2
409,409,0,1,0,1,0,1
66,66,0,1,0,1,0,2
62,62,0,1,0,1,0,1
257,101,156,2,33,1,1,0
70,70,0,1,0,1,0,2
66,66,0,1,0,1,0,1
1053,566,487,10,31,6,4,0
66,66,0,1,0,1,0,1
490,210,280,8,131,4,4,0
70,70,0,1,0,1,0,2
6404,829,5575,18,57,9,9,0
70,70,0,2,8,2,0,0
70,70,0,1,0,1,0,2
66,66,0,1,0,1,0,2
70,70,0,1,0,1,0,2
166,85,81,2,31,1,1,0
214,102,112,2,30,1,1,0
193,102,91,2,31,1,1,0
62,62,0,1,0,1,0,1
234,234,0,4,12,4,0,0
184,94,90,2,30,1,1,0
224,78,146,2,30,1,1,0
1610,126,1484,4,30,2,2,0
62,62,0,1,0,1,0,1
2123,1050,1073,23,120,11,12,0
966,480,486,17,29,9,8,0
177,94,83,2,30,1,1,0
66,66,0,1,0,1,0,2
60,60,0,1,0,1,0,1
177,94,83,2,29,1,1,0
146,146,0,1,0,1,0,1
70,70,0,1,0,1,0,2
70,70,0,1,0,1,0,1
14738,2175,12563,24,16,10,14,0
62,62,0,1,0,1,0,1
26697,7168,19529,74,213,39,35,0
1413,876,537,12,26,6,6,0
28126,3114,25012,50,77,22,28,0
143,143,0,1,0,1,0,1
62,62,0,1,0,1,0,1
63895,4604,59291,80,276,34,46,0
60,60,0,1,0,1,0,1
2643240,203689,2439551,3285,576,1237,2048,0
489,149,340,2,1200,1,1,0
66,66,0,1,0,1,0,1
66,66,0,1,0,1,0,2
62,62,0,1,0,1,0,1
256,102,154,2,30,1,1,0
228,90,138,2,30,1,1,0
165,86,79,2,30,1,1,0
212,102,110,2,29,1,1,0
70,70,0,1,0,1,0,2
62,62,0,1,0,1,0,1
1451,796,655,11,31,6,5,0
60,60,0,1,0,1,0,1
66,66,0,1,0,1,0,1
7169,2405,4764,18,135,10,8,0
2593,1394,1199,20,13,11,9,0
236,94,142,2,29,1,1,0
193,102,91,2,29,1,1,0
132,132,0,3,1199,3,0,0
62,62,0,1,0,1,0,1
422,164,258,6,29,3,3,0
70,70,0,1,0,1,0,2
70,70,0,1,0,1,0,2
184,94,90,2,30,1,1,0
145,145,0,1,0,1,0,1
60,60,0,1,0,1,0,1
332,332,0,1,0,1,0,1
881,126,755,2,30,1,1,0
4119,611,3508,12,18,4,8,0
60,60,0,1,0,1,0,1
70,70,0,1,0,1,0,2
4727,2346,2381,19,16,12,7,0
404,259,145,3,32,2,1,0
214,140,74,4,15,3,1,0
66,66,0,1,0,1,0,2
184,94,90,2,30,1,1,0
754,94,660,2,31,1,1,0
62,62,0,1,0,1,0,1
60,60,0,1,0,1,0,1
70,70,0,1,0,1,0,2
197,102,95,2,30,1,1,0
499,425,74,4,1,3,1,0
43883,3446,40437,57,122,22,35,0
5167,700,4467,16,15,7,9,0
164,86,78,2,29,1,1,0
8908,3897,5011,19,135,9,10,0
62,62,0,1,0,1,0,1
70,70,0,1,0,1,0,2
6883,1378,5505,19,128,9,10,0
2638,330,2308,12,135,5,7,0
210,110,100,2,30,1,1,0
145,145,0,1,0,1,0,1
195,102,93,2,30,1,1,0
62,62,0,1,0,1,0,1
66,66,0,1,0,1,0,2
179,94,85,2,31,1,1,0
239,94,145,2,30,1,1,0
70,70,0,1,0,1,0,2
66,66,0,1,0,1,0,2
499,425,74,4,0,3,1,0
71,71,0,1,30,1,0,0
711,87,624,2,31,1,1,0
62,62,0,1,0,1,0,1
19367,11346,8021,47,19,26,21,0
190,97,93,2,0,1,1,0
183,94,89,2,30,1,1,0
1786,172,1614,7,120,3,4,0
198,128,70,3,0,2,1,0
66,66,0,1,0,1,0,2
195,86,109,2,30,1,1,0
177,94,83,2,31,1,1,0
168,86,82,2,30,1,1,0
161,161,0,1,0,1,0,1
153,93,60,2,5,1,1,0
146,146,0,1,0,1,0,1
80340,72269,8071,106,122,65,41,0
4529,1622,2907,19,27,11,8,0
3642,1460,2182,23,143,12,11,0
8126,2183,5943,29,270,14,15,0
180,94,86,2,31,1,1,0
196,94,102,2,30,1,1,0
548,194,354,6,63,3,3,0
8058,2038,6020,20,15,11,9,0
279,93,186,4,32,2,2,0
308,102,206,2,30,1,1,0
64,64,0,2,5,2,0,0
66,66,0,1,0,1,0,1
62,62,0,1,0,1,0,1
66,66,0,1,0,1,0,2
66,66,0,1,0,1,0,1
4680,1773,2907,19,29,11,8,0
62,62,0,1,0,1,0,1
2840,330,2510,12,135,5,7,0
62,62,0,1,0,1,0,1
213,94,119,2,30,1,1,0
70,70,0,1,0,1,0,2
60,60,0,1,0,1,0,1
918,918,0,1,0,1,0,1
62,62,0,1,0,1,0,1
70,70,0,1,0,1,0,2
70,70,0,2,8,2,0,0
62,62,0,1,0,1,0,1
178,94,84,2,30,1,1,0
70,70,0,1,0,1,0,2
66,66,0,1,0,1,0,2
6817,1221,5596,26,285,14,12,0
66,66,0,1,0,1,0,2
70,70,0,1,5,1,0,0
200,102,98,2,31,1,1,0
25872,4400,21472,41,38,16,25,0
1792,703,1089,12,16,7,5,0
406,94,312,2,30,1,1,0
1061,727,334,9,26,4,5,0
62,62,0,1,0,1,0,1
6718,3582,3136,18,126,10,8,0
8643,1918,6725,21,26,11,10,0
62,62,0,1,0,1,0,1
211,110,101,2,30,1,1,0
62,62,0,1,0,1,0,1
196,102,94,2,30,1,1,0
1199,618,581,13,29,6,7,0
62,62,0,1,0,1,0,1
195,102,93,2,30,1,1,0
184,94,90,2,31,1,1,0
60,60,0,1,0,1,0,1
394,94,300,2,30,1,1,0
18746,2976,15770,32,32,12,20,0
87,87,0,2,31,2,0,0
189,102,87,2,30,1,1,0
70,70,0,1,0,1,0,2
130,70,60,2,5,1,1,0
136,136,0,3,14,3,0,0
70,70,0,1,0,1,0,2
62,62,0,1,0,1,0,1
70,70,0,1,0,1,0,2
70,70,0,1,0,1,0,2
62,62,0,1,0,1,0,1
66,66,0,1,0,1,0,1
5220,922,4298,17,100,10,7,0
250,94,156,2,30,1,1,0
480,244,236,4,0,2,2,0
185,102,83,2,30,1,1,0
70,70,0,1,0,1,0,2
70,70,0,1,0,1,0,2
335190,17497,317693,449,42,211,238,0
735,462,273,2,31,1,1,0
66,66,0,1,0,1,0,1
60,60,0,1,0,1,0,1
62,62,0,1,0,1,0,1
86,86,0,1,0,1,0,1
66,66,0,1,0,1,0,2
66,66,0,1,0,1,0,2
307208,13249,293959,367,202,153,214,0
130,66,64,2,5,1,1,0
7655,2018,5637,31,93,16,15,0
174,89,85,2,31,1,1,0
62,62,0,1,0,1,0,1
66,66,0,1,0,1,0,2
60,60,0,1,0,1,0,1
32538,7037,25501,49,143,20,29,0
184,94,90,2,30,1,1,0
8837,3033,5804,44,16,24,20,0
165,86,79,2,29,1,1,0
3312,1569,1743,12,135,7,5,0
70,70,0,1,0,1,0,2
12881,767,12114,21,21,9,12,0
70,70,0,1,0,1,0,2
184,94,90,2,30,1,1,0
334,93,241,4,50,2,2,0
6400453,202937,6197516,6806,226,2259,4547,0
66,66,0,1,0,1,0,2
7929,1940,5989,20,15,11,9,0
12374,1090,11284,27,15,13,14,0
1364,860,504,13,17,8,5,0
66,66,0,1,0,1,0,2
256,93,163,2,31,1,1,0
70,70,0,2,8,2,0,0
66,66,0,1,0,1,0,1
70,70,0,1,0,1,0,2
70,70,0,1,0,1,0,2
755,93,662,2,31,1,1,0
62,62,0,1,0,1,0,1
60,60,0,1,0,1,0,1
893,126,767,2,30,1,1,0
12106,2192,9914,38,38,19,19,0
146,146,0,1,0,1,0,1
70,70,0,1,0,1,0,2
243,94,149,2,32,1,1,0
4742,1835,2907,19,30,11,8,0
70,70,0,1,0,1,0,2
212,102,110,2,30,1,1,0
571,166,405,2,29,1,1,0
60,60,0,1,0,1,0,1
62,62,0,1,0,1,0,1
183,94,89,2,29,1,1,0
70,70,0,1,0,1,0,2
374,192,182,7,28,4,3,0
186,95,91,2,31,1,1,0
66,66,0,1,0,1,0,1
66,66,0,1,0,1,0,1
66,66,0,1,0,1,0,1
66,66,0,1,0,1,0,1
12436,7656,4780,41,17,23,18,0
70,70,0,1,0,1,0,2
6533,1777,4756,24,271,13,11,0
66,66,0,1,0,1,0,2
214,110,104,2,30,1,1,0
177,94,83,2,30,1,1,0
227,110,117,2,30,1,1,0
70,70,0,1,0,1,0,2
9138,4704,4434,24,315,13,11,0
24686,1935,22751,36,16,17,19,0
62,62,0,1,0,1,0,1
70,70,0,1,0,1,0,2
66,66,0,1,0,1,0,1
70,70,0,1,0,1,0,2
4162,2121,2041,25,95,14,11,0
70,70,0,1,0,1,0,2
70,70,0,1,0,1,0,2
6202,1828,4374,25,18,12,13,0
62,62,0,1,0,1,0,1
400810,14719,386091,506,39,164,342,0
478,149,329,2,1200,1,1,0
12526,7202,5324,28,99,15,13,0
209,110,99,2,30,1,1,0
70,70,0,1,0,1,0,2
198,94,104,2,30,1,1,0
362,94,268,2,30,1,1,0
66,66,0,1,0,1,0,2
70,70,0,1,0,1,0,2
196,102,94,2,31,1,1,0
2227,1018,1209,17,16,8,9,0
168,86,82,2,31,1,1,0
200,90,110,2,30,1,1,0
70,70,0,1,0,1,0,2
2535,783,1752,13,48,7,6,0
751,95,656,2,30,1,1,0
66,66,0,1,0,1,0,1
410,110,300,2,30,1,1,0
62,62,0,1,0,1,0,1
70,70,0,1,0,1,0,2
7055,1261,5794,21,82,10,11,0
11139,3031,8108,30,176,14,16,0
231,71,160,2,30,1,1,0
210,110,100,2,30,1,1,0
138678,5557,133121,152,16,58,94,0
194,94,100,2,31,1,1,0
60424,4482,55942,101,686,39,62,0
1332,876,456,11,26,6,5,0
66,66,0,1,0,1,0,1
70,70,0,1,0,1,0,2
1309,670,639,16,166,9,7,0
66,66,0,1,0,1,0,1
5997,978,5019,19,53,10,9,0
66,66,0,1,0,1,0,1
70,70,0,1,0,1,0,2
193,102,91,2,29,1,1,0
66,66,0,1,0,1,0,1
6999,2523,4476,22,80,13,9,0
578,286,292,9,16,5,4,0
10546,2453,8093,28,15,16,12,0
339,110,229,2,29,1,1,0
564,318,246,9,16,5,4,0
66,66,0,1,0,1,0,2
378,192,186,7,41,4,3,0
9925,2939,6986,30,46,17,13,0
1851,1152,699,18,169,10,8,0
62,62,0,1,0,1,0,1
199,102,97,2,30,1,1,0
60,60,0,1,0,1,0,1
204,118,86,2,30,1,1,0
60,60,0,1,0,1,0,1
66,66,0,1,0,1,0,1
41713,34380,7333,67,333,38,29,0
70,70,0,1,0,1,0,2
70,70,0,1,0,1,0,2
214,110,104,2,30,1,1,0
66,66,0,1,0,1,0,2
396,257,139,3,30,2,1,0
70,70,0,1,0,1,0,2
199,102,97,2,30,1,1,0
177,94,83,2,30,1,1,0
6401,1225,5176,18,324,9,9,0
207,86,121,2,30,1,1,0
62,62,0,1,0,1,0,1
180,82,98,2,30,1,1,0
184,94,90,2,29,1,1,0
320,140,180,6,7,3,3,0
3489,1534,1955,17,19,9,8,0
70,70,0,2,8,2,0,0
210,110,100,2,30,1,1,0
70,70,0,1,0,1,0,2
70,70,0,1,0,1,0,2
70,70,0,1,0,1,0,2
66,66,0,1,5,1,0,0
70,70,0,1,0,1,0,2
66,66,0,1,0,1,0,2
66,66,0,1,0,1,0,2
70,70,0,1,0,1,0,2
181759,5146,176613,216,25,77,139,0
195,102,93,2,29,1,1,0
60,60,0,1,0,1,0,1
6007,1727,4280,27,1128,15,12,0
343074,14649,328425,390,41,159,231,0
170,87,83,2,30,1,1,0
184,94,90,2,30,1,1,0
70,70,0,1,0,1,0,2
711,87,624,2,30,1,1,0
70,70,0,1,0,1,0,2
8286,2195,6091,24,256,12,12,0
8407,3736,4671,19,101,11,8,0
143,143,0,1,0,1,0,1
10557,2063,8494,40,144,22,18,0
145,145,0,1,0,1,0,1
48856,4158,44698,65,120,26,39,0
62,62,0,1,0,1,0,1
216,90,126,2,30,1,1,0
70,70,0,1,0,1,0,2
612,366,246,10,19,6,4,0
70,70,0,2,7,2,0,0
66,66,0,1,0,1,0,2
880,126,754,2,30,1,1,0
18158,2080,16078,34,122,19,15,0
70,70,0,2,8,2,0,0
66,66,0,1,0,1,0,1
32527,13068,19459,56,15,21,35,0
946,531,415,11,315,6,5,0
70,70,0,1,0,1,0,2
62,62,0,1,0,1,0,1
193,102,91,2,31,1,1,0
8034,2692,5342,15,16,8,7,0
46033,7524,38509,103,141,49,54,0
66,66,0,1,0,1,0,1
145,145,0,1,0,1,0,1
864,126,738,2,31,1,1,0
1991,686,1305,10,335,6,4,0
731,85,646,2,31,1,1,0
7298,2303,4995,22,16,12,10,0
69742,34581,35161,105,63,52,53,0
9932,1987,7945,22,16,12,10,0
5166,700,4466,16,15,7,9,0
62,62,0,1,0,1,0,1
70,70,0,1,0,1,0,2
376,126,250,2,30,1,1,0
184,94,90,2,31,1,1,0
66,66,0,1,0,1,0,2
70,70,0,1,0,1,0,2
66,66,0,1,0,1,0,2
143,143,0,1,0,1,0,1
62,62,0,1,0,1,0,1
66,66,0,1,0,1,0,1
100,100,0,1,0,1,0,1
745,215,530,6,51,3,3,0
70,70,0,1,0,1,0,2
356,118,238,2,30,1,1,0
167,86,81,2,29,1,1,0
183,94,89,2,31,1,1,0
62,62,0,1,0,1,0,1
469,150,319,2,1200,1,1,0
70,70,0,1,5,1,0,0
198,102,96,2,31,1,1,0
70,70,0,1,0,1,0,2
66,66,0,1,0,1,0,2
70,70,0,1,5,1,0,0
70,70,0,1,0,1,0,2
2293,1576,717,12,15,6,6,0
62,62,0,1,0,1,0,1
235,90,145,2,32,1,1,0
66,66,0,1,0,1,0,1
157,157,0,1,0,1,0,1
17135,1507,15628,24,22,9,15,0
197,94,103,2,29,1,1,0
62,62,0,1,0,1,0,1
70,70,0,1,0,1,0,2
1478937,62961,1415976,1678,148,649,1029,0
18634,3895,14739,48,29,27,21,0
2437,1321,1116,15,83,9,6,0
7351,803,6548,16,24,7,9,0
168,86,82,2,31,1,1,0
70,70,0,1,0,1,0,2
6103,3081,3022,63,616,34,29,0
70,70,0,1,0,1,0,2
13035,2590,10445,27,125,14,13,0
66,66,0,1,0,1,0,2
9467,2741,6726,24,20,15,9,0
168,86,82,2,29,1,1,0
179,94,85,2,30,1,1,0
70,70,0,1,0,1,0,2
70,70,0,1,0,1,0,2
60,60,0,1,0,1,0,1
62,62,0,1,0,1,0,1
62,62,0,1,0,1,0,1
66,66,0,1,0,1,0,1
4691,1784,2907,19,27,11,8,0
1364815,60410,1304405,1401,901,341,1060,0
181,94,87,2,29,1,1,0
4145,1976,2169,22,19,13,9,0
66,66,0,1,0,1,0,1
21391,16334,5057,38,20,21,17,0
62,62,0,1,0,1,0,1
60,60,0,1,0,1,0,1
268,89,179,4,44,2,2,0
289,102,187,2,30,1,1,0
66,66,0,1,0,1,0,1
176,90,86,2,30,1,1,0
193,102,91,2,30,1,1,0
6318,1025,5293,17,35,9,8,0
70,70,0,1,0,1,0,2
9386,1934,7452,32,135,17,15,0
70,70,0,1,0,1,0,2
70,70,0,1,0,1,0,2
70,70,0,1,0,1,0,2
70,70,0,1,0,1,0,2
86,86,0,1,30,1,0,0
62,62,0,1,0,1,0,1
8620,2018,6602,34,80,18,16,0
338,110,228,2,30,1,1,0
72,72,0,1,0,1,0,1
66,66,0,1,5,1,0,0
70,70,0,1,0,1,0,2
1701,883,818,14,26,7,7,0
188,96,92,2,30,1,1,0
78,78,0,1,30,1,0,0
460,150,310,2,1200,1,1,0
8152,3395,4757,27,18,15,12,0
66,66,0,1,0,1,0,2
245,94,151,2,29,1,1,0
3910,1805,2105,20,19,12,8,0
70,70,0,1,0,1,0,2
60,60,0,1,0,1,0,1
66,66,0,1,0,1,0,1
62,62,0,1,0,1,0,1
1466,831,635,10,255,6,4,0
184,94,90,2,31,1,1,0
62,62,0,1,0,1,0,1
166,85,81,2,31,1,1,0
148,86,62,2,31,1,1,0
762,98,664,2,30,1,1,0
235,90,145,2,32,1,1,0
70,70,0,1,0,1,0,2
70,70,0,1,0,1,0,2
62,62,0,1,0,1,0,1
168,78,90,2,30,1,1,0
62,62,0,1,0,1,0,1
1786,172,1614,7,121,3,4,0
70,70,0,1,0,1,0,2
168,78,90,2,29,1,1,0
190,97,93,2,30,1,1,0
958,543,415,11,315,6,5,0
15090,9197,5893,33,97,19,14,0
70,70,0,1,0,1,0,2
15081,6817,8264,31,34,14,17,0
762,98,664,2,31,1,1,0
66,66,0,1,0,1,0,2
229,89,140,2,30,1,1,0
396698,11870,384828,409,16,144,265,0
362232,10443,351789,387,15,147,240,0
170,87,83,2,31,1,1,0
66,66,0,1,0,1,0,1
70,70,0,1,0,1,0,2
3354,1792,1562,46,194,23,23,0
7471,2914,4557,26,47,15,11,0
70,70,0,1,0,1,0,2
62,62,0,1,0,1,0,1
770,101,669,2,30,1,1,0
9949,4623,5326,45,150,23,22,0
1088,641,447,10,25,6,4,0
66,66,0,1,0,1,0,1
550,476,74,6,15,5,1,0
272,94,178,2,30,1,1,0
8355,1923,6432,32,16,18,14,0
216,110,106,2,30,1,1,0
193,90,103,2,30,1,1,0
62,62,0,1,0,1,0,1
62,62,0,1,0,1,0,1
499,183,316,6,57,3,3,0
66,66,0,1,0,1,0,2
177,94,83,2,30,1,1,0
66,66,0,1,0,1,0,1
682,310,372,12,68,6,6,0
66,66,0,1,0,1,0,1
12435,4022,8413,27,62,15,12,0
718,94,624,2,30,1,1,0
66,66,0,1,5,1,0,0
70,70,0,2,7,2,0,0
70,70,0,1,0,1,0,2
748,94,654,2,30,1,1,0
184,94,90,2,29,1,1,0
733,204,529,6,40,3,3,0
62,62,0,1,0,1,0,1
711,87,624,2,30,1,1,0
70,70,0,1,0,1,0,2
1369,495,874,12,361,6,6,0
70,70,0,1,0,1,0,2
260,140,120,5,9,3,2,0
70,70,0,1,0,1,0,2
165,86,79,2,29,1,1,0
366,240,126,7,27,5,2,0
186,95,91,2,31,1,1,0
194,99,95,2,30,1,1,0
66,66,0,1,0,1,0,1
70,70,0,2,7,2,0,0
