N1,N2,N3,N4,N5,N6,N7,N8,N9,N10,N11,N12,N13,N14,N15,N16,N17,N18,N19,C1,C2,C3,C4,C5,C6,C7,C8,label
1976.0,66476.0,0.0,1.0,2013.1858447488585,99.0,372.0,18.0,126.0,47.0,48.0,78.0,2.0,5.0,2.0,11.0,4.0,3.0,11.0,PhD,Divorced,0,0,0,0,0,0,0
1981.0,91065.0,0.0,0.0,2013.143607305936,33.0,822.0,114.0,108.0,179.0,137.0,114.0,1.0,7.0,9.0,9.0,3.0,3.0,11.0,Graduation,Single,0,0,1,1,0,0,1
1982.0,27590.0,1.0,0.0,2013.3130136986301,38.0,6.0,0.0,5.0,0.0,0.0,1.0,1.0,1.0,0.0,2.0,7.0,3.0,11.0,Master,Together,0,0,0,0,0,0,0
1972.0,62220.0,0.0,1.0,2012.6134703196346,55.0,799.0,12.0,375.0,16.0,12.0,12.0,5.0,7.0,6.0,5.0,6.0,3.0,11.0,PhD,Together,0,0,0,0,0,0,1
1989.0,88420.0,0.0,0.0,2014.338812785388,87.0,957.0,153.0,612.0,99.0,95.0,153.0,1.0,4.0,7.0,8.0,1.0,3.0,11.0,Master,Together,1,0,1,1,0,0,0
1976.0,65665.0,0.0,1.0,2013.9221461187215,77.0,225.0,162.0,387.0,106.0,36.0,29.0,1.0,5.0,10.0,8.0,3.0,3.0,11.0,Graduation,Married,0,0,0,0,0,0,0
1978.0,64813.0,1.0,0.0,2014.0054794520547,81.0,293.0,0.0,124.0,179.0,97.0,52.0,1.0,7.0,2.0,10.0,5.0,3.0,11.0,Graduation,Married,0,0,0,0,0,0,0
1971.0,22804.0,1.0,0.0,2013.5849315068492,75.0,14.0,1.0,7.0,2.0,1.0,1.0,1.0,2.0,0.0,2.0,9.0,3.0,11.0,Graduation,Single,0,0,0,0,0,0,0
1956.0,54998.0,0.0,1.0,2013.1940639269408,3.0,154.0,22.0,202.0,39.0,30.0,8.0,5.0,4.0,2.0,9.0,4.0,3.0,11.0,PhD,Single,0,0,0,0,0,0,1
1974.0,43322.0,0.0,0.0,2014.3075342465754,25.0,56.0,7.0,48.0,10.0,2.0,18.0,1.0,3.0,0.0,4.0,7.0,3.0,11.0,Graduation,Single,0,0,0,0,0,0,0
1972.0,29791.0,1.0,0.0,2014.3744292237443,21.0,14.0,0.0,6.0,0.0,0.0,0.0,2.0,2.0,0.0,3.0,5.0,3.0,11.0,PhD,Married,0,0,0,0,0,0,0
1971.0,78642.0,0.0,1.0,2013.3075342465754,83.0,1396.0,0.0,322.0,46.0,35.0,17.0,1.0,4.0,9.0,4.0,6.0,3.0,11.0,PhD,Together,0,0,0,0,0,0,0
1949.0,72025.0,0.0,0.0,2014.3294520547945,46.0,967.0,0.0,617.0,43.0,50.0,0.0,1.0,4.0,8.0,13.0,2.0,3.0,11.0,Graduation,Married,0,1,1,1,0,0,1
1982.0,57937.0,0.0,1.0,2014.1271689497717,56.0,261.0,42.0,144.0,55.0,48.0,133.0,3.0,4.0,4.0,9.0,3.0,3.0,11.0,2n Cycle,Married,0,0,0,0,0,0,0
1988.0,27938.0,1.0,0.0,2014.3267123287671,31.0,13.0,0.0,8.0,2.0,1.0,5.0,1.0,1.0,0.0,4.0,3.0,3.0,11.0,Graduation,Single,0,0,0,0,0,0,0
1963.0,39548.0,1.0,1.0,2014.251598173516,87.0,15.0,4.0,10.0,3.0,4.0,18.0,2.0,1.0,1.0,3.0,3.0,3.0,11.0,2n Cycle,Single,0,0,0,0,0,0,0
1969.0,44602.0,1.0,1.0,2014.1244292237443,35.0,167.0,2.0,89.0,0.0,0.0,34.0,6.0,6.0,1.0,4.0,8.0,3.0,11.0,Master,Together,0,0,0,0,0,0,0
1950.0,27203.0,1.0,1.0,2012.5997716894976,92.0,13.0,2.0,21.0,4.0,0.0,24.0,2.0,1.0,1.0,2.0,8.0,3.0,11.0,Graduation,Together,0,0,0,0,0,0,0
1947.0,67472.0,0.0,1.0,2013.7433789954339,93.0,162.0,31.0,127.0,8.0,17.0,69.0,2.0,4.0,2.0,7.0,3.0,3.0,11.0,PhD,Married,0,0,0,0,0,0,0
1969.0,42731.0,1.0,0.0,2013.8075342465754,64.0,159.0,2.0,51.0,6.0,2.0,24.0,3.0,4.0,1.0,5.0,5.0,3.0,11.0,PhD,Together,0,0,0,0,0,0,0
1977.0,28973.0,0.0,0.0,2012.785616438356,59.0,206.0,0.0,46.0,3.0,2.0,12.0,2.0,5.0,1.0,5.0,8.0,3.0,11.0,PhD,Married,0,0,0,0,0,0,0
1954.0,86718.0,0.0,0.0,2013.0465753424658,20.0,344.0,189.0,482.0,50.0,33.0,172.0,1.0,5.0,6.0,5.0,2.0,3.0,11.0,Graduation,Married,0,0,0,0,0,0,0
1958.0,94472.0,0.0,1.0,2014.2582191780823,75.0,1017.0,33.0,417.0,108.0,100.0,16.0,1.0,5.0,5.0,5.0,5.0,3.0,11.0,Graduation,Single,0,1,1,0,0,0,0
1978.0,27683.0,1.0,0.0,2012.594292237443,90.0,152.0,9.0,121.0,12.0,12.0,45.0,4.0,6.0,2.0,4.0,8.0,3.0,11.0,PhD,Together,0,0,0,0,0,0,0
1978.0,85738.0,0.0,0.0,2014.0630136986301,41.0,913.0,26.0,376.0,17.0,26.0,13.0,1.0,3.0,6.0,11.0,1.0,3.0,11.0,Master,Together,0,1,1,0,0,0,0
1985.0,72903.0,0.0,0.0,2013.8294520547945,74.0,1067.0,138.0,750.0,0.0,19.0,39.0,1.0,7.0,5.0,8.0,4.0,3.0,11.0,Graduation,Single,0,1,1,1,0,0,1
1971.0,25818.0,1.0,0.0,2012.7993150684931,51.0,5.0,2.0,8.0,2.0,2.0,9.0,1.0,0.0,1.0,2.0,7.0,3.0,11.0,Graduation,Divorced,0,0,0,0,0,0,0
1964.0,63972.0,0.0,1.0,2012.9221461187215,93.0,928.0,63.0,254.0,0.0,12.0,12.0,4.0,5.0,4.0,10.0,4.0,3.0,11.0,Master,Single,0,1,0,0,0,0,0
1964.0,45759.0,1.0,1.0,2013.1463470319634,13.0,42.0,1.0,18.0,3.0,0.0,4.0,2.0,2.0,0.0,3.0,7.0,3.0,11.0,PhD,Married,0,0,0,0,0,0,0
1974.0,44392.0,1.0,1.0,2013.6803652968038,71.0,87.0,5.0,71.0,7.0,12.0,29.0,5.0,4.0,1.0,4.0,7.0,3.0,11.0,Graduation,Together,0,0,0,0,0,0,0
1965.0,57912.0,0.0,1.0,2014.2132420091325,34.0,801.0,0.0,80.0,0.0,0.0,35.0,5.0,8.0,3.0,12.0,5.0,3.0,11.0,PhD,Divorced,0,1,0,0,0,0,0
1964.0,41551.0,1.0,1.0,2013.6216894977167,51.0,220.0,0.0,33.0,3.0,0.0,23.0,5.0,5.0,1.0,5.0,8.0,3.0,11.0,PhD,Married,0,0,0,0,0,0,0
1970.0,67353.0,0.0,1.0,2014.001598173516,37.0,702.0,17.0,151.0,0.0,8.0,35.0,5.0,5.0,6.0,12.0,2.0,3.0,11.0,PhD,Married,0,0,0,0,0,0,0
1953.0,51411.0,1.0,2.0,2013.4045662100457,81.0,14.0,0.0,3.0,0.0,0.0,1.0,1.0,0.0,0.0,3.0,5.0,3.0,11.0,PhD,Single,0,0,0,0,0,0,0
1973.0,18978.0,1.0,0.0,2012.9468036529681,41.0,2.0,8.0,1.0,4.0,7.0,15.0,1.0,1.0,0.0,3.0,8.0,3.0,11.0,Basic,Married,0,0,0,0,0,0,0
1954.0,80067.0,0.0,0.0,2013.7187214611872,82.0,519.0,17.0,813.0,27.0,173.0,51.0,1.0,4.0,6.0,6.0,2.0,3.0,11.0,Graduation,Married,0,0,1,0,0,0,0
1976.0,24027.0,1.0,0.0,2013.4413242009134,7.0,14.0,7.0,11.0,11.0,0.0,5.0,2.0,2.0,0.0,3.0,8.0,3.0,11.0,Graduation,Married,0,0,0,0,0,0,0
1983.0,24072.0,1.0,0.0,2013.2938356164384,79.0,9.0,1.0,6.0,3.0,0.0,4.0,1.0,1.0,0.0,2.0,8.0,3.0,11.0,Graduation,Single,0,0,0,0,0,0,0
1950.0,63120.0,0.0,1.0,2012.7433789954339,53.0,965.0,69.0,279.0,54.0,41.0,69.0,5.0,8.0,4.0,9.0,7.0,3.0,11.0,Master,Divorced,0,0,0,0,0,0,1
1972.0,37760.0,1.0,0.0,2013.6134703196346,54.0,26.0,3.0,13.0,2.0,10.0,0.0,1.0,2.0,0.0,3.0,6.0,3.0,11.0,Master,Divorced,0,0,0,0,0,0,0
1975.0,37085.0,1.0,1.0,2014.4878995433792,65.0,39.0,1.0,16.0,2.0,0.0,3.0,4.0,3.0,0.0,3.0,8.0,3.0,11.0,Graduation,Married,0,0,0,0,0,0,0
1971.0,33316.0,1.0,1.0,2013.7609589041097,34.0,79.0,1.0,31.0,4.0,4.0,12.0,3.0,2.0,1.0,4.0,6.0,3.0,11.0,Master,Single,0,0,0,0,0,0,0
1986.0,7500.0,1.0,0.0,2013.102511415525,96.0,1.0,11.0,5.0,4.0,6.0,9.0,2.0,2.0,0.0,3.0,8.0,3.0,11.0,2n Cycle,Married,0,0,0,0,0,0,0
1976.0,52190.0,1.0,1.0,2014.3552511415523,39.0,42.0,0.0,17.0,0.0,0.0,18.0,3.0,2.0,1.0,3.0,5.0,3.0,11.0,PhD,Together,1,0,0,0,0,0,0
1953.0,58398.0,0.0,0.0,2013.3716894977167,44.0,299.0,5.0,201.0,21.0,21.0,49.0,3.0,5.0,4.0,8.0,4.0,3.0,11.0,Graduation,Together,0,0,0,0,0,0,0
1947.0,74485.0,0.0,0.0,2013.6490867579907,58.0,499.0,149.0,815.0,173.0,49.0,49.0,1.0,6.0,7.0,12.0,3.0,3.0,11.0,Graduation,Together,0,0,0,0,0,0,0
1950.0,56551.0,1.0,1.0,2014.352511415525,48.0,67.0,4.0,32.0,17.0,2.0,16.0,3.0,2.0,1.0,4.0,4.0,3.0,11.0,PhD,Widow,0,0,0,0,0,0,0
1971.0,36230.0,1.0,0.0,2013.7965753424658,17.0,14.0,2.0,30.0,8.0,2.0,3.0,1.0,2.0,0.0,4.0,5.0,3.0,11.0,Master,Single,0,0,0,0,0,0,0
1972.0,62710.0,0.0,1.0,2013.3963470319634,53.0,441.0,35.0,83.0,7.0,29.0,11.0,4.0,4.0,2.0,12.0,4.0,3.0,11.0,Graduation,Married,0,0,0,0,0,0,0
1976.0,7500.0,1.0,0.0,2012.5860730593606,19.0,7.0,0.0,12.0,13.0,7.0,32.0,5.0,4.0,1.0,2.0,9.0,3.0,11.0,Graduation,Married,1,0,0,0,0,0,1
1971.0,69930.0,0.0,0.0,2013.4045662100457,21.0,252.0,98.0,827.0,219.0,70.0,196.0,1.0,4.0,5.0,12.0,3.0,3.0,11.0,Graduation,Together,0,0,0,0,0,0,0
1983.0,69520.0,0.0,0.0,2013.5191780821917,95.0,627.0,120.0,414.0,121.0,80.0,93.0,1.0,9.0,6.0,5.0,5.0,3.0,11.0,Graduation,Married,0,0,0,0,0,0,0
1955.0,50737.0,0.0,1.0,2013.3634703196346,61.0,78.0,0.0,11.0,0.0,0.0,10.0,1.0,2.0,0.0,4.0,6.0,3.0,11.0,Graduation,Married,0,1,0,0,0,0,0
1964.0,68142.0,0.0,1.0,2012.6627853881278,96.0,897.0,126.0,196.0,91.0,112.0,37.0,3.0,10.0,4.0,7.0,6.0,3.0,11.0,Graduation,Together,0,0,0,0,0,0,0
1988.0,24645.0,1.0,0.0,2012.8360730593606,16.0,5.0,3.0,4.0,4.0,1.0,0.0,1.0,1.0,0.0,2.0,8.0,3.0,11.0,Graduation,Married,0,0,0,0,0,0,0
1986.0,27161.0,1.0,0.0,2013.8267123287671,41.0,7.0,4.0,23.0,7.0,0.0,11.0,1.0,1.0,0.0,3.0,7.0,3.0,11.0,Master,Married,0,0,0,0,0,0,0
1960.0,50523.0,1.0,1.0,2013.9851598173516,89.0,51.0,4.0,24.0,4.0,7.0,1.0,2.0,2.0,0.0,4.0,6.0,3.0,11.0,2n Cycle,Together,0,0,0,0,0,0,0
1956.0,50965.0,0.0,1.0,2013.1381278538813,87.0,544.0,13.0,85.0,8.0,6.0,29.0,3.0,10.0,4.0,5.0,8.0,3.0,11.0,Master,Married,1,0,0,0,0,0,0
1979.0,32765.0,1.0,0.0,2014.1463470319634,49.0,13.0,3.0,17.0,7.0,3.0,3.0,2.0,2.0,0.0,4.0,5.0,3.0,11.0,Master,Married,0,0,0,0,0,0,0
1976.0,53858.0,0.0,1.0,2012.85799086758,50.0,407.0,53.0,221.0,58.0,150.0,26.0,4.0,4.0,3.0,6.0,4.0,3.0,11.0,Graduation,Married,0,0,0,0,0,0,0
1954.0,36807.0,1.0,1.0,2012.9714611872148,88.0,4.0,2.0,5.0,0.0,0.0,5.0,1.0,1.0,0.0,2.0,6.0,3.0,11.0,Graduation,Together,0,0,0,0,0,0,0
1969.0,55212.0,0.0,1.0,2012.8963470319634,65.0,1103.0,0.0,45.0,0.0,0.0,34.0,3.0,4.0,2.0,11.0,8.0,3.0,11.0,PhD,Married,0,1,0,0,0,1,0
1985.0,29760.0,1.0,0.0,2012.6627853881278,87.0,64.0,4.0,68.0,7.0,5.0,17.0,4.0,3.0,1.0,4.0,8.0,3.0,11.0,Graduation,Single,0,0,0,0,0,0,0
1977.0,72117.0,0.0,1.0,2013.6381278538813,34.0,707.0,20.0,171.0,65.0,60.0,50.0,1.0,9.0,7.0,9.0,5.0,3.0,11.0,Graduation,Married,0,0,0,0,0,0,0
1972.0,24884.0,1.0,0.0,2012.9127853881278,32.0,3.0,6.0,7.0,0.0,0.0,3.0,1.0,0.0,0.0,3.0,7.0,3.0,11.0,2n Cycle,Married,0,0,0,0,0,0,0
1978.0,71022.0,0.0,1.0,2014.1134703196346,30.0,909.0,12.0,278.0,0.0,12.0,242.0,3.0,5.0,2.0,11.0,8.0,3.0,11.0,Graduation,Divorced,1,0,0,0,0,0,0
1969.0,40590.0,1.0,1.0,2013.7554794520547,30.0,154.0,0.0,50.0,6.0,11.0,37.0,5.0,3.0,4.0,3.0,6.0,3.0,11.0,Graduation,Widow,1,0,0,0,0,0,0
1965.0,70924.0,0.0,0.0,2014.2691780821917,41.0,635.0,114.0,254.0,132.0,152.0,76.0,1.0,6.0,6.0,7.0,3.0,3.0,11.0,2n Cycle,Married,0,0,1,0,0,0,0
1972.0,65685.0,0.0,1.0,2014.2461187214612,54.0,642.0,14.0,49.0,0.0,7.0,57.0,1.0,9.0,2.0,9.0,5.0,3.0,11.0,Graduation,Married,0,0,0,0,0,0,0
1951.0,69702.0,0.0,1.0,2013.1353881278537,8.0,664.0,9.0,240.0,50.0,19.0,57.0,2.0,7.0,7.0,10.0,4.0,3.0,11.0,PhD,Together,0,0,0,0,0,0,0
1952.0,75278.0,0.0,0.0,2013.0794520547945,17.0,304.0,98.0,230.0,150.0,74.0,74.0,1.0,6.0,3.0,13.0,3.0,3.0,11.0,Graduation,Together,0,0,0,0,0,0,0
1945.0,45576.0,0.0,0.0,2014.4100456621004,9.0,56.0,19.0,29.0,2.0,14.0,25.0,1.0,3.0,1.0,3.0,8.0,3.0,11.0,PhD,Single,0,0,0,0,0,0,1
1955.0,55521.0,1.0,2.0,2013.8102739726028,11.0,416.0,0.0,26.0,0.0,0.0,4.0,9.0,6.0,3.0,6.0,7.0,3.0,11.0,PhD,Single,0,1,0,0,0,0,1
1979.0,27244.0,1.0,0.0,2014.1858447488585,84.0,6.0,5.0,17.0,3.0,24.0,46.0,2.0,2.0,2.0,2.0,7.0,3.0,11.0,Graduation,Married,0,0,0,0,0,0,0
1949.0,51529.0,0.0,1.0,2013.6858447488585,14.0,400.0,4.0,35.0,6.0,0.0,22.0,2.0,9.0,1.0,5.0,8.0,3.0,11.0,Master,Widow,0,0,0,0,0,0,0
1963.0,4023.0,1.0,1.0,2014.4796803652969,29.0,5.0,0.0,1.0,1.0,1.0,1.0,15.0,0.0,0.0,0.0,19.0,3.0,11.0,PhD,Married,0,0,0,0,0,0,0
1970.0,22979.0,1.0,0.0,2012.6831050228311,29.0,16.0,17.0,19.0,20.0,21.0,22.0,3.0,3.0,2.0,2.0,8.0,3.0,11.0,Graduation,Married,0,0,0,0,0,0,1
1992.0,75114.0,0.0,0.0,2013.852511415525,40.0,571.0,12.0,523.0,63.0,60.0,24.0,1.0,3.0,10.0,5.0,2.0,3.0,11.0,Graduation,Together,0,0,0,0,0,0,0
1974.0,30631.0,1.0,0.0,2013.5328767123287,75.0,15.0,6.0,20.0,4.0,5.0,20.0,1.0,3.0,1.0,2.0,7.0,3.0,11.0,Graduation,Married,0,0,0,0,0,0,0
1975.0,84196.0,0.0,1.0,2013.424885844749,56.0,215.0,63.0,507.0,231.0,31.0,190.0,1.0,8.0,4.0,7.0,3.0,3.0,11.0,Graduation,Single,0,0,0,0,0,0,0
1983.0,27100.0,1.0,0.0,2013.263698630137,64.0,12.0,0.0,13.0,2.0,0.0,10.0,1.0,1.0,0.0,3.0,7.0,3.0,11.0,Master,Married,0,0,0,0,0,0,0
1971.0,72258.0,0.0,1.0,2013.6995433789955,28.0,522.0,0.0,522.0,227.0,120.0,134.0,2.0,6.0,9.0,5.0,2.0,3.0,11.0,Graduation,Single,0,0,0,0,0,0,0
1975.0,48178.0,1.0,1.0,2012.8267123287671,69.0,159.0,4.0,45.0,6.0,2.0,38.0,6.0,5.0,1.0,4.0,8.0,3.0,11.0,Graduation,Married,0,0,0,0,0,0,0
1980.0,31535.0,1.0,0.0,2013.7378995433792,95.0,15.0,4.0,13.0,0.0,0.0,19.0,1.0,1.0,1.0,2.0,7.0,3.0,11.0,Master,Married,1,0,0,0,0,0,0
1976.0,17148.0,1.0,0.0,2014.0767123287671,80.0,9.0,9.0,11.0,13.0,10.0,16.0,4.0,3.0,1.0,3.0,8.0,3.0,11.0,Graduation,Married,0,0,0,0,0,0,0
1972.0,37787.0,1.0,0.0,2013.7214611872148,50.0,40.0,1.0,40.0,4.0,3.0,18.0,1.0,3.0,0.0,3.0,8.0,3.0,11.0,Master,Married,0,0,0,0,0,0,0
1982.0,66664.0,0.0,0.0,2012.7351598173516,78.0,398.0,96.0,447.0,220.0,96.0,32.0,1.0,5.0,7.0,6.0,3.0,3.0,11.0,2n Cycle,Together,0,0,0,0,0,0,0
1978.0,12393.0,0.0,0.0,2012.9276255707764,38.0,5.0,6.0,15.0,11.0,7.0,13.0,1.0,2.0,0.0,3.0,9.0,3.0,11.0,2n Cycle,Married,0,0,0,0,0,0,0
1954.0,72550.0,1.0,1.0,2012.8552511415523,39.0,826.0,50.0,317.0,50.0,38.0,38.0,9.0,5.0,2.0,12.0,8.0,3.0,11.0,PhD,Married,0,0,0,0,0,0,0
1965.0,70053.0,0.0,1.0,2013.5082191780823,38.0,512.0,53.0,98.0,81.0,179.0,89.0,3.0,8.0,5.0,10.0,5.0,3.0,11.0,Master,Married,0,0,0,0,0,0,0
1953.0,64504.0,1.0,2.0,2013.1776255707764,81.0,986.0,36.0,168.0,16.0,0.0,108.0,7.0,11.0,3.0,4.0,7.0,3.0,11.0,PhD,Together,0,0,0,0,0,0,1
1980.0,28071.0,0.0,0.0,2012.6627853881278,65.0,39.0,33.0,130.0,41.0,26.0,44.0,2.0,5.0,1.0,5.0,8.0,3.0,11.0,Graduation,Single,0,0,0,0,0,0,0
1975.0,61456.0,0.0,1.0,2013.2406392694065,47.0,563.0,76.0,384.0,84.0,192.0,89.0,4.0,6.0,10.0,13.0,4.0,3.0,11.0,Graduation,Married,0,0,0,0,0,0,0
1956.0,22304.0,0.0,0.0,2012.594292237443,91.0,3.0,2.0,7.0,0.0,4.0,2.0,1.0,1.0,0.0,2.0,8.0,3.0,11.0,Graduation,Divorced,0,0,0,0,0,0,0
1975.0,92163.0,0.0,0.0,2012.9495433789955,25.0,817.0,183.0,797.0,106.0,163.0,20.0,0.0,5.0,11.0,5.0,2.0,3.0,11.0,Master,Married,0,0,1,1,0,0,1
1955.0,70638.0,0.0,0.0,2013.419406392694,69.0,1016.0,12.0,215.0,16.0,12.0,63.0,1.0,4.0,5.0,10.0,3.0,3.0,11.0,Master,Divorced,0,1,0,0,0,0,0
1978.0,33039.0,1.0,0.0,2013.6913242009134,4.0,30.0,8.0,12.0,8.0,8.0,12.0,1.0,2.0,0.0,4.0,5.0,3.0,11.0,Graduation,Married,0,0,0,0,0,0,0
1985.0,18169.0,1.0,0.0,2013.1353881278537,40.0,9.0,0.0,5.0,0.0,0.0,7.0,1.0,1.0,0.0,2.0,8.0,3.0,11.0,PhD,Married,0,0,0,0,0,0,0
1957.0,65487.0,0.0,0.0,2014.027397260274,48.0,240.0,67.0,500.0,199.0,0.0,163.0,3.0,3.0,5.0,6.0,2.0,3.0,11.0,Master,Together,0,0,0,0,0,0,0
1966.0,37758.0,1.0,1.0,2012.7609589041097,49.0,27.0,2.0,10.0,0.0,0.0,1.0,2.0,1.0,0.0,3.0,8.0,3.0,11.0,Graduation,Together,0,0,0,0,0,0,0
1965.0,45143.0,0.0,1.0,2013.6545662100457,74.0,202.0,5.0,74.0,11.0,5.0,14.0,3.0,6.0,1.0,5.0,7.0,3.0,11.0,Master,Together,0,0,0,0,0,0,0
1969.0,22390.0,0.0,0.0,2013.8075342465754,49.0,0.0,1.0,4.0,15.0,1.0,5.0,1.0,1.0,0.0,2.0,7.0,3.0,11.0,Basic,Together,0,0,0,0,0,0,0
1958.0,37334.0,1.0,1.0,2014.1545662100457,44.0,26.0,1.0,16.0,2.0,2.0,15.0,4.0,3.0,0.0,4.0,4.0,3.0,11.0,PhD,Together,0,0,0,0,0,0,0
1978.0,7500.0,1.0,1.0,2012.9906392694065,5.0,6.0,5.0,4.0,13.0,4.0,25.0,4.0,2.0,1.0,3.0,6.0,3.0,11.0,Graduation,Single,0,0,0,0,0,0,0
1981.0,28510.0,1.0,1.0,2013.285616438356,72.0,44.0,5.0,19.0,0.0,4.0,19.0,3.0,2.0,0.0,4.0,5.0,3.0,11.0,Graduation,Divorced,0,0,0,0,0,0,0
1968.0,75922.0,0.0,0.0,2013.9413242009134,60.0,265.0,138.0,553.0,224.0,23.0,92.0,1.0,4.0,4.0,9.0,1.0,3.0,11.0,Graduation,Single,0,0,0,0,0,0,0
1948.0,92344.0,0.0,0.0,2014.041095890411,9.0,992.0,24.0,694.0,51.0,19.0,119.0,0.0,5.0,10.0,5.0,1.0,3.0,11.0,Graduation,Married,1,0,1,0,0,0,0
1976.0,53359.0,1.0,1.0,2013.407305936073,4.0,173.0,4.0,30.0,3.0,6.0,41.0,4.0,5.0,1.0,4.0,7.0,3.0,11.0,Graduation,Married,0,0,0,0,0,0,0
1967.0,46904.0,1.0,1.0,2012.8415525114156,20.0,153.0,4.0,56.0,0.0,9.0,31.0,4.0,5.0,1.0,4.0,8.0,3.0,11.0,Graduation,Single,0,0,0,0,0,0,0
1967.0,35441.0,1.0,1.0,2013.1216894977167,94.0,25.0,1.0,9.0,2.0,1.0,1.0,2.0,1.0,0.0,3.0,8.0,3.0,11.0,Graduation,Married,0,0,0,0,0,0,0
1977.0,42014.0,1.0,0.0,2012.629908675799,56.0,244.0,15.0,108.0,4.0,15.0,50.0,6.0,7.0,1.0,6.0,8.0,3.0,11.0,Graduation,Married,0,0,0,0,0,0,1
1956.0,14661.0,0.0,0.0,2013.0027397260274,88.0,4.0,1.0,11.0,6.0,2.0,2.0,1.0,1.0,0.0,3.0,6.0,3.0,11.0,Master,Together,0,0,0,0,0,0,0
1959.0,54753.0,0.0,1.0,2013.6995433789955,87.0,197.0,107.0,227.0,7.0,59.0,131.0,3.0,5.0,2.0,11.0,4.0,3.0,11.0,Graduation,Together,0,0,0,0,0,0,0
1968.0,45688.0,0.0,1.0,2014.0684931506848,20.0,279.0,0.0,18.0,0.0,0.0,9.0,2.0,3.0,1.0,8.0,4.0,3.0,11.0,Graduation,Married,0,1,0,0,0,0,0
1974.0,45207.0,1.0,1.0,2012.8607305936073,64.0,203.0,0.0,10.0,0.0,0.0,2.0,5.0,3.0,1.0,6.0,6.0,3.0,11.0,PhD,Married,0,1,0,0,0,0,0
1967.0,56575.0,0.0,2.0,2013.3470319634703,42.0,421.0,5.0,90.0,0.0,16.0,10.0,3.0,7.0,3.0,7.0,5.0,3.0,11.0,PhD,Together,0,0,0,0,0,0,0
1977.0,22701.0,1.0,0.0,2013.6803652968038,2.0,2.0,4.0,9.0,0.0,4.0,5.0,1.0,1.0,0.0,3.0,5.0,3.0,11.0,Master,Married,0,0,0,0,0,0,0
1968.0,44377.0,1.0,1.0,2012.763698630137,70.0,224.0,0.0,30.0,0.0,0.0,10.0,8.0,5.0,1.0,5.0,8.0,3.0,11.0,PhD,Married,0,0,0,0,0,0,0
1951.0,58217.0,2.0,1.0,2012.879908675799,84.0,68.0,1.0,13.0,3.0,5.0,13.0,1.0,2.0,0.0,4.0,6.0,3.0,11.0,Master,Single,0,0,0,0,0,0,0
1980.0,69661.0,0.0,0.0,2014.3689497716894,80.0,656.0,16.0,106.0,32.0,16.0,8.0,1.0,7.0,3.0,12.0,3.0,3.0,11.0,Master,Married,0,0,0,0,0,0,0
1983.0,81698.0,0.0,0.0,2013.169406392694,1.0,709.0,45.0,115.0,30.0,160.0,45.0,1.0,8.0,2.0,5.0,5.0,3.0,11.0,2n Cycle,Single,0,0,0,1,0,0,1
1950.0,52203.0,0.0,0.0,2012.5849315068492,36.0,488.0,21.0,238.0,56.0,108.0,28.0,1.0,8.0,7.0,11.0,6.0,3.0,11.0,2n Cycle,Together,0,0,0,0,0,0,0
1984.0,23228.0,1.0,0.0,2014.013698630137,91.0,53.0,3.0,49.0,7.0,4.0,5.0,4.0,3.0,0.0,4.0,8.0,3.0,11.0,Graduation,Married,0,0,0,0,0,0,0
1957.0,21994.0,0.0,1.0,2012.9824200913242,4.0,9.0,0.0,6.0,3.0,1.0,3.0,1.0,0.0,0.0,3.0,5.0,3.0,11.0,Graduation,Together,0,0,0,0,0,0,0
1990.0,96843.0,0.0,0.0,2013.3130136986301,60.0,448.0,71.0,951.0,40.0,17.0,17.0,1.0,6.0,11.0,10.0,2.0,3.0,11.0,Graduation,Single,0,0,1,0,0,0,1
1964.0,64100.0,0.0,1.0,2013.6940639269408,93.0,509.0,0.0,27.0,0.0,0.0,10.0,1.0,8.0,3.0,6.0,7.0,3.0,11.0,Master,Married,0,1,0,0,0,0,0
1949.0,76995.0,0.0,1.0,2013.2433789954339,91.0,1012.0,80.0,498.0,0.0,16.0,176.0,2.0,11.0,4.0,9.0,5.0,3.0,11.0,Master,Married,0,0,0,1,0,0,0
1951.0,,2.0,1.0,2014.0027397260274,96.0,48.0,5.0,48.0,6.0,10.0,7.0,3.0,2.0,1.0,4.0,6.0,3.0,11.0,Graduation,Single,0,0,0,0,0,0,0
1971.0,43300.0,0.0,1.0,2012.785616438356,87.0,91.0,3.0,52.0,2.0,1.0,31.0,3.0,4.0,0.0,4.0,8.0,3.0,11.0,Graduation,Divorced,0,0,0,0,0,0,1
1989.0,30279.0,1.0,0.0,2012.9988584474886,13.0,10.0,4.0,14.0,4.0,4.0,1.0,1.0,1.0,0.0,3.0,8.0,3.0,11.0,Graduation,Single,0,0,0,0,0,0,0
1947.0,73059.0,0.0,1.0,2013.6682648401825,36.0,410.0,112.0,420.0,0.0,82.0,71.0,1.0,9.0,3.0,13.0,4.0,3.0,11.0,PhD,Together,0,0,0,0,0,0,0
1974.0,65352.0,0.0,1.0,2013.6408675799087,43.0,284.0,3.0,84.0,4.0,7.0,23.0,2.0,4.0,2.0,8.0,4.0,3.0,11.0,PhD,Married,0,0,0,0,0,0,0
1976.0,54058.0,0.0,1.0,2013.4276255707764,56.0,198.0,18.0,252.0,32.0,108.0,54.0,2.0,4.0,6.0,8.0,3.0,3.0,11.0,Graduation,Together,0,0,0,0,0,0,0
1968.0,29543.0,2.0,0.0,2014.2527397260274,47.0,17.0,3.0,18.0,3.0,4.0,18.0,2.0,3.0,1.0,2.0,7.0,3.0,11.0,Master,Married,0,0,0,0,0,0,0
1966.0,37070.0,1.0,1.0,2013.2214611872148,30.0,231.0,7.0,137.0,4.0,15.0,39.0,9.0,5.0,1.0,8.0,7.0,3.0,11.0,Graduation,Single,0,0,0,0,0,0,1
1973.0,31814.0,1.0,0.0,2013.10799086758,73.0,35.0,3.0,20.0,4.0,1.0,20.0,2.0,2.0,0.0,3.0,9.0,3.0,11.0,Graduation,Married,1,0,0,0,0,0,0
1973.0,38961.0,1.0,0.0,2013.9988584474886,60.0,19.0,7.0,19.0,0.0,1.0,24.0,1.0,2.0,1.0,2.0,7.0,3.0,11.0,Master,Married,0,0,0,0,0,0,0
1966.0,7144.0,0.0,2.0,2013.9358447488585,92.0,81.0,4.0,33.0,5.0,2.0,291.0,0.0,23.0,1.0,1.0,0.0,3.0,11.0,PhD,Single,0,0,0,0,0,0,0
1953.0,39722.0,0.0,1.0,2014.1490867579907,92.0,32.0,0.0,5.0,2.0,0.0,8.0,2.0,2.0,0.0,3.0,5.0,3.0,11.0,Graduation,Married,0,0,0,0,0,0,0
1971.0,64722.0,1.0,0.0,2014.4045662100457,47.0,303.0,0.0,280.0,60.0,147.0,15.0,4.0,8.0,2.0,11.0,6.0,3.0,11.0,Graduation,Married,0,0,0,0,0,0,0
1960.0,48904.0,0.0,1.0,2012.9221461187215,1.0,283.0,10.0,38.0,0.0,13.0,27.0,4.0,7.0,2.0,4.0,8.0,3.0,11.0,Graduation,Single,0,0,0,0,0,0,0
1983.0,101970.0,0.0,0.0,2013.1995433789955,69.0,722.0,27.0,102.0,44.0,72.0,168.0,0.0,6.0,8.0,13.0,2.0,3.0,11.0,Graduation,Single,0,1,1,1,0,0,1
1956.0,46998.0,0.0,1.0,2012.8102739726028,55.0,172.0,41.0,86.0,45.0,6.0,27.0,5.0,5.0,3.0,5.0,7.0,3.0,11.0,Graduation,Single,1,0,0,0,0,0,0
1981.0,42395.0,1.0,1.0,2014.2609589041097,35.0,48.0,13.0,57.0,24.0,15.0,25.0,4.0,3.0,1.0,4.0,7.0,3.0,11.0,2n Cycle,Single,0,0,0,0,0,0,0
1970.0,20587.0,1.0,0.0,2014.3634703196346,39.0,2.0,3.0,6.0,4.0,1.0,9.0,1.0,1.0,1.0,2.0,7.0,3.0,11.0,Graduation,Single,0,0,0,0,0,0,0
1964.0,61798.0,0.0,0.0,2013.8963470319634,13.0,338.0,4.0,89.0,11.0,8.0,13.0,1.0,4.0,2.0,9.0,4.0,3.0,11.0,PhD,Single,0,0,0,0,0,0,0
1955.0,38452.0,1.0,1.0,2014.2488584474886,62.0,56.0,0.0,14.0,0.0,0.0,2.0,3.0,3.0,0.0,3.0,7.0,3.0,11.0,Master,Married,0,0,0,0,0,0,0
1984.0,11012.0,1.0,0.0,2013.2105022831051,82.0,24.0,3.0,26.0,7.0,1.0,23.0,3.0,3.0,1.0,2.0,9.0,3.0,11.0,Graduation,Single,1,0,0,0,0,0,0
1960.0,98777.0,0.0,0.0,2014.129908675799,23.0,1000.0,19.0,711.0,125.0,115.0,38.0,0.0,4.0,6.0,9.0,1.0,3.0,11.0,Master,Single,0,1,0,0,0,0,0
1955.0,46390.0,0.0,1.0,2014.3470319634703,56.0,95.0,14.0,64.0,2.0,9.0,38.0,1.0,4.0,2.0,3.0,7.0,3.0,11.0,Master,Divorced,0,0,0,0,0,0,0
1977.0,30368.0,0.0,1.0,2013.852511415525,97.0,35.0,0.0,13.0,2.0,0.0,2.0,2.0,2.0,0.0,3.0,8.0,3.0,11.0,Graduation,Married,0,0,0,0,0,0,0
1967.0,79146.0,1.0,1.0,2014.3157534246575,33.0,245.0,16.0,223.0,21.0,43.0,16.0,2.0,8.0,1.0,8.0,6.0,3.0,11.0,Graduation,Single,0,0,0,0,0,0,0
1971.0,54690.0,1.0,1.0,2013.852511415525,76.0,111.0,16.0,37.0,7.0,9.0,18.0,3.0,3.0,1.0,5.0,3.0,3.0,11.0,2n Cycle,Married,0,0,0,0,0,0,0
1959.0,58113.0,0.0,1.0,2013.0684931506848,66.0,221.0,104.0,169.0,102.0,78.0,84.0,3.0,9.0,2.0,8.0,7.0,3.0,11.0,Graduation,Married,0,0,0,0,1,0,0
1958.0,67267.0,0.0,1.0,2014.3689497716894,0.0,134.0,11.0,59.0,15.0,2.0,30.0,1.0,3.0,2.0,5.0,2.0,3.0,11.0,Graduation,Married,0,0,0,0,0,0,0
1988.0,67546.0,0.0,0.0,2012.6682648401825,90.0,864.0,134.0,768.0,150.0,38.0,172.0,1.0,4.0,10.0,5.0,3.0,3.0,11.0,PhD,Married,0,0,0,0,0,0,0
1979.0,88194.0,0.0,1.0,2014.2187214611872,19.0,688.0,14.0,309.0,201.0,24.0,38.0,1.0,11.0,10.0,10.0,5.0,3.0,11.0,2n Cycle,Single,1,0,0,1,0,0,1
1984.0,52413.0,1.0,0.0,2012.8415525114156,67.0,185.0,8.0,133.0,56.0,56.0,12.0,2.0,7.0,1.0,7.0,7.0,3.0,11.0,Graduation,Single,0,0,0,0,0,0,0
1981.0,56337.0,1.0,1.0,2013.2406392694065,25.0,349.0,16.0,144.0,28.0,5.0,182.0,5.0,8.0,5.0,4.0,8.0,3.0,11.0,2n Cycle,Married,1,0,0,1,0,0,1
1961.0,27215.0,2.0,1.0,2013.0630136986301,50.0,30.0,5.0,22.0,8.0,9.0,28.0,4.0,2.0,1.0,4.0,6.0,3.0,11.0,Graduation,Divorced,0,0,0,0,0,0,0
1984.0,31761.0,1.0,0.0,2014.263698630137,96.0,19.0,1.0,20.0,16.0,14.0,28.0,2.0,3.0,0.0,4.0,5.0,3.0,11.0,Graduation,Married,0,0,0,0,0,0,0
1956.0,63943.0,0.0,1.0,2012.6721461187215,50.0,423.0,184.0,368.0,13.0,97.0,21.0,1.0,6.0,4.0,6.0,5.0,3.0,11.0,Graduation,Married,0,0,0,0,0,0,0
1957.0,47743.0,0.0,1.0,2013.2269406392695,56.0,198.0,2.0,43.0,0.0,12.0,20.0,3.0,4.0,1.0,6.0,6.0,3.0,11.0,Graduation,Married,0,1,0,0,0,0,0
1989.0,85710.0,0.0,0.0,2013.3470319634703,5.0,600.0,20.0,350.0,29.0,30.0,33.0,1.0,6.0,9.0,10.0,2.0,3.0,11.0,2n Cycle,Married,0,0,1,0,0,0,0
1980.0,43974.0,1.0,0.0,2012.9495433789955,19.0,378.0,0.0,101.0,0.0,0.0,72.0,5.0,6.0,4.0,6.0,7.0,3.0,11.0,PhD,Married,0,0,0,0,0,0,0
1951.0,78497.0,0.0,0.0,2013.919406392694,44.0,207.0,26.0,447.0,75.0,0.0,223.0,1.0,5.0,7.0,12.0,2.0,3.0,11.0,2n Cycle,Married,0,0,0,1,0,0,0
1968.0,36997.0,1.0,1.0,2013.0860730593606,72.0,43.0,4.0,12.0,8.0,0.0,27.0,5.0,2.0,1.0,4.0,5.0,3.0,11.0,Graduation,Divorced,0,0,0,0,0,0,0
1979.0,7500.0,0.0,1.0,2012.6627853881278,61.0,5.0,2.0,3.0,3.0,0.0,5.0,1.0,1.0,0.0,2.0,8.0,3.0,11.0,Graduation,Married,0,0,0,0,0,0,0
1988.0,67546.0,0.0,0.0,2012.6682648401825,90.0,864.0,134.0,768.0,150.0,38.0,172.0,1.0,4.0,10.0,5.0,3.0,3.0,11.0,PhD,Married,0,0,0,0,0,0,0
1970.0,22585.0,0.0,0.0,2013.2159817351599,23.0,3.0,9.0,15.0,13.0,2.0,39.0,1.0,1.0,1.0,2.0,9.0,3.0,11.0,Graduation,Single,1,0,0,0,0,0,1
1962.0,31497.0,0.0,1.0,2012.9331050228311,22.0,108.0,1.0,28.0,13.0,1.0,4.0,2.0,3.0,1.0,4.0,8.0,3.0,11.0,PhD,Together,0,0,0,0,0,0,0
1975.0,37284.0,1.0,1.0,2013.2461187214612,46.0,11.0,1.0,2.0,2.0,1.0,6.0,1.0,0.0,0.0,3.0,6.0,3.0,11.0,2n Cycle,Married,0,0,0,0,0,0,0
1950.0,59292.0,0.0,1.0,2013.4522831050228,71.0,378.0,14.0,68.0,19.0,14.0,14.0,2.0,3.0,5.0,8.0,3.0,3.0,11.0,PhD,Together,0,0,0,0,0,0,0
1986.0,28072.0,1.0,0.0,2013.521917808219,10.0,30.0,0.0,10.0,2.0,0.0,5.0,1.0,1.0,0.0,3.0,7.0,3.0,11.0,Master,Married,0,0,0,0,0,0,0
1966.0,49618.0,1.0,1.0,2013.0712328767124,77.0,80.0,3.0,26.0,4.0,2.0,14.0,4.0,3.0,1.0,3.0,7.0,3.0,11.0,Master,Together,0,0,0,0,0,0,0
1957.0,,1.0,1.0,2014.407305936073,45.0,7.0,0.0,8.0,2.0,0.0,1.0,1.0,1.0,0.0,2.0,7.0,3.0,11.0,Graduation,Single,0,0,0,0,0,0,0
1976.0,50200.0,1.0,1.0,2013.2582191780823,70.0,266.0,6.0,51.0,8.0,6.0,64.0,6.0,7.0,1.0,5.0,8.0,3.0,11.0,Graduation,Together,0,0,0,0,0,0,0
1976.0,79689.0,0.0,0.0,2013.366210045662,65.0,311.0,26.0,640.0,180.0,37.0,121.0,1.0,4.0,9.0,13.0,2.0,3.0,11.0,2n Cycle,Single,0,0,0,0,0,0,0
1950.0,64866.0,0.0,1.0,2014.0712328767124,9.0,508.0,5.0,21.0,7.0,5.0,10.0,4.0,7.0,3.0,7.0,5.0,3.0,11.0,Master,Widow,0,1,0,0,0,0,0
1974.0,19346.0,1.0,0.0,2014.0821917808219,26.0,2.0,0.0,9.0,3.0,6.0,2.0,1.0,1.0,0.0,3.0,8.0,3.0,11.0,Graduation,Divorced,0,0,0,0,0,0,0
1978.0,34043.0,1.0,0.0,2013.8184931506848,97.0,20.0,2.0,14.0,3.0,0.0,10.0,1.0,2.0,0.0,2.0,9.0,3.0,11.0,PhD,Together,0,0,0,0,0,0,0
1971.0,30372.0,1.0,1.0,2012.9851598173516,33.0,15.0,0.0,12.0,7.0,3.0,7.0,3.0,2.0,0.0,3.0,7.0,3.0,11.0,Graduation,Widow,0,0,0,0,0,0,0
1960.0,81843.0,0.0,0.0,2013.3102739726028,13.0,779.0,86.0,537.0,34.0,69.0,138.0,1.0,5.0,9.0,12.0,3.0,3.0,11.0,Master,Married,0,0,0,0,0,0,0
1972.0,35641.0,1.0,0.0,2013.5383561643835,11.0,63.0,3.0,67.0,8.0,9.0,28.0,2.0,3.0,1.0,4.0,7.0,3.0,11.0,Master,Married,0,0,0,0,0,0,1
1972.0,14188.0,0.0,0.0,2013.1600456621004,40.0,2.0,7.0,11.0,16.0,12.0,27.0,1.0,2.0,0.0,4.0,6.0,3.0,11.0,Basic,Married,0,0,0,0,0,0,0
1955.0,,0.0,1.0,2013.7993150684931,95.0,264.0,0.0,21.0,12.0,6.0,147.0,3.0,6.0,1.0,5.0,7.0,3.0,11.0,Graduation,Single,0,0,0,0,0,0,0
1981.0,75774.0,1.0,0.0,2014.338812785388,27.0,340.0,21.0,134.0,258.0,14.0,56.0,1.0,7.0,5.0,8.0,4.0,3.0,11.0,2n Cycle,Together,0,0,0,0,0,0,0
1953.0,62551.0,0.0,0.0,2013.8826484018264,27.0,125.0,16.0,98.0,134.0,21.0,27.0,1.0,6.0,7.0,4.0,3.0,3.0,11.0,Graduation,Divorced,1,0,0,0,0,0,0
1973.0,42429.0,0.0,1.0,2014.1134703196346,99.0,55.0,0.0,6.0,2.0,0.0,4.0,2.0,1.0,1.0,3.0,5.0,3.0,11.0,Graduation,Widow,0,0,0,0,0,0,0
1954.0,38998.0,1.0,1.0,2012.8415525114156,92.0,34.0,1.0,14.0,0.0,0.0,5.0,3.0,2.0,0.0,3.0,8.0,3.0,11.0,Graduation,Married,0,0,0,0,1,0,0
1961.0,48330.0,0.0,1.0,2013.8744292237443,2.0,28.0,0.0,4.0,0.0,0.0,0.0,1.0,1.0,0.0,3.0,5.0,3.0,11.0,Master,Together,0,0,0,0,0,0,0
1960.0,73113.0,0.0,0.0,2013.9878995433792,86.0,741.0,19.0,154.0,50.0,9.0,28.0,1.0,3.0,4.0,7.0,2.0,3.0,11.0,Master,Together,0,0,0,0,0,0,0
1966.0,57183.0,1.0,1.0,2013.2187214611872,51.0,464.0,5.0,64.0,7.0,0.0,70.0,8.0,9.0,1.0,7.0,8.0,3.0,11.0,Master,Married,0,0,0,0,0,0,0
1970.0,80336.0,0.0,0.0,2013.6913242009134,12.0,209.0,19.0,456.0,160.0,142.0,66.0,1.0,2.0,9.0,13.0,1.0,3.0,11.0,PhD,Married,0,0,0,0,0,0,0
1984.0,39684.0,1.0,0.0,2012.7828767123287,41.0,19.0,0.0,35.0,6.0,4.0,17.0,2.0,2.0,1.0,2.0,7.0,3.0,11.0,PhD,Single,0,0,0,0,1,0,1
1973.0,46854.0,1.0,1.0,2014.251598173516,81.0,96.0,1.0,79.0,7.0,1.0,79.0,6.0,5.0,1.0,3.0,8.0,3.0,11.0,PhD,Single,1,0,0,0,0,0,1
1966.0,30843.0,1.0,1.0,2014.4045662100457,43.0,24.0,0.0,2.0,0.0,0.0,9.0,2.0,1.0,1.0,2.0,5.0,3.0,11.0,PhD,Together,1,0,0,0,0,0,0
1980.0,30828.0,1.0,0.0,2013.7609589041097,16.0,16.0,11.0,15.0,2.0,0.0,12.0,2.0,1.0,1.0,4.0,3.0,3.0,11.0,Graduation,Single,0,0,0,0,0,0,0
1975.0,37368.0,1.0,0.0,2013.9605022831051,4.0,3.0,2.0,11.0,2.0,2.0,10.0,1.0,1.0,0.0,2.0,6.0,3.0,11.0,Master,Married,1,0,0,0,0,0,0
1972.0,25224.0,1.0,0.0,2014.2105022831051,36.0,4.0,9.0,12.0,11.0,2.0,8.0,2.0,1.0,1.0,3.0,3.0,3.0,11.0,Basic,Married,0,0,0,0,0,0,0
1951.0,49389.0,1.0,1.0,2013.6627853881278,55.0,40.0,0.0,19.0,2.0,1.0,3.0,1.0,2.0,0.0,3.0,7.0,3.0,11.0,Master,Single,0,0,0,0,0,0,0
1946.0,64014.0,2.0,1.0,2014.4440639269408,56.0,406.0,0.0,30.0,0.0,0.0,8.0,7.0,8.0,2.0,5.0,7.0,3.0,11.0,PhD,Together,0,0,0,1,0,0,0
1960.0,30507.0,0.0,0.0,2013.1968036529681,29.0,65.0,36.0,74.0,38.0,20.0,110.0,1.0,5.0,1.0,4.0,7.0,3.0,11.0,Graduation,Together,0,0,0,0,0,0,0
1975.0,46149.0,0.0,1.0,2013.9127853881278,36.0,254.0,6.0,71.0,4.0,0.0,27.0,5.0,5.0,1.0,7.0,5.0,3.0,11.0,Graduation,Married,0,0,0,0,0,0,0
1966.0,70713.0,0.0,1.0,2012.924885844749,23.0,736.0,114.0,279.0,82.0,76.0,190.0,6.0,5.0,6.0,8.0,3.0,3.0,11.0,Graduation,Together,0,0,0,0,0,0,0
1959.0,53537.0,1.0,1.0,2014.0821917808219,17.0,81.0,0.0,6.0,0.0,0.0,6.0,2.0,2.0,1.0,3.0,5.0,3.0,11.0,PhD,Together,0,0,0,0,0,0,0
1963.0,54072.0,1.0,1.0,2013.5739726027398,71.0,35.0,0.0,4.0,0.0,0.0,0.0,1.0,2.0,0.0,2.0,8.0,3.0,11.0,PhD,Married,0,0,0,0,0,0,0
1984.0,24570.0,1.0,0.0,2013.157305936073,97.0,28.0,34.0,62.0,11.0,14.0,44.0,3.0,4.0,0.0,4.0,9.0,3.0,11.0,Graduation,Married,0,0,0,0,0,0,0
1971.0,80573.0,0.0,0.0,2012.7883561643835,85.0,829.0,138.0,430.0,60.0,92.0,15.0,1.0,4.0,6.0,13.0,2.0,3.0,11.0,Master,Together,0,0,0,0,0,0,0
1977.0,25315.0,1.0,0.0,2013.852511415525,46.0,1.0,9.0,8.0,11.0,3.0,22.0,3.0,3.0,0.0,3.0,8.0,3.0,11.0,2n Cycle,Together,0,0,0,0,0,0,0
1976.0,7500.0,0.0,0.0,2012.8689497716894,59.0,6.0,16.0,11.0,11.0,1.0,16.0,1.0,2.0,0.0,3.0,8.0,3.0,11.0,Basic,Married,0,0,0,0,0,0,0
1973.0,43050.0,1.0,0.0,2014.2159817351599,10.0,30.0,5.0,24.0,6.0,3.0,8.0,2.0,2.0,0.0,4.0,5.0,3.0,11.0,2n Cycle,Married,0,0,0,0,0,0,0
1987.0,29236.0,1.0,0.0,2013.771917808219,30.0,37.0,4.0,24.0,16.0,9.0,9.0,2.0,4.0,0.0,3.0,9.0,3.0,11.0,Graduation,Single,0,0,0,0,0,0,0
1965.0,69882.0,0.0,0.0,2013.8607305936073,94.0,292.0,127.0,635.0,132.0,127.0,165.0,1.0,3.0,7.0,9.0,1.0,3.0,11.0,Master,Single,0,0,0,0,0,0,0
1956.0,64857.0,0.0,0.0,2012.8963470319634,78.0,556.0,14.0,717.0,210.0,0.0,43.0,1.0,7.0,5.0,10.0,4.0,3.0,11.0,Master,Single,0,0,0,0,0,0,0
1951.0,75903.0,0.0,1.0,2013.271917808219,50.0,340.0,108.0,185.0,130.0,38.0,100.0,2.0,6.0,6.0,9.0,3.0,3.0,11.0,Graduation,Married,0,0,0,0,0,0,0
1987.0,42000.0,0.0,0.0,2013.027397260274,23.0,124.0,83.0,267.0,85.0,59.0,35.0,2.0,5.0,2.0,11.0,5.0,3.0,11.0,PhD,Single,0,0,0,0,0,0,1
1981.0,39665.0,1.0,0.0,2013.401826484018,97.0,127.0,1.0,56.0,0.0,1.0,31.0,3.0,4.0,2.0,3.0,7.0,3.0,11.0,PhD,Together,1,0,0,0,0,0,0
1970.0,15315.0,0.0,0.0,2013.5915525114156,27.0,7.0,4.0,13.0,15.0,8.0,17.0,2.0,2.0,0.0,4.0,5.0,3.0,11.0,2n Cycle,Married,0,0,0,0,0,0,0
1964.0,,1.0,1.0,2014.0328767123287,49.0,5.0,1.0,9.0,2.0,0.0,4.0,1.0,1.0,0.0,2.0,7.0,3.0,11.0,2n Cycle,Single,0,0,0,0,0,0,0
1962.0,69627.0,0.0,1.0,2013.2132420091325,35.0,231.0,161.0,215.0,171.0,30.0,53.0,2.0,8.0,2.0,11.0,5.0,3.0,11.0,Graduation,Single,0,0,0,0,0,0,0
1986.0,8940.0,1.0,0.0,2012.643607305936,25.0,1.0,45.0,3.0,4.0,6.0,42.0,3.0,3.0,1.0,3.0,8.0,3.0,11.0,Basic,Single,0,0,0,0,0,0,0
1985.0,41473.0,1.0,0.0,2013.4687214611872,80.0,21.0,8.0,20.0,15.0,3.0,9.0,1.0,2.0,0.0,3.0,7.0,3.0,11.0,2n Cycle,Single,0,0,0,0,0,0,0
1954.0,22507.0,0.0,0.0,2012.8990867579907,67.0,68.0,0.0,226.0,51.0,157.0,68.0,3.0,10.0,2.0,4.0,9.0,3.0,11.0,Graduation,Single,0,0,0,0,0,0,0
1989.0,33996.0,0.0,0.0,2013.6968036529681,46.0,40.0,2.0,15.0,8.0,0.0,6.0,1.0,1.0,1.0,3.0,4.0,3.0,11.0,PhD,Single,0,0,0,0,0,0,0
1962.0,76081.0,0.0,0.0,2014.3963470319634,85.0,292.0,30.0,415.0,63.0,33.0,200.0,1.0,4.0,5.0,4.0,2.0,3.0,11.0,Graduation,Together,0,0,0,1,0,0,0
1951.0,80872.0,0.0,0.0,2014.366210045662,60.0,483.0,72.0,567.0,94.0,12.0,108.0,1.0,4.0,4.0,10.0,1.0,3.0,11.0,Graduation,Single,0,0,0,0,0,0,0
1976.0,16927.0,1.0,1.0,2013.1107305936073,50.0,20.0,2.0,23.0,3.0,1.0,4.0,5.0,3.0,0.0,4.0,8.0,3.0,11.0,PhD,Married,0,0,0,0,0,0,0
1958.0,28087.0,1.0,1.0,2012.9468036529681,77.0,53.0,8.0,17.0,13.0,0.0,21.0,3.0,2.0,2.0,2.0,7.0,3.0,11.0,Graduation,Together,0,0,0,0,0,0,0
1975.0,35797.0,0.0,1.0,2012.7938356164384,16.0,27.0,1.0,14.0,4.0,1.0,21.0,2.0,2.0,0.0,3.0,8.0,3.0,11.0,Graduation,Married,0,0,0,0,0,0,0
1989.0,66973.0,0.0,0.0,2013.379908675799,98.0,466.0,22.0,432.0,147.0,113.0,102.0,1.0,8.0,7.0,12.0,3.0,3.0,11.0,PhD,Together,0,0,0,0,0,0,0
1971.0,80573.0,0.0,0.0,2012.7883561643835,85.0,829.0,138.0,430.0,60.0,92.0,15.0,1.0,4.0,6.0,13.0,2.0,3.0,11.0,Master,Together,0,0,0,0,0,0,0
1980.0,77353.0,0.0,1.0,2013.9605022831051,38.0,275.0,59.0,107.0,69.0,101.0,59.0,2.0,6.0,4.0,8.0,4.0,3.0,11.0,Graduation,Married,0,0,0,0,0,0,0
1989.0,30279.0,1.0,0.0,2012.9988584474886,13.0,10.0,4.0,14.0,4.0,4.0,1.0,1.0,1.0,0.0,3.0,8.0,3.0,11.0,Graduation,Single,0,0,0,0,0,0,0
1987.0,61787.0,0.0,0.0,2013.5164383561644,71.0,621.0,73.0,414.0,78.0,48.0,85.0,1.0,8.0,4.0,6.0,5.0,3.0,11.0,Master,Divorced,0,0,0,0,0,0,0
1976.0,60000.0,0.0,1.0,2012.9769406392695,57.0,1048.0,0.0,217.0,0.0,0.0,12.0,5.0,11.0,3.0,5.0,6.0,3.0,11.0,PhD,Single,0,0,0,0,0,0,0
1979.0,68274.0,1.0,1.0,2013.7488584474886,83.0,135.0,25.0,51.0,23.0,25.0,46.0,2.0,4.0,2.0,5.0,3.0,3.0,11.0,Graduation,Divorced,0,0,0,0,0,0,0
1969.0,,1.0,1.0,2013.3826484018264,52.0,375.0,42.0,48.0,94.0,66.0,96.0,7.0,4.0,10.0,4.0,3.0,3.0,11.0,Master,Together,0,0,0,0,0,0,0
1966.0,60894.0,0.0,1.0,2013.4933789954339,61.0,606.0,7.0,155.0,10.0,0.0,54.0,5.0,10.0,3.0,8.0,7.0,3.0,11.0,Graduation,Together,0,0,0,0,0,0,0
1952.0,40442.0,1.0,1.0,2012.6353881278537,52.0,45.0,12.0,52.0,25.0,22.0,13.0,4.0,3.0,1.0,4.0,7.0,3.0,11.0,Master,Together,0,0,0,0,0,0,1
1975.0,33183.0,1.0,0.0,2014.1490867579907,46.0,7.0,5.0,39.0,17.0,15.0,37.0,2.0,4.0,0.0,3.0,7.0,3.0,11.0,Graduation,Married,0,0,0,0,0,0,0
1959.0,54984.0,0.0,1.0,2014.3990867579907,51.0,173.0,13.0,131.0,32.0,3.0,6.0,4.0,6.0,1.0,6.0,7.0,3.0,11.0,Graduation,Married,0,0,0,1,0,0,0
1976.0,55424.0,0.0,1.0,2012.901826484018,6.0,462.0,61.0,184.0,10.0,53.0,107.0,4.0,7.0,5.0,9.0,6.0,3.0,11.0,PhD,Married,1,0,0,0,0,0,1
1962.0,82571.0,0.0,0.0,2014.2554794520547,28.0,861.0,31.0,558.0,62.0,95.0,79.0,0.0,6.0,5.0,13.0,2.0,3.0,11.0,PhD,Widow,0,0,1,0,0,0,0
1965.0,59594.0,0.0,1.0,2012.804794520548,74.0,457.0,4.0,29.0,0.0,0.0,9.0,1.0,8.0,1.0,7.0,7.0,3.0,11.0,Graduation,Married,0,1,0,0,0,0,0
1973.0,52034.0,1.0,1.0,2013.379908675799,67.0,146.0,0.0,93.0,7.0,13.0,73.0,5.0,4.0,2.0,5.0,7.0,3.0,11.0,Master,Divorced,0,0,0,0,0,0,0
1971.0,42033.0,1.0,1.0,2012.7187214611872,95.0,11.0,1.0,4.0,2.0,0.0,7.0,1.0,1.0,0.0,2.0,7.0,3.0,11.0,2n Cycle,Together,0,0,0,0,0,0,0
1960.0,13672.0,1.0,1.0,2013.2965753424658,86.0,6.0,2.0,9.0,2.0,1.0,5.0,2.0,1.0,0.0,3.0,8.0,3.0,11.0,Graduation,Together,0,0,0,0,0,0,0
1948.0,78427.0,0.0,0.0,2012.8157534246575,36.0,972.0,19.0,595.0,180.0,26.0,138.0,3.0,3.0,7.0,10.0,3.0,3.0,11.0,Master,Widow,0,0,0,1,0,0,1
1971.0,52531.0,0.0,0.0,2012.9988584474886,68.0,283.0,112.0,151.0,51.0,72.0,125.0,2.0,7.0,2.0,10.0,6.0,3.0,11.0,Graduation,Married,0,0,0,0,0,0,0
1958.0,80995.0,0.0,1.0,2013.3634703196346,83.0,860.0,28.0,409.0,73.0,56.0,56.0,1.0,8.0,9.0,4.0,4.0,3.0,11.0,PhD,Widow,0,0,0,0,0,0,0
1989.0,21474.0,1.0,0.0,2014.271917808219,0.0,6.0,16.0,24.0,11.0,0.0,34.0,2.0,3.0,1.0,2.0,7.0,3.0,11.0,Graduation,Single,1,0,0,0,0,0,1
1976.0,21024.0,0.0,0.0,2013.5109589041097,89.0,36.0,4.0,18.0,6.0,2.0,18.0,1.0,2.0,0.0,4.0,7.0,3.0,11.0,Master,Together,0,0,0,0,0,0,0
1983.0,39062.0,1.0,0.0,2014.2351598173516,28.0,23.0,0.0,9.0,0.0,0.0,12.0,1.0,1.0,0.0,3.0,4.0,3.0,11.0,Graduation,Single,1,0,0,0,0,0,0
1958.0,72905.0,0.0,0.0,2014.0575342465754,52.0,407.0,114.0,445.0,181.0,165.0,203.0,1.0,3.0,7.0,9.0,1.0,3.0,11.0,Graduation,Married,0,0,0,1,0,0,0
1976.0,39356.0,1.0,1.0,2014.2187214611872,21.0,15.0,0.0,2.0,0.0,0.0,6.0,1.0,1.0,0.0,2.0,6.0,3.0,11.0,Graduation,Married,1,0,0,0,0,0,0
1957.0,36864.0,0.0,1.0,2012.6189497716894,53.0,204.0,5.0,39.0,17.0,0.0,89.0,3.0,5.0,2.0,4.0,8.0,3.0,11.0,Graduation,Single,0,0,0,0,0,0,1
1976.0,55412.0,1.0,1.0,2013.893607305936,65.0,10.0,5.0,28.0,11.0,1.0,8.0,1.0,2.0,0.0,3.0,5.0,3.0,11.0,PhD,Divorced,0,0,0,0,0,0,0
1988.0,84219.0,0.0,0.0,2014.088812785388,27.0,434.0,137.0,400.0,45.0,137.0,45.0,1.0,3.0,4.0,10.0,1.0,3.0,11.0,Graduation,Married,0,0,0,0,0,0,0
1950.0,48767.0,1.0,2.0,2014.0027397260274,79.0,28.0,1.0,21.0,3.0,0.0,10.0,3.0,2.0,1.0,3.0,5.0,3.0,11.0,PhD,Single,0,0,0,0,0,0,0
1987.0,95169.0,0.0,0.0,2013.7746575342467,1.0,1285.0,21.0,449.0,106.0,20.0,20.0,1.0,4.0,3.0,4.0,1.0,3.0,11.0,PhD,Single,0,0,1,1,0,0,1
1981.0,36038.0,1.0,0.0,2013.4182648401825,82.0,23.0,0.0,15.0,0.0,2.0,7.0,2.0,3.0,0.0,3.0,6.0,3.0,11.0,PhD,Single,0,0,0,0,0,0,0
1980.0,25965.0,0.0,0.0,2012.6858447488585,29.0,2.0,2.0,11.0,41.0,7.0,11.0,1.0,2.0,0.0,3.0,8.0,3.0,11.0,Basic,Married,0,0,0,0,0,0,0
1968.0,36778.0,1.0,1.0,2012.5970319634703,63.0,29.0,4.0,34.0,2.0,4.0,4.0,3.0,3.0,0.0,3.0,9.0,3.0,11.0,PhD,Married,0,0,0,0,0,0,0
1955.0,79800.0,0.0,0.0,2012.7296803652969,65.0,1060.0,21.0,530.0,32.0,0.0,224.0,1.0,5.0,11.0,5.0,3.0,3.0,11.0,Graduation,Widow,1,0,1,1,0,0,1
1946.0,18100.0,0.0,0.0,2013.5997716894976,14.0,3.0,1.0,2.0,4.0,3.0,1.0,1.0,0.0,0.0,3.0,5.0,3.0,11.0,Graduation,Married,0,0,0,0,0,0,0
1970.0,76467.0,1.0,0.0,2012.629908675799,44.0,676.0,161.0,426.0,210.0,44.0,58.0,2.0,2.0,5.0,5.0,6.0,3.0,11.0,Graduation,Single,0,0,0,0,0,0,1
1972.0,83151.0,0.0,0.0,2013.1107305936073,80.0,968.0,147.0,842.0,137.0,42.0,210.0,1.0,5.0,7.0,10.0,2.0,3.0,11.0,Master,Married,1,0,1,1,0,0,1
1973.0,57906.0,0.0,1.0,2013.4468036529681,29.0,243.0,11.0,119.0,10.0,3.0,15.0,3.0,4.0,2.0,8.0,4.0,3.0,11.0,PhD,Together,0,0,0,0,0,0,0
1979.0,16014.0,1.0,1.0,2013.2132420091325,42.0,3.0,9.0,4.0,7.0,8.0,7.0,4.0,1.0,1.0,4.0,3.0,3.0,11.0,Basic,Single,0,0,0,0,0,0,0
1962.0,63887.0,0.0,1.0,2012.6885844748858,38.0,897.0,23.0,207.0,15.0,11.0,92.0,5.0,9.0,6.0,12.0,6.0,3.0,11.0,Graduation,Divorced,0,0,0,0,0,0,0
1985.0,70951.0,0.0,0.0,2013.344292237443,66.0,239.0,10.0,554.0,254.0,87.0,54.0,1.0,3.0,4.0,9.0,1.0,3.0,11.0,Graduation,Married,0,0,0,0,0,0,0
1968.0,19329.0,1.0,0.0,2013.9550228310502,39.0,24.0,1.0,16.0,12.0,2.0,5.0,3.0,4.0,0.0,3.0,8.0,3.0,11.0,Graduation,Married,0,0,0,0,0,0,0
1975.0,33249.0,1.0,0.0,2013.1381278538813,11.0,6.0,10.0,21.0,19.0,14.0,42.0,2.0,2.0,1.0,3.0,6.0,3.0,11.0,Graduation,Single,0,0,0,0,0,0,0
1984.0,36108.0,1.0,0.0,2013.791095890411,68.0,141.0,8.0,129.0,3.0,11.0,47.0,3.0,7.0,1.0,4.0,9.0,3.0,11.0,Graduation,Single,1,0,0,0,0,0,0
1962.0,54693.0,0.0,1.0,2013.129908675799,72.0,686.0,17.0,142.0,23.0,26.0,35.0,8.0,6.0,4.0,13.0,6.0,3.0,11.0,PhD,Married,0,0,0,0,0,0,0
1970.0,30015.0,1.0,0.0,2014.088812785388,28.0,25.0,0.0,22.0,2.0,3.0,5.0,2.0,1.0,0.0,4.0,5.0,3.0,11.0,Graduation,Single,0,0,0,0,0,0,0
1970.0,32303.0,0.0,1.0,2014.1885844748858,63.0,35.0,0.0,2.0,0.0,0.0,2.0,2.0,1.0,0.0,4.0,5.0,3.0,11.0,PhD,Single,0,0,0,0,0,0,0
1952.0,33444.0,1.0,1.0,2012.8415525114156,24.0,8.0,0.0,8.0,0.0,0.0,2.0,1.0,1.0,0.0,2.0,8.0,3.0,11.0,Master,Married,0,0,0,0,0,0,0
1958.0,50729.0,1.0,1.0,2013.338812785388,62.0,239.0,13.0,143.0,45.0,4.0,52.0,9.0,6.0,2.0,7.0,6.0,3.0,11.0,PhD,Single,0,0,0,0,0,0,0
1989.0,28691.0,1.0,0.0,2013.5109589041097,56.0,5.0,4.0,13.0,8.0,0.0,4.0,1.0,1.0,0.0,3.0,8.0,3.0,11.0,Graduation,Married,0,0,0,0,0,0,0
1968.0,41120.0,1.0,1.0,2013.8497716894976,80.0,24.0,2.0,23.0,0.0,8.0,24.0,3.0,2.0,1.0,3.0,6.0,3.0,11.0,Graduation,Married,0,0,0,0,0,0,0
1958.0,46610.0,0.0,0.0,2013.5493150684931,4.0,288.0,10.0,30.0,4.0,10.0,125.0,1.0,6.0,1.0,6.0,6.0,3.0,11.0,Graduation,Together,0,0,0,0,0,0,0
1948.0,45072.0,1.0,2.0,2013.7938356164384,74.0,144.0,2.0,99.0,7.0,2.0,30.0,5.0,6.0,1.0,4.0,8.0,3.0,11.0,PhD,Divorced,0,0,0,0,0,0,0
1951.0,26997.0,0.0,0.0,2012.8470319634703,89.0,7.0,23.0,78.0,133.0,49.0,144.0,2.0,4.0,2.0,5.0,7.0,3.0,11.0,Basic,Married,0,0,0,0,0,0,0
1978.0,16531.0,1.0,0.0,2014.4659817351599,43.0,2.0,13.0,6.0,7.0,5.0,11.0,3.0,3.0,0.0,3.0,7.0,3.0,11.0,Graduation,Together,0,0,0,0,0,0,0
1958.0,80739.0,0.0,0.0,2013.3963470319634,92.0,674.0,92.0,736.0,39.0,0.0,92.0,1.0,3.0,11.0,9.0,1.0,3.0,11.0,Master,Married,0,0,0,0,0,0,0
1987.0,51563.0,0.0,0.0,2012.7527397260274,60.0,1166.0,0.0,48.0,0.0,0.0,36.0,1.0,4.0,4.0,10.0,8.0,3.0,11.0,PhD,Married,0,1,1,0,0,0,0
1984.0,38680.0,1.0,0.0,2013.2433789954339,97.0,11.0,0.0,36.0,15.0,5.0,12.0,1.0,2.0,0.0,3.0,7.0,3.0,11.0,Graduation,Married,0,0,0,0,0,0,0
1967.0,65777.0,0.0,0.0,2013.9687214611872,87.0,565.0,32.0,435.0,28.0,32.0,54.0,1.0,2.0,8.0,6.0,1.0,3.0,11.0,Graduation,Together,0,0,0,0,0,0,0
1991.0,86037.0,0.0,0.0,2013.0054794520547,95.0,490.0,44.0,125.0,29.0,20.0,22.0,1.0,6.0,7.0,11.0,3.0,3.0,11.0,Graduation,Single,0,1,1,0,0,0,1
1972.0,38887.0,1.0,0.0,2014.1721461187215,17.0,25.0,1.0,13.0,0.0,0.0,3.0,1.0,1.0,0.0,3.0,7.0,3.0,11.0,PhD,Together,0,0,0,0,0,0,0
1988.0,35388.0,1.0,0.0,2013.1858447488585,20.0,6.0,4.0,7.0,4.0,3.0,8.0,1.0,1.0,0.0,3.0,7.0,3.0,11.0,2n Cycle,Divorced,0,0,0,0,0,0,0
1971.0,1730.0,0.0,0.0,2014.3826484018264,65.0,1.0,1.0,3.0,1.0,1.0,1.0,15.0,0.0,0.0,0.0,20.0,3.0,11.0,Graduation,Divorced,0,0,0,0,0,0,0
1977.0,75330.0,1.0,1.0,2012.7609589041097,94.0,555.0,82.0,257.0,93.0,61.0,61.0,4.0,10.0,3.0,12.0,6.0,3.0,11.0,Graduation,Married,0,0,0,0,0,0,0
1952.0,46610.0,0.0,2.0,2012.8294520547945,8.0,96.0,12.0,96.0,33.0,22.0,43.0,6.0,4.0,1.0,6.0,6.0,3.0,11.0,PhD,Divorced,0,0,0,0,0,0,1
1950.0,59462.0,0.0,1.0,2013.013698630137,29.0,724.0,17.0,143.0,0.0,8.0,196.0,2.0,9.0,2.0,12.0,7.0,3.0,11.0,Graduation,Married,0,0,0,0,0,0,0
1967.0,77766.0,0.0,1.0,2013.143607305936,97.0,1004.0,59.0,265.0,115.0,59.0,27.0,2.0,11.0,10.0,11.0,6.0,3.0,11.0,PhD,Married,1,0,0,0,0,0,1
1952.0,44213.0,1.0,1.0,2013.9127853881278,48.0,95.0,11.0,35.0,0.0,4.0,7.0,4.0,2.0,1.0,5.0,6.0,3.0,11.0,Graduation,Single,0,0,0,0,0,0,0
1952.0,13084.0,0.0,0.0,2013.838812785388,29.0,2.0,0.0,7.0,3.0,7.0,10.0,1.0,1.0,0.0,3.0,6.0,3.0,11.0,Basic,Together,0,0,0,0,0,0,0
1957.0,82347.0,0.0,0.0,2012.8497716894976,38.0,556.0,54.0,845.0,202.0,133.0,63.0,1.0,7.0,7.0,10.0,3.0,3.0,11.0,2n Cycle,Married,1,0,0,1,0,0,0
1973.0,38576.0,0.0,1.0,2014.1776255707764,2.0,34.0,0.0,7.0,0.0,0.0,0.0,1.0,1.0,0.0,3.0,7.0,3.0,11.0,Master,Married,0,0,0,0,0,0,0
1961.0,46524.0,0.0,1.0,2013.263698630137,70.0,31.0,19.0,35.0,26.0,14.0,52.0,2.0,1.0,1.0,5.0,3.0,3.0,11.0,Graduation,Single,0,0,0,0,0,0,0
1972.0,77981.0,1.0,0.0,2013.4045662100457,78.0,138.0,120.0,204.0,16.0,126.0,60.0,3.0,7.0,4.0,7.0,5.0,3.0,11.0,Graduation,Married,0,0,0,0,0,0,0
1949.0,156924.0,0.0,0.0,2013.6627853881278,85.0,2.0,1.0,2.0,1.0,1.0,1.0,0.0,0.0,0.0,0.0,0.0,3.0,11.0,PhD,Married,0,0,0,0,0,0,0
1973.0,32300.0,1.0,0.0,2013.0082191780823,1.0,13.0,3.0,6.0,6.0,5.0,6.0,1.0,1.0,0.0,3.0,8.0,3.0,11.0,Graduation,Married,0,0,0,0,0,0,0
1976.0,42473.0,1.0,1.0,2014.129908675799,72.0,93.0,1.0,21.0,0.0,4.0,25.0,3.0,2.0,1.0,4.0,5.0,3.0,11.0,PhD,Single,0,0,0,0,0,0,0
1956.0,78028.0,0.0,1.0,2012.6940639269408,38.0,158.0,19.0,288.0,25.0,0.0,38.0,1.0,6.0,4.0,9.0,7.0,3.0,11.0,PhD,Widow,0,1,1,0,0,0,1
1974.0,34421.0,1.0,0.0,2013.5027397260274,81.0,3.0,3.0,7.0,6.0,2.0,9.0,1.0,1.0,0.0,2.0,7.0,3.0,11.0,Graduation,Married,0,0,0,0,0,0,0
1995.0,34824.0,0.0,0.0,2014.2378995433792,65.0,4.0,2.0,11.0,2.0,0.0,4.0,1.0,1.0,0.0,2.0,6.0,3.0,11.0,Graduation,Single,0,0,0,0,0,0,0
1953.0,41452.0,1.0,1.0,2013.1831050228311,86.0,13.0,0.0,3.0,0.0,0.0,0.0,1.0,1.0,0.0,2.0,7.0,3.0,11.0,Graduation,Together,0,0,0,0,0,0,0
1980.0,41850.0,1.0,1.0,2012.9824200913242,51.0,53.0,5.0,19.0,2.0,13.0,4.0,3.0,3.0,0.0,3.0,8.0,3.0,11.0,Graduation,Married,0,0,0,0,0,0,0
1965.0,61559.0,0.0,1.0,2013.5465753424658,8.0,279.0,83.0,88.0,32.0,14.0,34.0,1.0,4.0,2.0,10.0,3.0,3.0,11.0,Graduation,Single,0,0,0,0,0,0,0
1981.0,24480.0,1.0,0.0,2013.1134703196346,46.0,4.0,19.0,9.0,28.0,25.0,17.0,3.0,3.0,0.0,4.0,7.0,3.0,11.0,Basic,Married,0,0,0,0,0,0,0
1967.0,66825.0,0.0,0.0,2013.5383561643835,73.0,243.0,101.0,405.0,29.0,40.0,40.0,1.0,4.0,5.0,6.0,2.0,3.0,11.0,Graduation,Together,0,0,0,0,0,0,0
1975.0,83829.0,0.0,0.0,2013.771917808219,78.0,897.0,161.0,430.0,186.0,161.0,27.0,0.0,4.0,7.0,6.0,1.0,3.0,11.0,Graduation,Divorced,1,0,1,1,0,0,1
1982.0,74116.0,0.0,0.0,2013.9988584474886,53.0,871.0,111.0,704.0,145.0,55.0,166.0,1.0,4.0,4.0,10.0,2.0,3.0,11.0,2n Cycle,Single,0,1,0,0,0,0,0
1952.0,40887.0,1.0,1.0,2013.3497716894976,32.0,50.0,4.0,44.0,10.0,10.0,43.0,3.0,3.0,1.0,3.0,9.0,3.0,11.0,Graduation,Single,0,0,0,0,0,0,1
1966.0,63810.0,0.0,1.0,2012.8634703196346,45.0,977.0,12.0,253.0,16.0,12.0,101.0,4.0,4.0,3.0,12.0,8.0,3.0,11.0,Graduation,Single,0,1,0,0,0,0,0
1954.0,62820.0,0.0,0.0,2013.3634703196346,51.0,398.0,61.0,265.0,138.0,61.0,53.0,1.0,3.0,4.0,6.0,1.0,3.0,11.0,Graduation,Married,0,0,0,0,0,0,0
1987.0,67430.0,0.0,0.0,2012.6803652968038,6.0,595.0,97.0,291.0,127.0,133.0,121.0,1.0,11.0,5.0,12.0,6.0,3.0,11.0,Graduation,Together,0,0,0,0,0,0,0
1974.0,53367.0,1.0,1.0,2013.6682648401825,2.0,229.0,7.0,140.0,10.0,3.0,11.0,7.0,5.0,1.0,8.0,7.0,3.0,11.0,Master,Divorced,0,0,0,0,0,0,1
1971.0,57420.0,0.0,1.0,2013.4851598173516,22.0,280.0,0.0,18.0,0.0,0.0,24.0,3.0,5.0,1.0,6.0,7.0,3.0,11.0,Master,Together,0,1,0,0,0,0,0
1973.0,20895.0,1.0,0.0,2012.7664383561644,24.0,18.0,3.0,17.0,3.0,0.0,4.0,1.0,2.0,0.0,3.0,9.0,3.0,11.0,Graduation,Married,0,0,0,0,0,0,0
1982.0,66664.0,0.0,0.0,2012.7351598173516,78.0,398.0,96.0,447.0,220.0,96.0,32.0,1.0,5.0,7.0,6.0,3.0,3.0,11.0,2n Cycle,Together,0,0,0,0,0,0,0
1978.0,53172.0,0.0,1.0,2013.3497716894976,54.0,121.0,62.0,90.0,68.0,20.0,125.0,3.0,2.0,3.0,8.0,3.0,3.0,11.0,Graduation,Together,0,0,0,0,0,0,0
1964.0,85620.0,0.0,0.0,2014.0191780821917,68.0,416.0,46.0,925.0,60.0,107.0,46.0,1.0,3.0,6.0,4.0,1.0,3.0,11.0,Graduation,Widow,0,0,0,0,0,0,1
1971.0,70886.0,1.0,0.0,2013.7883561643835,65.0,407.0,70.0,239.0,103.0,88.0,53.0,1.0,5.0,4.0,4.0,2.0,3.0,11.0,Graduation,Married,0,0,0,0,0,0,0
1959.0,62450.0,0.0,1.0,2014.0164383561644,61.0,515.0,47.0,267.0,62.0,66.0,38.0,2.0,5.0,5.0,4.0,3.0,3.0,11.0,Graduation,Single,0,1,0,0,0,0,0
1954.0,72071.0,0.0,1.0,2013.1216894977167,4.0,531.0,69.0,300.0,150.0,138.0,150.0,3.0,5.0,4.0,8.0,2.0,3.0,11.0,Graduation,Divorced,0,0,0,0,0,0,0
1972.0,31590.0,1.0,0.0,2013.4659817351599,40.0,6.0,2.0,15.0,6.0,6.0,3.0,1.0,1.0,0.0,3.0,8.0,3.0,11.0,Graduation,Together,0,0,0,0,0,0,0
1947.0,66000.0,0.0,0.0,2014.304794520548,36.0,244.0,51.0,270.0,101.0,0.0,45.0,1.0,1.0,3.0,5.0,1.0,3.0,11.0,Master,Together,0,0,0,0,0,0,0
1962.0,71670.0,0.0,0.0,2013.5246575342467,8.0,1462.0,16.0,128.0,0.0,0.0,160.0,1.0,5.0,3.0,6.0,6.0,3.0,11.0,PhD,Widow,0,1,1,0,0,1,1
1945.0,62847.0,0.0,0.0,2013.041095890411,45.0,521.0,168.0,706.0,80.0,76.0,61.0,1.0,3.0,6.0,4.0,2.0,3.0,11.0,Master,Together,0,0,0,0,0,0,0
1975.0,51948.0,0.0,1.0,2013.7132420091325,51.0,82.0,33.0,54.0,71.0,30.0,41.0,2.0,5.0,2.0,4.0,5.0,3.0,11.0,Graduation,Married,0,0,0,0,0,0,0
1962.0,83715.0,0.0,0.0,2014.0915525114156,2.0,318.0,8.0,407.0,150.0,35.0,8.0,1.0,2.0,8.0,13.0,0.0,3.0,11.0,Graduation,Married,0,0,0,0,0,0,0
1950.0,54432.0,2.0,1.0,2013.35799086758,37.0,33.0,0.0,5.0,0.0,0.0,0.0,1.0,1.0,0.0,3.0,4.0,3.0,11.0,PhD,Married,0,0,0,0,0,0,0
1946.0,51012.0,0.0,0.0,2013.2993150684931,86.0,102.0,9.0,63.0,2.0,9.0,24.0,1.0,4.0,1.0,4.0,6.0,3.0,11.0,PhD,Married,0,0,0,0,0,0,0
1962.0,65316.0,1.0,1.0,2013.3157534246575,65.0,112.0,6.0,92.0,3.0,9.0,38.0,2.0,3.0,2.0,5.0,4.0,3.0,11.0,Graduation,Married,0,0,0,0,0,0,0
1969.0,48752.0,1.0,1.0,2012.9495433789955,8.0,73.0,57.0,100.0,71.0,15.0,0.0,5.0,6.0,1.0,5.0,9.0,3.0,11.0,Graduation,Married,0,0,0,0,0,0,1
1975.0,46098.0,1.0,1.0,2012.6326484018264,86.0,57.0,0.0,27.0,0.0,0.0,36.0,4.0,3.0,2.0,2.0,8.0,3.0,11.0,Master,Single,0,0,0,0,0,0,1
1970.0,38853.0,1.0,1.0,2014.3963470319634,90.0,29.0,0.0,14.0,0.0,0.0,2.0,2.0,2.0,0.0,3.0,7.0,3.0,11.0,PhD,Married,0,0,0,0,0,0,0
1978.0,57867.0,1.0,0.0,2013.7527397260274,48.0,344.0,35.0,178.0,15.0,23.0,17.0,7.0,7.0,2.0,9.0,6.0,3.0,11.0,Graduation,Together,0,0,0,0,0,0,0
1976.0,30992.0,1.0,0.0,2013.3102739726028,83.0,17.0,0.0,14.0,7.0,3.0,2.0,1.0,1.0,0.0,3.0,7.0,3.0,11.0,Graduation,Divorced,0,0,0,0,0,0,0
1974.0,83891.0,0.0,1.0,2014.4714611872148,24.0,217.0,38.0,350.0,111.0,85.0,15.0,1.0,4.0,7.0,10.0,1.0,3.0,11.0,Master,Married,0,0,0,0,0,0,0
1953.0,23272.0,0.0,0.0,2013.7965753424658,29.0,19.0,3.0,6.0,4.0,2.0,12.0,1.0,1.0,0.0,3.0,4.0,3.0,11.0,Graduation,Divorced,0,0,0,0,0,0,0
1982.0,61416.0,0.0,0.0,2013.1052511415523,25.0,848.0,154.0,323.0,201.0,61.0,78.0,1.0,10.0,3.0,10.0,6.0,3.0,11.0,Graduation,Together,1,0,0,0,0,0,0
1955.0,22554.0,1.0,1.0,2012.8415525114156,38.0,27.0,0.0,10.0,0.0,0.0,4.0,4.0,2.0,0.0,4.0,5.0,3.0,11.0,PhD,Married,0,0,0,0,0,0,0
1951.0,78939.0,0.0,0.0,2013.9495433789955,57.0,794.0,115.0,243.0,150.0,0.0,205.0,1.0,8.0,5.0,6.0,3.0,3.0,11.0,PhD,Married,0,0,0,0,0,0,0
1972.0,75251.0,0.0,0.0,2012.657305936073,34.0,721.0,111.0,925.0,97.0,18.0,18.0,1.0,7.0,6.0,5.0,5.0,3.0,11.0,Master,Married,0,0,0,0,0,0,1
1964.0,60597.0,0.0,1.0,2014.0027397260274,2.0,522.0,0.0,257.0,32.0,16.0,66.0,4.0,2.0,2.0,8.0,7.0,3.0,11.0,Graduation,Married,0,0,0,1,0,0,1
1973.0,37971.0,1.0,0.0,2013.901826484018,97.0,5.0,4.0,10.0,2.0,2.0,7.0,1.0,1.0,0.0,3.0,8.0,3.0,11.0,Graduation,Married,0,0,0,0,0,0,0
1967.0,51479.0,1.0,1.0,2012.9933789954339,67.0,247.0,8.0,160.0,6.0,8.0,65.0,7.0,6.0,3.0,6.0,7.0,3.0,11.0,Graduation,Married,0,0,0,0,0,0,0
1975.0,37284.0,1.0,1.0,2013.2461187214612,46.0,11.0,1.0,2.0,2.0,1.0,6.0,1.0,0.0,0.0,3.0,6.0,3.0,11.0,2n Cycle,Married,0,0,0,0,0,0,0
1965.0,56962.0,2.0,1.0,2013.7801369863014,60.0,292.0,3.0,77.0,10.0,3.0,26.0,7.0,6.0,3.0,5.0,7.0,3.0,11.0,Master,Married,0,0,0,0,0,0,0
1962.0,45183.0,0.0,0.0,2013.054794520548,33.0,219.0,3.0,60.0,12.0,9.0,12.0,1.0,4.0,1.0,7.0,7.0,3.0,11.0,Master,Single,0,1,0,0,0,0,0
1964.0,58512.0,0.0,1.0,2013.7187214611872,25.0,895.0,10.0,101.0,13.0,0.0,152.0,5.0,3.0,4.0,8.0,8.0,3.0,11.0,Graduation,Married,0,0,0,0,0,0,0
1975.0,70300.0,1.0,0.0,2013.541095890411,89.0,1045.0,61.0,338.0,60.0,46.0,46.0,3.0,5.0,5.0,13.0,8.0,3.0,11.0,Graduation,Divorced,0,0,0,0,0,0,0
1944.0,80184.0,0.0,0.0,2014.169406392694,19.0,1035.0,134.0,670.0,25.0,38.0,0.0,1.0,6.0,3.0,10.0,3.0,3.0,11.0,Master,Married,0,0,1,1,0,0,0
1963.0,46757.0,0.0,1.0,2012.8771689497717,71.0,777.0,30.0,163.0,0.0,51.0,122.0,6.0,4.0,4.0,7.0,9.0,3.0,11.0,PhD,Single,0,0,0,0,0,0,0
1944.0,65275.0,0.0,0.0,2013.2582191780823,9.0,388.0,14.0,218.0,91.0,14.0,21.0,1.0,4.0,3.0,13.0,2.0,3.0,11.0,Graduation,Married,0,0,0,0,0,0,0
1970.0,25959.0,1.0,1.0,2013.1216894977167,1.0,4.0,2.0,12.0,7.0,5.0,26.0,2.0,1.0,2.0,2.0,6.0,3.0,11.0,2n Cycle,Divorced,0,0,0,0,0,0,1
1976.0,75484.0,0.0,1.0,2012.588812785388,50.0,378.0,97.0,259.0,197.0,194.0,34.0,2.0,7.0,3.0,6.0,4.0,3.0,11.0,2n Cycle,Together,0,0,0,0,0,0,0
1952.0,33402.0,1.0,1.0,2013.5493150684931,60.0,26.0,2.0,19.0,10.0,5.0,8.0,3.0,2.0,1.0,3.0,8.0,3.0,11.0,Graduation,Together,0,0,0,0,0,0,0
1973.0,27803.0,1.0,0.0,2012.6545662100457,40.0,8.0,26.0,46.0,38.0,9.0,49.0,2.0,3.0,0.0,4.0,8.0,3.0,11.0,Graduation,Married,0,0,0,0,0,0,0
1966.0,37758.0,1.0,1.0,2012.7609589041097,49.0,27.0,2.0,10.0,0.0,0.0,1.0,2.0,1.0,0.0,3.0,8.0,3.0,11.0,Graduation,Together,0,0,0,0,0,0,0
1948.0,45579.0,0.0,1.0,2013.6381278538813,10.0,145.0,1.0,33.0,2.0,1.0,1.0,1.0,4.0,1.0,4.0,6.0,3.0,11.0,PhD,Married,0,0,0,0,0,0,0
1988.0,68655.0,0.0,0.0,2012.6107305936073,95.0,456.0,19.0,832.0,75.0,118.0,38.0,1.0,4.0,5.0,11.0,3.0,3.0,11.0,Graduation,Single,0,0,0,0,0,0,0
1955.0,36927.0,1.0,1.0,2014.4221461187215,46.0,51.0,0.0,16.0,0.0,0.0,4.0,2.0,3.0,0.0,3.0,8.0,3.0,11.0,Master,Single,0,0,0,0,0,0,0
1977.0,36273.0,1.0,0.0,2014.2938356164384,80.0,29.0,3.0,30.0,3.0,2.0,9.0,2.0,3.0,0.0,3.0,6.0,3.0,11.0,Master,Single,0,0,0,0,0,0,0
1949.0,62845.0,1.0,1.0,2012.7527397260274,3.0,1099.0,0.0,45.0,0.0,0.0,34.0,11.0,3.0,4.0,10.0,8.0,3.0,11.0,Master,Married,0,1,0,0,0,0,0
1956.0,34633.0,2.0,1.0,2014.0630136986301,31.0,8.0,1.0,5.0,0.0,0.0,1.0,1.0,1.0,0.0,2.0,6.0,3.0,11.0,Graduation,Together,0,0,0,0,0,0,0
1967.0,54178.0,0.0,1.0,2014.0575342465754,79.0,135.0,9.0,39.0,4.0,0.0,7.0,1.0,2.0,2.0,5.0,2.0,3.0,11.0,Graduation,Together,0,0,0,0,0,0,0
1979.0,77298.0,0.0,1.0,2013.838812785388,46.0,425.0,115.0,292.0,23.0,35.0,79.0,1.0,6.0,6.0,11.0,3.0,3.0,11.0,Graduation,Together,0,0,0,0,0,0,0
1954.0,72071.0,0.0,1.0,2013.1216894977167,4.0,531.0,69.0,300.0,150.0,138.0,150.0,3.0,5.0,4.0,8.0,2.0,3.0,11.0,Graduation,Divorced,0,0,0,0,0,0,0
1976.0,75825.0,0.0,0.0,2012.7828767123287,40.0,1032.0,105.0,779.0,137.0,105.0,51.0,0.0,5.0,8.0,9.0,4.0,3.0,11.0,Graduation,Single,1,0,0,0,0,0,1
1953.0,48686.0,1.0,2.0,2013.9276255707764,8.0,10.0,0.0,7.0,2.0,0.0,1.0,1.0,1.0,0.0,2.0,8.0,3.0,11.0,Graduation,Married,0,0,0,0,0,0,0
1958.0,53083.0,1.0,1.0,2013.3744292237443,65.0,215.0,7.0,33.0,3.0,0.0,13.0,6.0,5.0,1.0,5.0,7.0,3.0,11.0,2n Cycle,Together,0,1,0,0,0,0,0
1982.0,22448.0,1.0,0.0,2014.1545662100457,86.0,3.0,1.0,8.0,23.0,2.0,18.0,3.0,2.0,1.0,3.0,3.0,3.0,11.0,Graduation,Married,0,0,0,0,0,0,0
1978.0,42011.0,1.0,0.0,2013.2378995433792,46.0,131.0,0.0,16.0,2.0,1.0,39.0,4.0,3.0,1.0,4.0,8.0,3.0,11.0,Graduation,Together,0,0,0,0,0,0,0
1987.0,25545.0,1.0,0.0,2012.6885844748858,35.0,32.0,1.0,64.0,16.0,12.0,85.0,3.0,2.0,2.0,3.0,6.0,3.0,11.0,Graduation,Married,0,0,0,0,0,0,1
1958.0,69096.0,0.0,1.0,2013.7406392694065,4.0,247.0,49.0,159.0,7.0,82.0,109.0,1.0,5.0,2.0,10.0,4.0,3.0,11.0,Graduation,Together,0,0,0,0,0,0,0
1952.0,84574.0,0.0,0.0,2013.4276255707764,72.0,387.0,20.0,713.0,38.0,54.0,163.0,1.0,9.0,11.0,11.0,5.0,3.0,11.0,Graduation,Single,0,0,0,0,0,0,0
1977.0,31878.0,0.0,1.0,2014.4769406392695,7.0,23.0,4.0,5.0,10.0,5.0,23.0,1.0,1.0,0.0,4.0,3.0,3.0,11.0,2n Cycle,Single,0,0,0,0,0,0,0
1972.0,46423.0,1.0,1.0,2013.7159817351599,6.0,68.0,0.0,16.0,0.0,0.0,8.0,3.0,2.0,0.0,4.0,7.0,3.0,11.0,Master,Single,0,0,0,0,0,0,0
1954.0,36930.0,0.0,1.0,2013.379908675799,50.0,223.0,2.0,31.0,0.0,2.0,39.0,5.0,5.0,2.0,4.0,8.0,3.0,11.0,PhD,Married,0,0,0,0,0,0,0
1990.0,26095.0,1.0,0.0,2013.4988584474886,77.0,11.0,7.0,9.0,3.0,1.0,11.0,1.0,1.0,0.0,3.0,7.0,3.0,11.0,Graduation,Single,0,0,0,0,0,0,0
1970.0,67536.0,0.0,1.0,2013.393607305936,45.0,1253.0,0.0,447.0,23.0,71.0,35.0,3.0,11.0,5.0,11.0,8.0,3.0,11.0,PhD,Married,0,0,0,1,0,0,0
1955.0,59821.0,0.0,1.0,2013.2828767123287,11.0,629.0,0.0,70.0,0.0,0.0,35.0,6.0,11.0,2.0,7.0,8.0,3.0,11.0,PhD,Married,0,0,0,0,0,0,0
1955.0,57959.0,0.0,1.0,2013.338812785388,71.0,430.0,16.0,322.0,43.0,24.0,33.0,5.0,4.0,7.0,11.0,3.0,3.0,11.0,Graduation,Single,0,0,0,0,0,0,0
1972.0,22063.0,1.0,0.0,2013.6052511415523,43.0,7.0,10.0,13.0,3.0,11.0,11.0,2.0,2.0,0.0,3.0,7.0,3.0,11.0,Graduation,Married,0,0,0,0,0,0,0
1968.0,32889.0,1.0,1.0,2013.6831050228311,78.0,28.0,0.0,13.0,4.0,2.0,8.0,3.0,2.0,1.0,3.0,5.0,3.0,11.0,Master,Together,0,0,0,0,0,0,0
1984.0,31385.0,1.0,0.0,2012.9303652968038,56.0,3.0,2.0,12.0,0.0,1.0,9.0,1.0,1.0,0.0,2.0,8.0,3.0,11.0,Master,Single,1,0,0,0,0,0,1
1979.0,75507.0,0.0,0.0,2014.338812785388,56.0,709.0,93.0,374.0,104.0,80.0,80.0,1.0,8.0,6.0,6.0,3.0,3.0,11.0,Graduation,Together,0,0,0,0,0,0,0
1974.0,58494.0,0.0,1.0,2013.9495433789955,56.0,298.0,7.0,68.0,4.0,0.0,19.0,2.0,6.0,2.0,6.0,6.0,3.0,11.0,Master,Married,0,0,0,0,0,0,0
1948.0,46681.0,0.0,2.0,2013.771917808219,52.0,269.0,15.0,69.0,15.0,19.0,38.0,2.0,4.0,6.0,4.0,5.0,3.0,11.0,PhD,Together,0,0,0,0,0,0,0
1961.0,74881.0,1.0,1.0,2013.1885844748858,48.0,505.0,72.0,270.0,36.0,27.0,54.0,4.0,9.0,2.0,12.0,5.0,3.0,11.0,Master,Together,0,0,0,0,0,0,0
1957.0,71113.0,0.0,1.0,2013.9632420091325,95.0,495.0,33.0,255.0,11.0,33.0,8.0,4.0,6.0,7.0,9.0,4.0,3.0,11.0,Graduation,Married,0,0,0,0,0,0,0
1976.0,40780.0,0.0,1.0,2012.6885844748858,30.0,229.0,27.0,71.0,13.0,3.0,34.0,4.0,7.0,1.0,5.0,9.0,3.0,11.0,Graduation,Divorced,0,0,0,0,0,0,0
1965.0,69139.0,0.0,1.0,2014.0739726027398,23.0,86.0,12.0,75.0,33.0,15.0,6.0,1.0,4.0,1.0,5.0,4.0,3.0,11.0,Graduation,Married,0,0,0,0,0,0,0
1953.0,65569.0,0.0,1.0,2012.8470319634703,96.0,397.0,46.0,288.0,20.0,38.0,70.0,2.0,6.0,5.0,10.0,3.0,3.0,11.0,Master,Married,0,0,0,0,0,0,0
1974.0,39996.0,1.0,1.0,2014.393607305936,85.0,11.0,0.0,3.0,0.0,0.0,1.0,1.0,1.0,0.0,2.0,6.0,3.0,11.0,Graduation,Divorced,0,0,0,0,0,0,0
1978.0,38136.0,1.0,0.0,2013.3102739726028,69.0,8.0,15.0,27.0,0.0,20.0,33.0,2.0,3.0,1.0,2.0,8.0,3.0,11.0,Graduation,Married,1,0,0,0,0,0,0
1982.0,40479.0,1.0,0.0,2013.629908675799,95.0,5.0,0.0,8.0,2.0,0.0,0.0,1.0,0.0,0.0,3.0,4.0,3.0,11.0,Graduation,Together,0,0,0,0,0,0,0
1992.0,7500.0,1.0,0.0,2012.924885844749,63.0,10.0,17.0,18.0,8.0,26.0,40.0,4.0,3.0,2.0,2.0,9.0,3.0,11.0,Basic,Single,0,0,0,0,0,0,0
1975.0,59481.0,0.0,1.0,2013.8130136986301,47.0,178.0,3.0,85.0,71.0,66.0,58.0,2.0,3.0,3.0,8.0,2.0,3.0,11.0,Graduation,Together,0,0,0,0,0,0,0
1988.0,84219.0,0.0,0.0,2014.088812785388,27.0,434.0,137.0,400.0,45.0,137.0,45.0,1.0,3.0,4.0,10.0,1.0,3.0,11.0,Graduation,Married,0,0,0,0,0,0,0
1957.0,47320.0,0.0,1.0,2013.5860730593606,10.0,200.0,19.0,111.0,50.0,15.0,19.0,6.0,5.0,1.0,8.0,6.0,3.0,11.0,Graduation,Together,0,0,0,0,0,0,0
1970.0,55282.0,1.0,0.0,2013.9522831050228,9.0,125.0,6.0,73.0,8.0,4.0,19.0,1.0,3.0,1.0,6.0,4.0,3.0,11.0,Master,Divorced,0,0,0,0,0,0,0
1969.0,57731.0,0.0,1.0,2012.8963470319634,0.0,266.0,21.0,300.0,65.0,8.0,44.0,4.0,8.0,8.0,6.0,6.0,3.0,11.0,Graduation,Single,0,0,0,0,0,0,0
1946.0,78569.0,0.0,0.0,2014.1353881278537,14.0,558.0,79.0,622.0,207.0,175.0,95.0,1.0,4.0,6.0,4.0,1.0,3.0,11.0,Graduation,Married,0,0,1,0,0,0,1
1951.0,47352.0,0.0,1.0,2013.2801369863014,70.0,172.0,12.0,112.0,8.0,0.0,15.0,4.0,6.0,1.0,5.0,7.0,3.0,11.0,Master,Together,0,0,0,0,0,0,0
1970.0,38200.0,1.0,1.0,2012.9358447488585,19.0,12.0,0.0,4.0,0.0,0.0,1.0,1.0,1.0,0.0,2.0,7.0,3.0,11.0,Graduation,Together,0,0,0,0,0,0,0
1970.0,35682.0,1.0,0.0,2014.4906392694065,34.0,23.0,0.0,8.0,6.0,2.0,18.0,1.0,1.0,1.0,3.0,2.0,3.0,11.0,PhD,Divorced,0,0,0,0,0,0,0
1978.0,26224.0,1.0,0.0,2013.4276255707764,39.0,4.0,7.0,15.0,13.0,9.0,15.0,3.0,2.0,1.0,3.0,6.0,3.0,11.0,2n Cycle,Married,0,0,0,0,0,0,0
1979.0,77298.0,0.0,1.0,2013.838812785388,46.0,425.0,115.0,292.0,23.0,35.0,79.0,1.0,6.0,6.0,11.0,3.0,3.0,11.0,Graduation,Together,0,0,0,0,0,0,0
1966.0,43602.0,1.0,1.0,2014.027397260274,45.0,19.0,5.0,12.0,10.0,3.0,19.0,3.0,3.0,1.0,2.0,6.0,3.0,11.0,Graduation,Single,0,0,0,0,0,0,0
1991.0,61618.0,0.0,0.0,2012.7461187214612,27.0,605.0,91.0,399.0,0.0,45.0,205.0,2.0,3.0,6.0,8.0,3.0,3.0,11.0,2n Cycle,Single,0,0,0,0,0,0,0
1963.0,77226.0,0.0,1.0,2014.1600456621004,29.0,631.0,43.0,239.0,128.0,76.0,21.0,2.0,6.0,8.0,12.0,3.0,3.0,11.0,Graduation,Together,0,0,0,0,0,0,0
1965.0,4861.0,0.0,0.0,2014.4769406392695,20.0,2.0,1.0,1.0,1.0,0.0,1.0,0.0,0.0,0.0,0.0,14.0,3.0,11.0,Graduation,Divorced,0,0,0,0,0,0,0
1976.0,9548.0,1.0,0.0,2012.6052511415523,31.0,0.0,1.0,3.0,10.0,6.0,9.0,2.0,1.0,0.0,3.0,8.0,3.0,11.0,Basic,Divorced,0,0,0,0,0,0,0
1986.0,78394.0,0.0,0.0,2013.1244292237443,13.0,298.0,27.0,697.0,216.0,24.0,166.0,1.0,4.0,6.0,5.0,2.0,3.0,11.0,Graduation,Together,0,0,0,0,0,0,1
1957.0,43140.0,0.0,1.0,2013.013698630137,68.0,134.0,8.0,76.0,6.0,0.0,11.0,1.0,4.0,1.0,5.0,6.0,3.0,11.0,Graduation,Married,0,0,0,0,0,0,0
1976.0,36301.0,1.0,0.0,2013.8184931506848,53.0,11.0,12.0,35.0,3.0,5.0,12.0,1.0,3.0,0.0,3.0,7.0,3.0,11.0,2n Cycle,Together,0,0,0,0,0,0,0
1976.0,53204.0,1.0,1.0,2014.2214611872148,40.0,29.0,0.0,8.0,2.0,0.0,6.0,1.0,1.0,0.0,3.0,4.0,3.0,11.0,Master,Married,0,0,0,0,0,0,0
1967.0,75702.0,1.0,1.0,2012.6627853881278,77.0,650.0,28.0,353.0,45.0,42.0,30.0,5.0,4.0,6.0,11.0,8.0,3.0,11.0,Graduation,Together,0,0,0,0,0,0,0
1951.0,59412.0,0.0,0.0,2014.3020547945205,56.0,90.0,67.0,165.0,30.0,43.0,11.0,1.0,4.0,2.0,8.0,3.0,3.0,11.0,Master,Married,0,0,0,0,0,0,0
1991.0,68682.0,0.0,0.0,2013.7664383561644,56.0,919.0,0.0,505.0,99.0,30.0,45.0,1.0,4.0,9.0,10.0,2.0,3.0,11.0,PhD,Together,0,0,0,0,0,0,0
1986.0,42386.0,1.0,0.0,2013.035616438356,43.0,65.0,4.0,16.0,0.0,4.0,11.0,1.0,3.0,0.0,3.0,8.0,3.0,11.0,Master,Together,0,0,0,0,0,0,0
1951.0,57304.0,0.0,1.0,2013.1968036529681,61.0,356.0,80.0,329.0,138.0,17.0,106.0,2.0,7.0,6.0,10.0,5.0,3.0,11.0,Graduation,Married,0,0,0,0,0,0,0
1977.0,40246.0,1.0,0.0,2012.9687214611872,68.0,2.0,1.0,6.0,2.0,1.0,1.0,1.0,1.0,0.0,2.0,6.0,3.0,11.0,Graduation,Divorced,0,0,0,0,0,0,0
1983.0,50150.0,0.0,0.0,2013.4714611872148,32.0,135.0,46.0,92.0,65.0,61.0,11.0,2.0,5.0,2.0,7.0,5.0,3.0,11.0,PhD,Married,0,0,0,0,0,0,0
1965.0,71488.0,0.0,0.0,2013.1326484018264,87.0,162.0,33.0,124.0,40.0,28.0,172.0,2.0,3.0,4.0,7.0,1.0,3.0,11.0,2n Cycle,Together,0,0,0,0,0,0,0
1955.0,37244.0,1.0,1.0,2013.3239726027398,90.0,18.0,2.0,10.0,0.0,0.0,25.0,1.0,1.0,1.0,2.0,7.0,3.0,11.0,Graduation,Divorced,1,0,0,0,0,0,0
1982.0,50272.0,1.0,0.0,2013.602511415525,75.0,99.0,13.0,66.0,43.0,8.0,4.0,3.0,4.0,1.0,5.0,7.0,3.0,11.0,Graduation,Together,0,0,0,0,0,0,0
1985.0,30298.0,0.0,0.0,2014.3853881278537,48.0,6.0,3.0,12.0,6.0,1.0,0.0,1.0,1.0,1.0,3.0,3.0,3.0,11.0,PhD,Single,0,0,0,0,0,0,0
1975.0,33955.0,1.0,0.0,2013.60799086758,92.0,100.0,2.0,128.0,23.0,7.0,10.0,4.0,5.0,1.0,5.0,8.0,3.0,11.0,Graduation,Single,0,0,0,0,0,0,0
1958.0,74250.0,0.0,0.0,2014.0712328767124,90.0,680.0,11.0,392.0,75.0,0.0,0.0,1.0,2.0,11.0,4.0,1.0,3.0,11.0,PhD,Together,0,0,0,0,0,0,0
1952.0,77027.0,0.0,1.0,2014.0970319634703,23.0,820.0,57.0,242.0,45.0,0.0,11.0,2.0,8.0,3.0,6.0,4.0,3.0,11.0,Master,Married,0,0,0,0,0,0,0
1954.0,85683.0,0.0,0.0,2014.2242009132422,6.0,1296.0,17.0,311.0,45.0,69.0,51.0,1.0,2.0,4.0,10.0,1.0,3.0,11.0,Graduation,Divorced,0,1,1,1,0,1,1
1969.0,56796.0,0.0,1.0,2013.1271689497717,24.0,656.0,38.0,161.0,62.0,47.0,37.0,3.0,8.0,9.0,7.0,7.0,3.0,11.0,Graduation,Married,0,0,0,0,0,0,0
1944.0,82716.0,0.0,0.0,2013.8470319634703,8.0,606.0,148.0,228.0,15.0,148.0,22.0,1.0,6.0,8.0,13.0,2.0,3.0,11.0,PhD,Single,0,0,0,0,0,0,0
1974.0,20130.0,0.0,0.0,2014.2132420091325,99.0,0.0,6.0,3.0,7.0,6.0,12.0,1.0,1.0,0.0,3.0,8.0,3.0,11.0,2n Cycle,Married,0,0,0,0,0,0,0
1961.0,54456.0,0.0,1.0,2013.5301369863014,23.0,352.0,0.0,27.0,10.0,0.0,15.0,3.0,6.0,1.0,7.0,6.0,3.0,11.0,PhD,Married,0,0,0,0,0,0,0
1958.0,71964.0,0.0,0.0,2013.3881278538813,81.0,587.0,51.0,932.0,180.0,34.0,86.0,1.0,5.0,6.0,5.0,3.0,3.0,11.0,Graduation,Divorced,0,0,0,0,0,0,0
1961.0,49678.0,0.0,1.0,2013.088812785388,81.0,229.0,5.0,56.0,3.0,2.0,20.0,2.0,6.0,2.0,4.0,7.0,3.0,11.0,Graduation,Married,0,0,0,0,0,0,0
1980.0,36802.0,1.0,0.0,2014.4605022831051,23.0,16.0,1.0,2.0,0.0,0.0,1.0,1.0,1.0,0.0,3.0,5.0,3.0,11.0,PhD,Single,0,0,0,0,0,0,0
1940.0,51141.0,0.0,0.0,2013.521917808219,96.0,144.0,0.0,7.0,0.0,0.0,6.0,1.0,3.0,1.0,4.0,5.0,3.0,11.0,PhD,Single,0,0,0,0,0,0,0
1960.0,78468.0,0.0,0.0,2014.2746575342467,29.0,434.0,22.0,388.0,104.0,22.0,34.0,1.0,10.0,7.0,10.0,4.0,3.0,11.0,Graduation,Together,0,0,0,1,0,0,0
1974.0,33590.0,2.0,1.0,2013.8415525114156,65.0,4.0,0.0,2.0,0.0,0.0,2.0,1.0,1.0,0.0,2.0,7.0,3.0,11.0,Graduation,Together,0,0,0,0,0,0,0
1976.0,74068.0,0.0,0.0,2013.2187214611872,14.0,783.0,30.0,537.0,140.0,76.0,15.0,1.0,4.0,10.0,9.0,2.0,3.0,11.0,Graduation,Married,0,0,0,0,0,0,0
1970.0,31880.0,1.0,0.0,2012.8349315068492,13.0,4.0,1.0,5.0,2.0,0.0,3.0,1.0,1.0,0.0,2.0,8.0,3.0,11.0,Graduation,Widow,0,0,0,0,0,0,0
1957.0,50116.0,1.0,1.0,2014.4714611872148,68.0,54.0,0.0,10.0,0.0,0.0,2.0,2.0,1.0,0.0,4.0,5.0,3.0,11.0,Graduation,Together,0,1,0,0,0,0,0
1965.0,62745.0,0.0,1.0,2013.2296803652969,89.0,562.0,21.0,464.0,28.0,10.0,32.0,3.0,7.0,8.0,11.0,5.0,3.0,11.0,PhD,Married,0,0,0,0,0,0,0
1976.0,68397.0,0.0,1.0,2013.879908675799,6.0,760.0,80.0,466.0,17.0,13.0,80.0,1.0,6.0,9.0,5.0,3.0,3.0,11.0,PhD,Married,0,0,0,0,0,0,0
1954.0,74637.0,0.0,0.0,2013.3826484018264,73.0,960.0,64.0,464.0,146.0,0.0,16.0,1.0,6.0,9.0,9.0,3.0,3.0,11.0,PhD,Single,0,0,0,1,0,0,0
1974.0,79632.0,0.0,0.0,2014.271917808219,42.0,471.0,0.0,510.0,99.0,21.0,12.0,1.0,6.0,4.0,9.0,2.0,3.0,11.0,PhD,Together,0,0,0,0,0,0,0
1974.0,40049.0,0.0,1.0,2012.9127853881278,61.0,91.0,65.0,52.0,10.0,44.0,28.0,3.0,3.0,2.0,6.0,5.0,3.0,11.0,Graduation,Married,0,0,0,0,0,0,0
1975.0,56559.0,0.0,1.0,2012.9851598173516,46.0,226.0,22.0,133.0,41.0,31.0,31.0,3.0,4.0,3.0,8.0,4.0,3.0,11.0,PhD,Together,0,0,0,0,0,0,0
1977.0,102160.0,0.0,0.0,2012.838812785388,54.0,763.0,29.0,138.0,76.0,176.0,58.0,0.0,7.0,9.0,10.0,4.0,3.0,11.0,PhD,Together,0,1,1,1,0,0,1
1958.0,26490.0,0.0,0.0,2012.7269406392695,92.0,45.0,47.0,52.0,21.0,20.0,25.0,2.0,3.0,1.0,5.0,6.0,3.0,11.0,2n Cycle,Together,0,0,0,0,0,0,0
1963.0,77437.0,0.0,0.0,2013.9045662100457,70.0,560.0,21.0,442.0,29.0,44.0,29.0,1.0,4.0,5.0,13.0,1.0,3.0,11.0,Graduation,Married,0,0,1,0,0,0,0
1986.0,32880.0,1.0,0.0,2012.9276255707764,76.0,8.0,4.0,15.0,7.0,6.0,2.0,1.0,1.0,0.0,3.0,8.0,3.0,11.0,Graduation,Married,0,0,0,0,0,0,0
1976.0,37509.0,1.0,0.0,2012.6995433789955,24.0,37.0,5.0,56.0,12.0,8.0,5.0,2.0,3.0,0.0,4.0,7.0,3.0,11.0,Master,Together,0,0,0,0,0,0,0
1974.0,39190.0,1.0,0.0,2014.3212328767124,91.0,68.0,8.0,18.0,19.0,8.0,12.0,2.0,2.0,1.0,4.0,5.0,3.0,11.0,PhD,Single,0,0,0,0,0,0,0
1971.0,39791.0,0.0,1.0,2013.2433789954339,89.0,85.0,15.0,27.0,13.0,13.0,21.0,2.0,3.0,1.0,4.0,7.0,3.0,11.0,Master,Married,0,0,0,0,0,0,0
1958.0,65148.0,0.0,1.0,2012.8771689497717,9.0,460.0,35.0,422.0,33.0,12.0,153.0,2.0,6.0,6.0,7.0,4.0,3.0,11.0,Graduation,Married,0,0,0,0,0,0,0
1974.0,67445.0,0.0,1.0,2012.616210045662,63.0,757.0,80.0,217.0,29.0,80.0,11.0,5.0,9.0,6.0,12.0,6.0,3.0,11.0,Graduation,Married,0,0,0,0,0,0,0
1973.0,48432.0,0.0,1.0,2012.7993150684931,3.0,322.0,3.0,50.0,4.0,3.0,42.0,5.0,7.0,1.0,6.0,8.0,3.0,11.0,PhD,YOLO,0,0,0,0,0,0,0
1952.0,62307.0,0.0,1.0,2014.129908675799,94.0,87.0,13.0,34.0,10.0,6.0,10.0,1.0,4.0,0.0,4.0,5.0,3.0,11.0,Graduation,Single,0,0,0,0,0,0,0
1971.0,78041.0,0.0,0.0,2012.9605022831051,93.0,482.0,35.0,553.0,72.0,160.0,17.0,1.0,4.0,4.0,9.0,2.0,3.0,11.0,2n Cycle,Married,0,0,0,0,0,0,0
1978.0,37717.0,1.0,0.0,2012.8963470319634,31.0,9.0,0.0,6.0,4.0,1.0,5.0,1.0,1.0,0.0,2.0,9.0,3.0,11.0,PhD,Married,0,0,0,0,0,0,0
1978.0,36975.0,1.0,0.0,2013.9933789954339,50.0,10.0,6.0,11.0,0.0,4.0,2.0,1.0,1.0,0.0,3.0,7.0,3.0,11.0,2n Cycle,Single,0,0,0,0,0,0,0
1983.0,36790.0,0.0,0.0,2013.169406392694,14.0,3.0,3.0,14.0,15.0,21.0,10.0,1.0,2.0,1.0,2.0,9.0,3.0,11.0,Graduation,Married,0,0,0,0,0,0,1
1964.0,41638.0,0.0,1.0,2013.1189497716894,68.0,315.0,0.0,31.0,4.0,0.0,91.0,4.0,5.0,5.0,3.0,8.0,3.0,11.0,Graduation,Divorced,1,0,0,0,0,0,0
1973.0,3502.0,1.0,0.0,2013.285616438356,56.0,2.0,1.0,1.0,0.0,0.0,1.0,0.0,0.0,0.0,0.0,14.0,3.0,11.0,Graduation,Single,0,0,0,0,0,0,0
1959.0,78353.0,0.0,1.0,2013.2938356164384,51.0,752.0,122.0,476.0,39.0,153.0,34.0,1.0,10.0,2.0,11.0,8.0,3.0,11.0,2n Cycle,Divorced,0,0,0,0,0,0,0
1972.0,46053.0,1.0,0.0,2013.129908675799,46.0,56.0,10.0,92.0,19.0,7.0,25.0,3.0,3.0,2.0,4.0,5.0,3.0,11.0,Graduation,Together,0,0,0,0,0,0,0
1961.0,32583.0,1.0,1.0,2014.4577625570778,10.0,5.0,0.0,3.0,0.0,0.0,1.0,1.0,1.0,0.0,2.0,7.0,3.0,11.0,PhD,Together,0,0,0,0,0,0,0
1983.0,86580.0,0.0,0.0,2013.157305936073,72.0,532.0,21.0,127.0,26.0,20.0,20.0,0.0,4.0,2.0,5.0,1.0,3.0,11.0,PhD,Married,0,0,1,0,0,0,0
1990.0,91172.0,0.0,0.0,2013.2406392694065,94.0,162.0,28.0,818.0,0.0,28.0,56.0,0.0,4.0,3.0,7.0,3.0,3.0,11.0,Master,Single,1,0,1,1,0,1,1
1977.0,41443.0,1.0,0.0,2014.2527397260274,79.0,171.0,7.0,171.0,25.0,19.0,89.0,6.0,8.0,1.0,5.0,8.0,3.0,11.0,Graduation,Married,0,0,0,0,0,0,0
1969.0,69476.0,0.0,0.0,2013.7488584474886,3.0,260.0,86.0,559.0,63.0,9.0,67.0,1.0,4.0,6.0,4.0,2.0,3.0,11.0,PhD,Together,0,0,0,0,0,0,0
1971.0,32892.0,1.0,0.0,2014.401826484018,78.0,26.0,0.0,15.0,2.0,1.0,2.0,2.0,3.0,0.0,3.0,8.0,3.0,11.0,PhD,Together,0,0,0,0,0,0,0
1954.0,57333.0,0.0,1.0,2012.7269406392695,55.0,941.0,14.0,397.0,76.0,58.0,176.0,11.0,8.0,5.0,9.0,6.0,3.0,11.0,PhD,Divorced,0,0,0,0,0,0,1
1973.0,25410.0,1.0,0.0,2013.6682648401825,48.0,2.0,2.0,4.0,13.0,13.0,4.0,1.0,1.0,0.0,4.0,4.0,3.0,11.0,Graduation,Married,0,0,0,0,0,0,0
1965.0,40760.0,0.0,1.0,2013.6655251141551,64.0,70.0,0.0,17.0,0.0,0.0,6.0,2.0,2.0,1.0,3.0,6.0,3.0,11.0,PhD,Single,0,0,0,0,0,0,0
1987.0,67605.0,0.0,0.0,2013.251598173516,84.0,336.0,28.0,282.0,184.0,54.0,54.0,1.0,2.0,8.0,6.0,1.0,3.0,11.0,Graduation,Together,0,0,0,0,0,0,0
1974.0,53034.0,1.0,1.0,2013.4155251141551,30.0,160.0,15.0,196.0,15.0,11.0,50.0,8.0,6.0,1.0,7.0,8.0,3.0,11.0,Graduation,Divorced,0,0,0,0,0,0,0
1967.0,22574.0,2.0,1.0,2013.8267123287671,28.0,25.0,0.0,8.0,2.0,0.0,2.0,2.0,2.0,0.0,3.0,7.0,3.0,11.0,Graduation,Married,0,0,0,0,0,0,0
1960.0,28520.0,1.0,1.0,2013.4550228310502,55.0,11.0,0.0,10.0,0.0,2.0,20.0,1.0,1.0,1.0,2.0,6.0,3.0,11.0,Master,Married,0,0,0,0,0,0,0
1963.0,54414.0,1.0,1.0,2013.0630136986301,49.0,109.0,18.0,16.0,24.0,26.0,18.0,4.0,3.0,1.0,5.0,4.0,3.0,11.0,Graduation,Together,0,0,0,0,0,0,0
1981.0,88325.0,0.0,0.0,2014.0970319634703,42.0,519.0,71.0,860.0,93.0,27.0,53.0,1.0,6.0,2.0,9.0,2.0,3.0,11.0,Graduation,Together,0,0,0,0,0,0,0
1977.0,39771.0,1.0,0.0,2013.9331050228311,92.0,6.0,2.0,18.0,2.0,8.0,14.0,1.0,2.0,0.0,3.0,4.0,3.0,11.0,Graduation,Together,0,0,0,0,0,0,0
1964.0,55761.0,0.0,1.0,2014.3157534246575,97.0,136.0,1.0,12.0,0.0,3.0,32.0,2.0,4.0,1.0,3.0,6.0,3.0,11.0,Graduation,Together,0,1,0,0,0,0,0
1979.0,7500.0,1.0,0.0,2013.352511415525,7.0,2.0,8.0,11.0,3.0,8.0,21.0,4.0,3.0,2.0,2.0,7.0,3.0,11.0,2n Cycle,Together,0,0,0,0,0,0,0
1953.0,94384.0,0.0,0.0,2013.1776255707764,62.0,1111.0,24.0,790.0,160.0,45.0,172.0,0.0,5.0,8.0,5.0,2.0,3.0,11.0,Graduation,Together,0,1,1,1,0,0,1
1982.0,32313.0,1.0,0.0,2013.1134703196346,60.0,86.0,4.0,56.0,2.0,4.0,7.0,3.0,4.0,0.0,4.0,9.0,3.0,11.0,PhD,Together,0,0,0,0,0,0,0
1954.0,62820.0,0.0,0.0,2013.3634703196346,51.0,398.0,61.0,265.0,138.0,61.0,53.0,1.0,3.0,4.0,6.0,1.0,3.0,11.0,Graduation,Married,0,0,0,0,0,0,0
1956.0,86424.0,0.0,0.0,2014.263698630137,12.0,387.0,68.0,569.0,89.0,45.0,68.0,1.0,6.0,9.0,12.0,1.0,3.0,11.0,Master,Single,0,0,0,0,0,0,0
1958.0,46692.0,0.0,1.0,2013.4331050228311,37.0,170.0,6.0,97.0,24.0,12.0,88.0,3.0,6.0,1.0,5.0,6.0,3.0,11.0,Master,Together,0,0,0,0,0,0,0
1977.0,55842.0,0.0,1.0,2014.3963470319634,19.0,451.0,0.0,39.0,0.0,4.0,24.0,1.0,7.0,1.0,8.0,5.0,3.0,11.0,Master,Married,0,0,0,0,0,0,0
1951.0,43185.0,0.0,1.0,2013.277397260274,88.0,537.0,6.0,42.0,16.0,6.0,30.0,2.0,9.0,3.0,6.0,8.0,3.0,11.0,Graduation,Divorced,0,0,0,0,0,0,0
1978.0,54880.0,1.0,0.0,2013.169406392694,57.0,308.0,85.0,137.0,102.0,45.0,118.0,2.0,6.0,2.0,11.0,5.0,3.0,11.0,PhD,Single,0,0,0,0,0,0,0
1943.0,57513.0,0.0,0.0,2013.5164383561644,59.0,735.0,40.0,183.0,52.0,20.0,30.0,2.0,9.0,3.0,13.0,6.0,3.0,11.0,PhD,Widow,0,0,0,0,0,0,0
1966.0,70287.0,0.0,0.0,2013.2554794520547,30.0,295.0,35.0,482.0,121.0,120.0,40.0,1.0,5.0,5.0,10.0,3.0,3.0,11.0,Graduation,Divorced,0,0,0,0,0,0,1
1971.0,32892.0,1.0,0.0,2014.401826484018,78.0,26.0,0.0,15.0,2.0,1.0,2.0,2.0,3.0,0.0,3.0,8.0,3.0,11.0,PhD,Together,0,0,0,0,0,0,0
1955.0,58275.0,1.0,1.0,2013.4221461187215,48.0,189.0,10.0,253.0,56.0,43.0,64.0,6.0,8.0,2.0,7.0,7.0,3.0,11.0,Graduation,Widow,0,0,0,0,0,0,0
1996.0,7500.0,0.0,0.0,2012.85799086758,24.0,3.0,18.0,14.0,15.0,22.0,50.0,3.0,3.0,1.0,3.0,9.0,3.0,11.0,2n Cycle,Married,0,0,0,0,0,0,1
1953.0,67087.0,0.0,1.0,2013.9632420091325,40.0,329.0,35.0,222.0,130.0,35.0,43.0,2.0,7.0,5.0,8.0,4.0,3.0,11.0,Master,Married,0,0,0,0,0,0,0
1975.0,30801.0,0.0,1.0,2012.8212328767124,23.0,8.0,4.0,5.0,15.0,2.0,11.0,2.0,1.0,0.0,3.0,7.0,3.0,11.0,Basic,Married,0,0,0,0,0,0,0
1972.0,84906.0,0.0,0.0,2013.7609589041097,98.0,997.0,15.0,414.0,99.0,30.0,76.0,1.0,5.0,6.0,12.0,2.0,3.0,11.0,Graduation,Together,0,1,1,0,0,1,0
1960.0,19740.0,0.0,1.0,2013.2324200913242,65.0,7.0,11.0,3.0,10.0,4.0,20.0,2.0,1.0,1.0,3.0,5.0,3.0,11.0,Graduation,Together,0,0,0,0,0,0,0
1975.0,40794.0,0.0,1.0,2013.2691780821917,18.0,261.0,23.0,73.0,4.0,23.0,50.0,2.0,6.0,3.0,5.0,7.0,3.0,11.0,Graduation,Married,0,0,0,0,0,0,0
1960.0,62204.0,0.0,2.0,2012.6995433789955,38.0,317.0,46.0,247.0,151.0,46.0,139.0,1.0,4.0,5.0,12.0,3.0,3.0,11.0,Graduation,Divorced,0,0,0,0,0,0,0
1960.0,30522.0,0.0,1.0,2012.629908675799,6.0,179.0,8.0,83.0,19.0,11.0,26.0,5.0,1.0,2.0,9.0,2.0,3.0,11.0,Master,Married,0,0,0,0,0,0,0
1982.0,19444.0,1.0,0.0,2014.143607305936,8.0,16.0,0.0,23.0,3.0,2.0,10.0,3.0,4.0,1.0,2.0,7.0,3.0,11.0,Graduation,Together,0,0,0,0,0,0,1
1959.0,89120.0,0.0,0.0,2014.2132420091325,78.0,1168.0,92.0,408.0,72.0,129.0,55.0,1.0,5.0,6.0,7.0,1.0,3.0,11.0,Master,Together,0,0,1,0,0,0,0
1986.0,79529.0,0.0,0.0,2014.3239726027398,1.0,423.0,42.0,706.0,73.0,197.0,197.0,1.0,4.0,8.0,9.0,2.0,3.0,11.0,Graduation,Married,0,0,0,0,0,0,0
1976.0,70179.0,0.0,1.0,2013.5575342465754,10.0,532.0,88.0,168.0,69.0,44.0,133.0,3.0,7.0,3.0,13.0,5.0,3.0,11.0,PhD,Divorced,0,0,0,0,0,0,0
1954.0,79865.0,0.0,1.0,2014.4659817351599,12.0,71.0,99.0,278.0,185.0,121.0,38.0,1.0,5.0,10.0,5.0,1.0,3.0,11.0,Graduation,Divorced,0,0,0,0,0,0,0
1955.0,80395.0,0.0,0.0,2013.8963470319634,62.0,445.0,25.0,706.0,80.0,76.0,48.0,1.0,6.0,5.0,12.0,2.0,3.0,11.0,Graduation,Married,0,0,0,1,0,0,0
1956.0,46097.0,0.0,1.0,2013.251598173516,11.0,72.0,24.0,68.0,65.0,4.0,8.0,5.0,3.0,1.0,6.0,4.0,3.0,11.0,Graduation,Together,0,0,0,0,0,0,0
1962.0,72025.0,0.0,0.0,2012.879908675799,27.0,833.0,33.0,549.0,151.0,133.0,233.0,1.0,4.0,3.0,8.0,3.0,3.0,11.0,Graduation,Together,0,0,0,0,0,0,0
1957.0,66636.0,0.0,0.0,2013.629908675799,64.0,291.0,10.0,689.0,84.0,10.0,0.0,1.0,3.0,4.0,9.0,1.0,3.0,11.0,Master,Together,0,0,0,0,0,0,0
1984.0,27255.0,1.0,0.0,2013.852511415525,3.0,22.0,1.0,11.0,0.0,1.0,2.0,1.0,1.0,0.0,3.0,7.0,3.0,11.0,Graduation,Married,0,0,0,0,0,0,0
1958.0,84460.0,0.0,0.0,2013.0109589041097,80.0,152.0,27.0,103.0,106.0,54.0,81.0,0.0,9.0,9.0,4.0,5.0,3.0,11.0,PhD,Together,0,1,1,1,0,1,1
1943.0,48948.0,0.0,0.0,2013.0860730593606,53.0,437.0,8.0,206.0,160.0,49.0,42.0,2.0,7.0,10.0,5.0,6.0,3.0,11.0,PhD,Divorced,1,0,0,0,0,0,1
1978.0,63693.0,0.0,1.0,2013.7883561643835,63.0,587.0,43.0,337.0,42.0,87.0,54.0,3.0,11.0,6.0,9.0,6.0,3.0,11.0,Graduation,Divorced,0,0,0,0,0,0,0
1975.0,58330.0,0.0,1.0,2013.9851598173516,87.0,445.0,53.0,213.0,104.0,98.0,151.0,1.0,6.0,4.0,13.0,4.0,3.0,11.0,Graduation,Widow,0,0,0,0,0,0,0
1948.0,83837.0,0.0,0.0,2012.9605022831051,79.0,847.0,66.0,119.0,86.0,89.0,111.0,1.0,9.0,10.0,5.0,4.0,3.0,11.0,PhD,Married,0,1,0,1,0,0,1
1985.0,55357.0,2.0,0.0,2013.1353881278537,66.0,374.0,64.0,116.0,84.0,25.0,64.0,3.0,6.0,2.0,11.0,5.0,3.0,11.0,Graduation,Married,0,0,0,0,0,0,0
1952.0,75127.0,0.0,0.0,2014.393607305936,92.0,203.0,35.0,305.0,46.0,17.0,227.0,1.0,2.0,11.0,5.0,1.0,3.0,11.0,Graduation,Single,0,0,0,0,0,0,0
1978.0,22775.0,1.0,0.0,2013.4687214611872,40.0,5.0,1.0,8.0,0.0,0.0,1.0,1.0,1.0,0.0,2.0,8.0,3.0,11.0,Graduation,Together,0,0,0,0,0,0,0
1953.0,84953.0,0.0,0.0,2013.424885844749,73.0,167.0,48.0,602.0,63.0,72.0,72.0,1.0,3.0,10.0,4.0,2.0,3.0,11.0,Master,Widow,0,1,1,1,0,0,1
1972.0,49854.0,1.0,0.0,2013.8607305936073,63.0,123.0,17.0,171.0,39.0,0.0,30.0,5.0,6.0,2.0,5.0,6.0,3.0,11.0,Master,Together,0,0,0,0,0,0,0
1948.0,70666.0,0.0,0.0,2013.9331050228311,29.0,398.0,40.0,367.0,119.0,122.0,30.0,1.0,7.0,4.0,4.0,4.0,3.0,11.0,Graduation,Together,0,0,0,0,0,0,0
1946.0,82800.0,0.0,0.0,2012.8990867579907,23.0,1006.0,22.0,115.0,59.0,68.0,45.0,1.0,7.0,6.0,12.0,3.0,3.0,11.0,PhD,Single,0,0,1,1,0,0,1
1959.0,87771.0,0.0,1.0,2013.393607305936,61.0,1492.0,38.0,287.0,50.0,57.0,33.0,1.0,5.0,10.0,4.0,6.0,3.0,11.0,Graduation,Together,0,1,1,1,0,1,1
1977.0,69389.0,0.0,1.0,2012.7433789954339,17.0,422.0,7.0,238.0,69.0,46.0,15.0,1.0,7.0,2.0,12.0,4.0,3.0,11.0,PhD,Married,0,0,0,0,0,0,0
1971.0,43824.0,1.0,1.0,2012.7077625570778,18.0,96.0,1.0,42.0,12.0,3.0,32.0,4.0,3.0,1.0,4.0,8.0,3.0,11.0,Graduation,Married,0,0,0,0,0,0,0
1975.0,81169.0,0.0,0.0,2013.2883561643835,47.0,1288.0,20.0,613.0,80.0,61.0,27.0,1.0,5.0,7.0,9.0,2.0,3.0,11.0,Master,Single,0,0,0,0,0,0,0
1964.0,65526.0,0.0,1.0,2014.2801369863014,22.0,397.0,19.0,69.0,12.0,0.0,9.0,1.0,4.0,4.0,8.0,2.0,3.0,11.0,PhD,Married,0,0,0,0,0,0,0
1965.0,53843.0,0.0,1.0,2013.4906392694065,64.0,378.0,0.0,88.0,19.0,4.0,73.0,4.0,8.0,5.0,3.0,7.0,3.0,11.0,Master,Married,0,0,0,0,0,0,0
1989.0,38360.0,1.0,0.0,2013.4182648401825,26.0,36.0,2.0,42.0,20.0,21.0,10.0,2.0,2.0,1.0,4.0,3.0,3.0,11.0,Graduation,Married,0,0,0,0,0,0,0
1976.0,31615.0,1.0,0.0,2013.2105022831051,82.0,2.0,3.0,20.0,6.0,11.0,9.0,2.0,2.0,0.0,3.0,7.0,3.0,11.0,Graduation,Divorced,0,0,0,0,0,0,0
1980.0,34968.0,1.0,0.0,2013.277397260274,11.0,158.0,6.0,45.0,8.0,2.0,2.0,7.0,3.0,2.0,5.0,7.0,3.0,11.0,Graduation,Married,0,0,0,0,0,0,0
1985.0,23148.0,0.0,0.0,2014.1326484018264,83.0,4.0,6.0,8.0,6.0,3.0,10.0,1.0,2.0,0.0,3.0,7.0,3.0,11.0,2n Cycle,Married,0,0,0,0,0,0,0
1981.0,41967.0,1.0,1.0,2013.8963470319634,66.0,23.0,4.0,10.0,0.0,2.0,15.0,1.0,1.0,0.0,3.0,4.0,3.0,11.0,Graduation,Single,0,0,0,0,0,0,0
1949.0,26518.0,1.0,1.0,2013.271917808219,33.0,20.0,1.0,28.0,3.0,3.0,2.0,3.0,2.0,0.0,3.0,8.0,3.0,11.0,PhD,Single,0,0,0,0,0,0,1
1975.0,53253.0,1.0,1.0,2013.1134703196346,61.0,216.0,9.0,57.0,20.0,9.0,125.0,7.0,4.0,3.0,5.0,5.0,3.0,11.0,Master,Together,0,0,0,0,0,0,0
1949.0,81698.0,0.0,0.0,2013.8497716894976,4.0,179.0,28.0,520.0,111.0,123.0,47.0,1.0,3.0,8.0,13.0,1.0,3.0,11.0,Master,Married,0,0,0,0,0,0,1
1970.0,64413.0,0.0,1.0,2013.5860730593606,27.0,200.0,5.0,44.0,0.0,10.0,20.0,1.0,5.0,1.0,5.0,5.0,3.0,11.0,PhD,Together,0,0,0,0,0,0,0
1956.0,55284.0,0.0,1.0,2012.9824200913242,60.0,547.0,7.0,140.0,0.0,7.0,63.0,3.0,7.0,5.0,8.0,5.0,3.0,11.0,Master,Single,0,0,0,0,0,0,0
1973.0,79593.0,0.0,0.0,2014.366210045662,70.0,350.0,60.0,568.0,110.0,133.0,145.0,1.0,5.0,6.0,7.0,2.0,3.0,11.0,Graduation,Married,0,0,1,0,0,0,0
1978.0,31626.0,1.0,0.0,2013.3607305936073,12.0,39.0,1.0,9.0,2.0,1.0,34.0,1.0,2.0,1.0,2.0,7.0,3.0,11.0,PhD,Single,1,0,0,0,0,0,1
1976.0,26907.0,1.0,1.0,2013.6381278538813,10.0,9.0,1.0,7.0,0.0,3.0,2.0,2.0,1.0,0.0,3.0,7.0,3.0,11.0,2n Cycle,Together,0,0,0,0,0,0,0
1956.0,67131.0,0.0,1.0,2013.2378995433792,72.0,465.0,71.0,250.0,93.0,35.0,62.0,3.0,9.0,2.0,12.0,6.0,3.0,11.0,Graduation,Married,0,0,0,0,0,0,0
1968.0,38443.0,1.0,1.0,2014.0739726027398,58.0,32.0,0.0,5.0,0.0,0.0,1.0,2.0,1.0,0.0,3.0,7.0,3.0,11.0,PhD,Married,0,0,0,0,0,0,0
1963.0,66313.0,0.0,1.0,2013.7105022831051,86.0,625.0,7.0,99.0,10.0,22.0,7.0,2.0,6.0,3.0,12.0,4.0,3.0,11.0,PhD,Together,0,0,0,0,0,0,0
1984.0,14796.0,1.0,0.0,2012.7132420091325,1.0,13.0,3.0,8.0,7.0,4.0,16.0,2.0,1.0,0.0,3.0,9.0,3.0,11.0,2n Cycle,Married,0,0,0,0,0,0,1
1968.0,83664.0,1.0,1.0,2013.3552511415523,57.0,866.0,21.0,151.0,28.0,21.0,86.0,3.0,2.0,2.0,12.0,5.0,3.0,11.0,PhD,Divorced,0,0,0,0,0,0,0
1965.0,51390.0,1.0,1.0,2012.6885844748858,54.0,205.0,20.0,47.0,23.0,2.0,56.0,6.0,5.0,2.0,5.0,5.0,3.0,11.0,Master,Widow,0,0,0,0,0,0,0
1944.0,55956.0,0.0,0.0,2014.2691780821917,22.0,760.0,38.0,104.0,50.0,9.0,38.0,2.0,7.0,3.0,4.0,4.0,3.0,11.0,Graduation,Married,0,1,0,0,0,0,0
1956.0,64090.0,0.0,1.0,2013.602511415525,8.0,316.0,58.0,161.0,76.0,51.0,135.0,1.0,6.0,9.0,4.0,5.0,3.0,11.0,Graduation,Together,0,0,0,0,0,0,1
1951.0,57530.0,0.0,1.0,2013.7828767123287,68.0,50.0,1.0,27.0,6.0,7.0,1.0,1.0,1.0,1.0,4.0,1.0,3.0,11.0,Master,Divorced,0,0,0,0,0,0,0
1956.0,64857.0,0.0,0.0,2012.8963470319634,78.0,556.0,14.0,717.0,210.0,0.0,43.0,1.0,7.0,5.0,10.0,4.0,3.0,11.0,Master,Single,0,0,0,0,0,0,0
1973.0,31163.0,1.0,0.0,2014.1189497716894,54.0,2.0,3.0,10.0,11.0,2.0,10.0,1.0,1.0,0.0,3.0,6.0,3.0,11.0,2n Cycle,Divorced,0,0,0,0,0,0,0
1949.0,54356.0,0.0,1.0,2012.8853881278537,62.0,710.0,15.0,30.0,20.0,0.0,0.0,3.0,11.0,2.0,8.0,8.0,3.0,11.0,PhD,Widow,0,0,0,0,0,0,1
1956.0,50943.0,0.0,1.0,2013.4742009132422,49.0,31.0,0.0,7.0,2.0,0.0,6.0,1.0,1.0,0.0,3.0,5.0,3.0,11.0,Master,Together,0,0,0,0,0,0,0
1972.0,80134.0,1.0,0.0,2013.3881278538813,40.0,1218.0,16.0,272.0,104.0,0.0,80.0,2.0,5.0,3.0,6.0,6.0,3.0,11.0,Graduation,Married,0,1,1,1,0,0,1
1963.0,33378.0,1.0,1.0,2013.0997716894976,38.0,33.0,6.0,40.0,3.0,7.0,10.0,3.0,2.0,0.0,4.0,7.0,3.0,11.0,Graduation,Divorced,0,0,0,0,0,0,0
1969.0,38361.0,1.0,0.0,2013.9906392694065,74.0,39.0,0.0,56.0,20.0,8.0,14.0,3.0,3.0,1.0,3.0,7.0,3.0,11.0,Graduation,Together,0,0,0,0,0,0,0
1970.0,19656.0,1.0,0.0,2013.1052511415523,94.0,25.0,4.0,9.0,6.0,8.0,32.0,3.0,2.0,1.0,3.0,7.0,3.0,11.0,Graduation,Together,0,0,0,0,0,0,0
1952.0,81795.0,0.0,0.0,2012.8212328767124,74.0,324.0,132.0,693.0,27.0,118.0,88.0,1.0,4.0,11.0,7.0,2.0,3.0,11.0,Graduation,Married,0,0,0,0,0,0,0
1995.0,71163.0,0.0,0.0,2014.1913242009134,30.0,283.0,17.0,372.0,138.0,106.0,44.0,1.0,3.0,8.0,12.0,1.0,3.0,11.0,Graduation,Single,0,0,0,0,0,0,0
1959.0,33051.0,0.0,0.0,2012.6271689497717,15.0,100.0,71.0,243.0,108.0,94.0,219.0,3.0,9.0,1.0,8.0,9.0,3.0,11.0,Master,Widow,0,0,0,0,0,0,1
1972.0,56721.0,1.0,1.0,2012.8349315068492,64.0,157.0,6.0,39.0,6.0,13.0,75.0,5.0,4.0,1.0,5.0,6.0,3.0,11.0,Graduation,Married,0,0,0,0,0,0,0
1982.0,24367.0,1.0,0.0,2013.2214611872148,58.0,2.0,4.0,2.0,0.0,11.0,5.0,1.0,1.0,0.0,2.0,9.0,3.0,11.0,Basic,Single,0,0,0,0,0,0,0
1967.0,22574.0,2.0,1.0,2013.8267123287671,28.0,25.0,0.0,8.0,2.0,0.0,2.0,2.0,2.0,0.0,3.0,7.0,3.0,11.0,Graduation,Married,0,0,0,0,0,0,0
1952.0,82623.0,0.0,0.0,2013.8607305936073,58.0,204.0,34.0,204.0,172.0,153.0,173.0,1.0,2.0,9.0,4.0,1.0,3.0,11.0,Graduation,Divorced,0,0,0,0,0,0,0
1973.0,22682.0,1.0,0.0,2013.7582191780823,51.0,10.0,14.0,29.0,4.0,2.0,36.0,3.0,2.0,1.0,4.0,4.0,3.0,11.0,Graduation,Together,0,0,0,0,0,0,0
1961.0,36443.0,1.0,1.0,2013.0915525114156,9.0,65.0,0.0,46.0,4.0,3.0,20.0,4.0,3.0,1.0,3.0,8.0,3.0,11.0,Graduation,Married,0,0,0,0,0,0,0
1958.0,65196.0,0.0,2.0,2013.5684931506848,34.0,743.0,19.0,181.0,12.0,0.0,200.0,2.0,7.0,6.0,11.0,5.0,3.0,11.0,Graduation,Together,1,0,0,0,0,0,0
1972.0,,1.0,0.0,2014.1721461187215,17.0,25.0,1.0,13.0,0.0,0.0,3.0,1.0,1.0,0.0,3.0,7.0,3.0,11.0,PhD,Together,0,0,0,0,0,0,0
1960.0,41275.0,1.0,2.0,2014.2324200913242,33.0,24.0,4.0,22.0,0.0,2.0,9.0,4.0,3.0,1.0,3.0,5.0,3.0,11.0,Master,Together,0,0,0,0,0,0,0
1971.0,71499.0,0.0,1.0,2013.4851598173516,12.0,465.0,25.0,132.0,136.0,0.0,37.0,2.0,8.0,3.0,13.0,4.0,3.0,11.0,Master,Together,0,0,0,0,0,0,0
1957.0,73803.0,0.0,1.0,2012.5860730593606,61.0,833.0,80.0,363.0,52.0,26.0,174.0,2.0,9.0,5.0,6.0,6.0,3.0,11.0,Graduation,Married,1,0,0,0,0,0,1
1959.0,34242.0,0.0,1.0,2014.2296803652969,25.0,8.0,2.0,4.0,0.0,0.0,1.0,1.0,0.0,0.0,3.0,5.0,3.0,11.0,Master,Married,0,0,0,0,0,0,0
1948.0,46681.0,0.0,2.0,2013.771917808219,52.0,269.0,15.0,69.0,15.0,19.0,38.0,2.0,4.0,6.0,4.0,5.0,3.0,11.0,PhD,Together,0,0,0,0,0,0,0
1959.0,67786.0,0.0,0.0,2013.9358447488585,0.0,431.0,82.0,441.0,80.0,20.0,102.0,1.0,3.0,6.0,6.0,1.0,3.0,11.0,PhD,Widow,0,0,0,0,0,0,1
1975.0,47682.0,0.0,1.0,2013.1244292237443,80.0,162.0,61.0,83.0,97.0,57.0,61.0,4.0,4.0,3.0,8.0,5.0,3.0,11.0,2n Cycle,Widow,0,0,0,0,0,0,0
1983.0,31788.0,1.0,0.0,2014.2214611872148,15.0,16.0,7.0,23.0,0.0,8.0,6.0,3.0,3.0,0.0,4.0,5.0,3.0,11.0,Master,Single,0,0,0,0,1,0,0
1956.0,69245.0,0.0,1.0,2014.0657534246575,8.0,428.0,30.0,214.0,80.0,30.0,61.0,2.0,6.0,5.0,10.0,3.0,3.0,11.0,Master,Together,0,0,0,0,0,0,0
1982.0,45203.0,2.0,0.0,2014.2296803652969,4.0,35.0,3.0,67.0,10.0,8.0,24.0,1.0,3.0,1.0,3.0,6.0,3.0,11.0,Graduation,Together,0,0,0,0,0,0,1
1969.0,43641.0,1.0,1.0,2013.3102739726028,50.0,57.0,2.0,51.0,4.0,2.0,23.0,3.0,2.0,1.0,4.0,6.0,3.0,11.0,Master,Married,0,0,0,0,0,0,0
1972.0,86857.0,0.0,0.0,2012.6995433789955,96.0,899.0,102.0,838.0,133.0,102.0,40.0,1.0,5.0,6.0,10.0,2.0,3.0,11.0,PhD,Single,0,0,0,0,0,0,1
1968.0,27071.0,1.0,0.0,2014.3130136986301,90.0,8.0,3.0,19.0,0.0,2.0,3.0,2.0,2.0,0.0,3.0,6.0,3.0,11.0,Master,Divorced,0,0,0,0,0,0,0
1957.0,54237.0,0.0,1.0,2013.3239726027398,48.0,267.0,3.0,30.0,4.0,0.0,57.0,4.0,5.0,2.0,5.0,6.0,3.0,11.0,PhD,Divorced,0,0,0,0,0,0,0
1952.0,61010.0,0.0,1.0,2012.7746575342467,57.0,888.0,0.0,57.0,0.0,0.0,76.0,2.0,8.0,5.0,11.0,5.0,3.0,11.0,PhD,Together,0,0,0,0,0,0,0
1974.0,47889.0,1.0,0.0,2014.0109589041097,94.0,29.0,0.0,29.0,0.0,5.0,4.0,1.0,2.0,0.0,3.0,5.0,3.0,11.0,Graduation,Together,0,0,0,0,0,0,0
1993.0,74293.0,0.0,0.0,2014.344292237443,66.0,375.0,152.0,335.0,93.0,91.0,81.0,1.0,5.0,4.0,6.0,2.0,3.0,11.0,Graduation,Single,0,0,0,0,0,0,0
1960.0,98777.0,0.0,0.0,2014.129908675799,23.0,1000.0,19.0,711.0,125.0,115.0,38.0,0.0,4.0,6.0,9.0,1.0,3.0,11.0,Master,Single,0,1,0,0,0,0,0
1989.0,46107.0,1.0,0.0,2014.1107305936073,78.0,31.0,9.0,27.0,16.0,9.0,33.0,1.0,1.0,1.0,4.0,3.0,3.0,11.0,Graduation,Single,0,0,0,0,0,0,0
1955.0,62535.0,0.0,1.0,2013.7582191780823,13.0,163.0,48.0,90.0,0.0,45.0,52.0,1.0,3.0,2.0,8.0,3.0,3.0,11.0,Graduation,Single,0,0,0,0,0,0,0
1978.0,77583.0,0.0,0.0,2014.1107305936073,93.0,372.0,23.0,384.0,250.0,12.0,108.0,1.0,4.0,5.0,9.0,2.0,3.0,11.0,Graduation,Married,0,0,0,1,0,0,0
1960.0,92556.0,0.0,0.0,2014.304794520548,32.0,493.0,183.0,352.0,184.0,23.0,28.0,0.0,3.0,5.0,13.0,0.0,3.0,11.0,2n Cycle,Together,0,0,0,0,0,0,0
1970.0,44802.0,0.0,0.0,2012.6408675799087,71.0,853.0,10.0,143.0,13.0,10.0,20.0,2.0,9.0,4.0,12.0,8.0,3.0,11.0,Master,Single,0,0,0,0,0,0,0
1991.0,90273.0,0.0,0.0,2013.9550228310502,32.0,704.0,129.0,853.0,120.0,74.0,111.0,1.0,5.0,6.0,7.0,2.0,3.0,11.0,Graduation,Single,0,1,1,1,0,0,1
1983.0,70123.0,0.0,0.0,2013.7433789954339,27.0,1308.0,0.0,396.0,23.0,0.0,0.0,1.0,5.0,7.0,4.0,3.0,3.0,11.0,PhD,Together,0,1,0,0,0,1,0
1965.0,55250.0,0.0,1.0,2012.8075342465754,49.0,664.0,58.0,83.0,32.0,0.0,66.0,4.0,7.0,5.0,10.0,5.0,3.0,11.0,Master,Single,0,0,0,0,0,0,0
1964.0,48920.0,0.0,2.0,2013.804794520548,93.0,238.0,17.0,68.0,8.0,10.0,6.0,3.0,6.0,2.0,5.0,7.0,3.0,11.0,Graduation,Married,0,1,0,0,0,0,0
1973.0,57100.0,0.0,0.0,2013.9276255707764,19.0,181.0,21.0,69.0,39.0,3.0,96.0,1.0,3.0,3.0,6.0,3.0,3.0,11.0,Graduation,Together,0,0,0,0,0,0,0
1971.0,47111.0,0.0,1.0,2012.6885844748858,35.0,595.0,71.0,153.0,120.0,112.0,41.0,6.0,3.0,2.0,10.0,9.0,3.0,11.0,PhD,Widow,0,0,0,0,0,0,0
1949.0,69098.0,0.0,0.0,2013.1271689497717,82.0,1315.0,22.0,780.0,145.0,0.0,178.0,1.0,7.0,8.0,9.0,5.0,3.0,11.0,PhD,Married,0,0,0,0,0,0,0
1970.0,74854.0,1.0,2.0,2013.271917808219,90.0,856.0,59.0,487.0,58.0,29.0,73.0,7.0,2.0,5.0,5.0,5.0,3.0,11.0,Graduation,Together,0,0,0,0,0,0,0
1978.0,25851.0,1.0,0.0,2013.1134703196346,45.0,9.0,4.0,18.0,7.0,5.0,5.0,2.0,2.0,0.0,3.0,7.0,3.0,11.0,Graduation,Together,0,0,0,0,0,0,0
1960.0,22123.0,0.0,0.0,2014.2406392694065,77.0,3.0,3.0,24.0,34.0,7.0,31.0,1.0,2.0,1.0,3.0,5.0,3.0,11.0,Basic,Widow,0,0,0,0,0,0,0
1968.0,48985.0,0.0,1.0,2013.513698630137,13.0,19.0,13.0,18.0,10.0,7.0,8.0,1.0,1.0,1.0,3.0,3.0,3.0,11.0,2n Cycle,Married,0,0,0,0,0,0,0
1964.0,63404.0,0.0,2.0,2014.4331050228311,97.0,734.0,26.0,70.0,11.0,44.0,17.0,2.0,6.0,3.0,4.0,4.0,3.0,11.0,Graduation,Together,0,0,0,1,0,0,0
1982.0,69109.0,0.0,0.0,2012.85799086758,10.0,823.0,25.0,459.0,124.0,29.0,95.0,1.0,6.0,6.0,7.0,4.0,3.0,11.0,Graduation,Married,0,0,1,0,0,0,1
1980.0,43586.0,0.0,1.0,2012.6655251141551,26.0,99.0,2.0,11.0,4.0,0.0,16.0,3.0,3.0,0.0,4.0,8.0,3.0,11.0,Graduation,Married,0,0,0,0,0,0,0
1992.0,17256.0,1.0,0.0,2013.8963470319634,10.0,6.0,4.0,14.0,8.0,8.0,22.0,2.0,2.0,1.0,2.0,8.0,3.0,11.0,Basic,Married,1,0,0,0,0,0,0
1979.0,75507.0,0.0,0.0,2014.338812785388,56.0,709.0,93.0,374.0,104.0,80.0,80.0,1.0,8.0,6.0,6.0,3.0,3.0,11.0,Graduation,Together,0,0,0,0,0,0,0
1975.0,46098.0,1.0,1.0,2012.6326484018264,86.0,57.0,0.0,27.0,0.0,0.0,36.0,4.0,3.0,2.0,2.0,8.0,3.0,11.0,Master,Single,0,0,0,0,0,0,0
1956.0,48195.0,1.0,1.0,2014.0575342465754,53.0,106.0,27.0,68.0,52.0,7.0,5.0,6.0,4.0,2.0,5.0,6.0,3.0,11.0,Graduation,Married,0,0,0,0,0,0,0
1966.0,69063.0,0.0,1.0,2012.852511415525,16.0,666.0,35.0,124.0,69.0,8.0,26.0,1.0,5.0,3.0,5.0,3.0,3.0,11.0,PhD,Married,0,0,0,0,0,0,0
1988.0,45204.0,1.0,0.0,2014.2801369863014,93.0,30.0,11.0,25.0,29.0,1.0,18.0,1.0,1.0,1.0,4.0,3.0,3.0,11.0,2n Cycle,Together,0,0,0,0,0,0,0
1964.0,18701.0,1.0,1.0,2013.4276255707764,95.0,12.0,4.0,2.0,10.0,6.0,10.0,4.0,2.0,0.0,4.0,5.0,3.0,11.0,Graduation,Single,0,0,0,0,0,0,0
1980.0,45889.0,0.0,1.0,2013.5054794520547,42.0,31.0,0.0,6.0,0.0,1.0,8.0,1.0,1.0,0.0,3.0,6.0,3.0,11.0,2n Cycle,Single,0,0,0,0,0,0,0
1964.0,78825.0,0.0,0.0,2012.7050228310502,35.0,483.0,74.0,114.0,169.0,37.0,18.0,1.0,5.0,10.0,13.0,3.0,3.0,11.0,PhD,Divorced,0,0,0,0,0,0,1
1971.0,34109.0,0.0,1.0,2013.8497716894976,39.0,9.0,1.0,5.0,2.0,1.0,4.0,1.0,0.0,0.0,3.0,4.0,3.0,11.0,Master,Married,0,0,0,0,0,0,0
1970.0,72967.0,0.0,1.0,2012.9577625570778,1.0,158.0,35.0,179.0,0.0,0.0,125.0,2.0,7.0,2.0,8.0,5.0,3.0,11.0,Graduation,Divorced,1,0,0,0,0,0,1
1963.0,52278.0,0.0,1.0,2013.0684931506848,24.0,953.0,0.0,71.0,0.0,0.0,174.0,6.0,10.0,5.0,10.0,8.0,3.0,11.0,PhD,Widow,0,0,0,0,0,0,1
1995.0,83257.0,0.0,0.0,2012.7159817351599,56.0,536.0,27.0,590.0,38.0,107.0,67.0,1.0,5.0,10.0,12.0,6.0,3.0,11.0,2n Cycle,Single,1,0,1,0,1,0,1
1949.0,58607.0,0.0,1.0,2012.9796803652969,63.0,867.0,0.0,86.0,0.0,0.0,19.0,3.0,2.0,3.0,9.0,8.0,3.0,11.0,PhD,Married,0,1,0,0,0,0,0
1983.0,89616.0,0.0,0.0,2013.151826484018,36.0,671.0,47.0,655.0,145.0,111.0,15.0,1.0,7.0,5.0,12.0,2.0,3.0,11.0,Master,Single,0,0,0,0,0,0,1
1964.0,42523.0,0.0,0.0,2014.3130136986301,96.0,14.0,36.0,11.0,3.0,26.0,35.0,1.0,1.0,1.0,4.0,2.0,3.0,11.0,Graduation,Married,0,0,0,0,0,0,0
1956.0,54342.0,1.0,1.0,2013.5082191780823,74.0,84.0,10.0,34.0,11.0,10.0,28.0,4.0,3.0,1.0,4.0,6.0,3.0,11.0,2n Cycle,Together,0,0,0,0,0,0,0
1965.0,51717.0,0.0,1.0,2013.6381278538813,55.0,98.0,1.0,17.0,0.0,1.0,5.0,1.0,3.0,0.0,4.0,7.0,3.0,11.0,PhD,Together,0,1,0,0,0,0,0
1965.0,30630.0,1.0,1.0,2014.0739726027398,67.0,27.0,1.0,12.0,2.0,0.0,10.0,2.0,2.0,0.0,3.0,7.0,3.0,11.0,Graduation,Divorced,0,0,0,0,0,0,0
1975.0,43057.0,0.0,1.0,2013.8321917808219,30.0,213.0,2.0,44.0,0.0,2.0,5.0,4.0,4.0,2.0,5.0,5.0,3.0,11.0,Graduation,Married,0,0,0,0,0,0,0
1956.0,55249.0,0.0,1.0,2014.2965753424658,81.0,97.0,1.0,19.0,2.0,0.0,11.0,1.0,2.0,1.0,4.0,3.0,3.0,11.0,Master,Together,0,0,0,0,0,0,0
1986.0,42386.0,1.0,0.0,2013.035616438356,43.0,65.0,4.0,16.0,0.0,4.0,11.0,1.0,3.0,0.0,3.0,8.0,3.0,11.0,Master,Together,0,0,0,0,0,0,0
1970.0,78579.0,0.0,0.0,2012.9769406392695,35.0,816.0,66.0,549.0,216.0,66.0,99.0,1.0,5.0,6.0,4.0,3.0,3.0,11.0,Master,Divorced,0,0,0,0,0,0,1
1961.0,59184.0,0.0,1.0,2012.6913242009134,6.0,341.0,142.0,113.0,259.0,151.0,66.0,3.0,6.0,6.0,12.0,5.0,3.0,11.0,2n Cycle,Widow,0,0,0,0,0,0,0
1976.0,51650.0,0.0,1.0,2014.3634703196346,81.0,152.0,3.0,22.0,2.0,5.0,7.0,1.0,4.0,1.0,4.0,5.0,3.0,11.0,PhD,Married,0,0,0,0,0,0,0
1974.0,32233.0,1.0,0.0,2012.6353881278537,26.0,138.0,15.0,35.0,25.0,11.0,72.0,2.0,6.0,2.0,2.0,9.0,3.0,11.0,Graduation,Single,1,0,0,0,0,0,1
1976.0,26907.0,1.0,1.0,2013.6381278538813,10.0,9.0,1.0,7.0,0.0,3.0,2.0,2.0,1.0,0.0,3.0,7.0,3.0,11.0,2n Cycle,Together,0,0,0,0,0,0,0
1993.0,74293.0,0.0,0.0,2014.344292237443,66.0,375.0,152.0,335.0,93.0,91.0,81.0,1.0,5.0,4.0,6.0,2.0,3.0,11.0,Graduation,Single,0,0,0,0,0,0,0
1959.0,52332.0,0.0,0.0,2013.6600456621004,63.0,212.0,5.0,33.0,7.0,0.0,2.0,1.0,3.0,2.0,6.0,4.0,3.0,11.0,Graduation,Divorced,0,1,0,0,0,0,0
1946.0,66835.0,0.0,0.0,2013.7433789954339,21.0,620.0,26.0,195.0,34.0,17.0,141.0,1.0,6.0,4.0,13.0,2.0,3.0,11.0,Master,Married,0,0,0,0,0,0,0
1970.0,13260.0,1.0,1.0,2013.6463470319634,48.0,9.0,4.0,17.0,10.0,2.0,7.0,4.0,3.0,0.0,3.0,8.0,3.0,11.0,Graduation,Married,0,0,0,0,0,0,0
1977.0,78710.0,0.0,1.0,2014.3963470319634,42.0,721.0,0.0,152.0,119.0,50.0,50.0,3.0,7.0,6.0,12.0,4.0,3.0,11.0,Master,Married,0,0,0,0,0,0,0
1976.0,70179.0,0.0,1.0,2013.5575342465754,10.0,532.0,88.0,168.0,69.0,44.0,133.0,3.0,7.0,3.0,13.0,5.0,3.0,11.0,PhD,Divorced,0,0,0,0,0,0,0
1952.0,40049.0,0.0,1.0,2013.7938356164384,23.0,13.0,6.0,7.0,0.0,3.0,3.0,1.0,1.0,0.0,3.0,6.0,3.0,11.0,Graduation,Widow,0,0,0,0,0,0,0
1964.0,51983.0,0.0,1.0,2012.6682648401825,95.0,631.0,0.0,115.0,10.0,7.0,30.0,3.0,9.0,2.0,10.0,7.0,3.0,11.0,Graduation,Divorced,0,0,0,0,0,0,0
1981.0,56386.0,1.0,1.0,2012.8239726027398,51.0,230.0,48.0,214.0,13.0,32.0,75.0,8.0,9.0,1.0,7.0,9.0,3.0,11.0,Graduation,Together,0,0,0,0,0,0,0
1965.0,59686.0,0.0,1.0,2014.0684931506848,78.0,89.0,15.0,89.0,34.0,42.0,5.0,1.0,4.0,1.0,6.0,4.0,3.0,11.0,Graduation,Single,0,0,0,0,0,0,0
1991.0,90638.0,0.0,0.0,2014.1189497716894,29.0,1156.0,120.0,915.0,94.0,144.0,96.0,1.0,3.0,4.0,10.0,1.0,3.0,11.0,Master,Single,0,0,1,0,0,0,1
1949.0,35946.0,1.0,1.0,2013.7406392694065,24.0,8.0,0.0,3.0,0.0,0.0,0.0,1.0,0.0,0.0,3.0,5.0,3.0,11.0,PhD,Divorced,0,0,0,0,0,0,0
1945.0,70356.0,0.0,0.0,2012.8470319634703,20.0,1349.0,16.0,249.0,43.0,16.0,33.0,2.0,10.0,6.0,9.0,6.0,3.0,11.0,PhD,Married,0,0,0,0,0,0,0
1974.0,45068.0,0.0,1.0,2013.3771689497717,25.0,14.0,0.0,3.0,0.0,0.0,3.0,1.0,1.0,0.0,2.0,7.0,3.0,11.0,PhD,Together,0,0,0,0,0,0,0
1971.0,73691.0,0.0,1.0,2013.8497716894976,58.0,707.0,21.0,250.0,85.0,43.0,73.0,2.0,6.0,2.0,8.0,2.0,3.0,11.0,Graduation,Married,1,0,0,0,0,0,0
1977.0,33178.0,1.0,0.0,2014.0821917808219,9.0,12.0,6.0,2.0,11.0,2.0,16.0,1.0,1.0,0.0,3.0,4.0,3.0,11.0,Graduation,Together,0,0,0,0,0,0,0
1968.0,29187.0,1.0,0.0,2013.35799086758,43.0,26.0,0.0,6.0,0.0,0.0,2.0,1.0,1.0,0.0,3.0,8.0,3.0,11.0,PhD,Married,0,0,0,0,0,0,0
1950.0,52157.0,0.0,1.0,2014.4358447488585,48.0,189.0,2.0,29.0,3.0,2.0,40.0,2.0,3.0,2.0,5.0,4.0,3.0,11.0,PhD,Together,0,0,0,0,0,0,0
1970.0,44267.0,1.0,1.0,2013.151826484018,48.0,183.0,5.0,65.0,3.0,5.0,49.0,5.0,5.0,2.0,4.0,9.0,3.0,11.0,Graduation,Divorced,0,0,0,0,0,0,0
1952.0,43462.0,1.0,1.0,2012.6995433789955,50.0,90.0,17.0,97.0,15.0,6.0,15.0,6.0,4.0,1.0,5.0,8.0,3.0,11.0,Graduation,Together,0,0,0,0,0,0,0
1961.0,28249.0,0.0,0.0,2014.4577625570778,80.0,1.0,9.0,7.0,2.0,14.0,10.0,1.0,2.0,0.0,3.0,6.0,3.0,11.0,Basic,Married,0,0,0,0,0,0,0
1956.0,71866.0,0.0,1.0,2013.9851598173516,85.0,184.0,178.0,178.0,103.0,39.0,33.0,1.0,6.0,3.0,10.0,3.0,3.0,11.0,Graduation,Married,0,0,0,0,0,0,0
1973.0,34853.0,1.0,1.0,2013.9796803652969,75.0,9.0,3.0,15.0,2.0,3.0,2.0,2.0,2.0,0.0,3.0,6.0,3.0,11.0,Graduation,Single,0,0,0,0,0,0,0
1950.0,56551.0,1.0,1.0,2014.352511415525,48.0,67.0,4.0,32.0,17.0,2.0,16.0,3.0,2.0,1.0,4.0,4.0,3.0,11.0,PhD,Widow,0,0,0,0,0,0,0
1992.0,48789.0,0.0,0.0,2012.6940639269408,94.0,351.0,16.0,156.0,7.0,5.0,145.0,1.0,6.0,4.0,7.0,6.0,3.0,11.0,Graduation,Single,0,0,0,0,0,0,0
1967.0,47821.0,1.0,1.0,2013.804794520548,54.0,9.0,0.0,16.0,6.0,6.0,10.0,1.0,1.0,0.0,3.0,8.0,3.0,11.0,2n Cycle,Together,0,0,0,0,0,0,0
1956.0,50387.0,0.0,2.0,2013.6682648401825,91.0,369.0,9.0,87.0,12.0,14.0,34.0,3.0,6.0,2.0,8.0,5.0,3.0,11.0,Graduation,Married,0,0,0,0,0,0,0
1984.0,55434.0,1.0,0.0,2013.763698630137,21.0,238.0,115.0,215.0,169.0,69.0,76.0,3.0,5.0,3.0,13.0,4.0,3.0,11.0,Graduation,Married,0,0,0,0,0,0,0
1964.0,46910.0,1.0,1.0,2014.2296803652969,36.0,48.0,0.0,14.0,0.0,0.0,6.0,2.0,2.0,0.0,3.0,6.0,3.0,11.0,PhD,Together,0,0,0,0,0,0,0
1966.0,49605.0,0.0,0.0,2014.4742009132422,65.0,42.0,16.0,29.0,12.0,20.0,8.0,1.0,2.0,1.0,4.0,3.0,3.0,11.0,Master,Married,0,0,0,0,0,0,0
1983.0,32146.0,1.0,0.0,2014.366210045662,16.0,26.0,3.0,23.0,4.0,7.0,3.0,2.0,2.0,0.0,4.0,6.0,3.0,11.0,2n Cycle,Married,0,0,0,0,0,0,0
1956.0,34941.0,1.0,1.0,2013.1831050228311,26.0,39.0,2.0,25.0,4.0,3.0,24.0,2.0,3.0,0.0,3.0,8.0,3.0,11.0,Master,Together,0,0,0,0,0,0,0
1976.0,47025.0,0.0,1.0,2013.852511415525,52.0,254.0,7.0,108.0,20.0,0.0,26.0,3.0,6.0,3.0,5.0,6.0,3.0,11.0,Graduation,Single,0,0,0,0,0,0,0
1943.0,65073.0,0.0,0.0,2013.6381278538813,65.0,629.0,17.0,177.0,69.0,0.0,8.0,1.0,5.0,3.0,5.0,2.0,3.0,11.0,Master,Married,0,0,0,0,1,0,0
1966.0,61286.0,0.0,1.0,2013.588812785388,34.0,356.0,0.0,107.0,19.0,9.0,117.0,2.0,7.0,1.0,8.0,5.0,3.0,11.0,Graduation,Married,0,0,0,0,0,0,0
1962.0,50127.0,0.0,1.0,2014.4127853881278,88.0,274.0,0.0,21.0,4.0,6.0,15.0,1.0,5.0,1.0,6.0,6.0,3.0,11.0,Graduation,Together,0,1,0,0,0,0,0
1987.0,75794.0,0.0,0.0,2013.9824200913242,33.0,754.0,160.0,625.0,63.0,32.0,48.0,1.0,7.0,5.0,12.0,3.0,3.0,11.0,Graduation,Married,0,0,0,1,0,0,0
1970.0,24206.0,1.0,0.0,2013.1885844748858,66.0,7.0,2.0,8.0,3.0,2.0,3.0,1.0,1.0,0.0,3.0,6.0,3.0,11.0,Graduation,Single,0,0,0,0,0,0,0
1973.0,54108.0,1.0,1.0,2012.8470319634703,74.0,539.0,6.0,91.0,8.0,6.0,97.0,13.0,8.0,2.0,9.0,8.0,3.0,11.0,Master,Married,0,0,0,0,0,0,0
1990.0,18929.0,0.0,0.0,2013.1271689497717,15.0,32.0,0.0,8.0,23.0,4.0,18.0,1.0,1.0,0.0,4.0,6.0,3.0,11.0,Graduation,Married,0,0,0,0,0,0,0
1978.0,66373.0,1.0,1.0,2013.4495433789955,57.0,328.0,9.0,124.0,12.0,24.0,109.0,7.0,4.0,2.0,10.0,3.0,3.0,11.0,Graduation,Married,0,0,0,0,0,0,0
1899.0,83532.0,0.0,0.0,2013.7378995433792,36.0,755.0,144.0,562.0,104.0,64.0,224.0,1.0,4.0,6.0,4.0,1.0,3.0,11.0,PhD,Together,0,0,1,0,0,0,0
1974.0,63206.0,0.0,0.0,2014.2214611872148,65.0,750.0,8.0,125.0,11.0,8.0,26.0,1.0,4.0,3.0,6.0,2.0,3.0,11.0,Master,Married,0,0,1,0,0,0,0
1978.0,88097.0,1.0,0.0,2012.6326484018264,24.0,163.0,0.0,480.0,0.0,126.0,75.0,1.0,6.0,5.0,8.0,9.0,3.0,11.0,Master,Married,0,1,1,1,0,0,1
1977.0,666666.0,1.0,0.0,2013.4221461187215,23.0,9.0,14.0,18.0,8.0,1.0,12.0,4.0,3.0,1.0,3.0,6.0,3.0,11.0,Graduation,Together,0,0,0,0,0,0,0
1964.0,58308.0,0.0,1.0,2013.0328767123287,77.0,691.0,0.0,69.0,10.0,0.0,130.0,4.0,2.0,6.0,3.0,8.0,3.0,11.0,Master,Single,0,0,0,0,0,0,0
1977.0,37774.0,2.0,0.0,2012.674885844749,28.0,173.0,8.0,107.0,7.0,2.0,176.0,4.0,7.0,2.0,3.0,9.0,3.0,11.0,Graduation,Single,1,0,0,0,1,0,1
1969.0,18589.0,0.0,0.0,2013.0054794520547,89.0,6.0,4.0,25.0,15.0,12.0,13.0,2.0,2.0,1.0,3.0,7.0,3.0,11.0,Graduation,Single,0,0,0,0,0,0,0
1971.0,71969.0,0.0,1.0,2012.7938356164384,59.0,1000.0,0.0,76.0,0.0,0.0,10.0,3.0,3.0,4.0,9.0,8.0,3.0,11.0,PhD,Married,0,1,0,0,0,0,0
1963.0,45146.0,1.0,1.0,2013.541095890411,28.0,33.0,0.0,5.0,0.0,0.0,15.0,2.0,1.0,1.0,2.0,4.0,3.0,11.0,Graduation,Divorced,0,0,0,0,0,0,0
1978.0,75437.0,0.0,0.0,2013.85799086758,25.0,795.0,0.0,545.0,95.0,58.0,0.0,1.0,8.0,4.0,10.0,6.0,3.0,11.0,Graduation,Together,0,0,0,1,0,0,0
1973.0,35688.0,2.0,1.0,2012.643607305936,94.0,73.0,3.0,90.0,12.0,1.0,32.0,7.0,4.0,1.0,4.0,8.0,3.0,11.0,2n Cycle,Married,0,0,0,0,0,0,0
1978.0,42693.0,1.0,0.0,2014.4358447488585,29.0,8.0,4.0,20.0,6.0,3.0,16.0,1.0,1.0,0.0,3.0,5.0,3.0,11.0,Graduation,Married,0,0,0,0,0,0,0
1943.0,48948.0,0.0,0.0,2013.0860730593606,53.0,437.0,8.0,206.0,160.0,49.0,42.0,2.0,7.0,10.0,5.0,6.0,3.0,11.0,PhD,Divorced,1,0,0,0,0,0,1
1966.0,22634.0,0.0,0.0,2013.0438356164384,47.0,2.0,23.0,11.0,8.0,6.0,46.0,1.0,2.0,1.0,2.0,8.0,3.0,11.0,Basic,Together,0,0,0,0,0,0,0
1986.0,45921.0,0.0,0.0,2014.1940639269408,23.0,102.0,9.0,49.0,24.0,3.0,12.0,1.0,2.0,1.0,6.0,4.0,3.0,11.0,PhD,Married,0,0,0,0,0,0,0
1982.0,70038.0,0.0,0.0,2013.8184931506848,54.0,587.0,54.0,348.0,71.0,54.0,130.0,1.0,4.0,4.0,8.0,2.0,3.0,11.0,PhD,Together,0,0,0,0,0,0,0
1975.0,153924.0,0.0,0.0,2014.102511415525,81.0,1.0,1.0,1.0,1.0,1.0,1.0,0.0,0.0,0.0,0.0,0.0,3.0,11.0,Graduation,Divorced,0,0,0,0,0,0,0
1966.0,33585.0,0.0,1.0,2013.7351598173516,91.0,30.0,11.0,33.0,13.0,6.0,29.0,1.0,2.0,0.0,4.0,4.0,3.0,11.0,Master,Married,0,0,0,0,0,0,0
1956.0,53230.0,0.0,1.0,2012.5915525114156,86.0,176.0,72.0,98.0,136.0,21.0,229.0,4.0,5.0,2.0,12.0,5.0,3.0,11.0,2n Cycle,Married,0,0,0,0,0,0,0
1979.0,48526.0,1.0,0.0,2013.9824200913242,32.0,23.0,17.0,23.0,43.0,20.0,9.0,1.0,2.0,1.0,4.0,3.0,3.0,11.0,Graduation,Single,0,0,0,0,0,0,0
1990.0,18929.0,0.0,0.0,2013.1271689497717,15.0,32.0,0.0,8.0,23.0,4.0,18.0,1.0,1.0,0.0,4.0,6.0,3.0,11.0,Graduation,Married,0,0,0,0,0,0,0
1978.0,25804.0,1.0,0.0,2013.669406392694,34.0,8.0,7.0,9.0,13.0,6.0,12.0,2.0,2.0,0.0,3.0,8.0,3.0,11.0,2n Cycle,Married,0,0,0,0,0,0,0
1958.0,51412.0,0.0,1.0,2014.001598173516,42.0,140.0,3.0,29.0,4.0,5.0,14.0,2.0,3.0,2.0,4.0,4.0,3.0,11.0,Master,Married,0,0,0,0,0,0,0
1945.0,65846.0,0.0,0.0,2013.379908675799,68.0,562.0,81.0,276.0,80.0,40.0,81.0,1.0,6.0,3.0,6.0,4.0,3.0,11.0,PhD,Married,0,0,0,0,0,0,0
1984.0,16269.0,1.0,0.0,2013.6655251141551,75.0,19.0,3.0,18.0,3.0,1.0,0.0,3.0,3.0,0.0,3.0,8.0,3.0,11.0,PhD,Single,0,0,0,0,0,0,0
1954.0,66991.0,0.0,0.0,2012.6968036529681,1.0,496.0,36.0,460.0,189.0,60.0,12.0,3.0,4.0,8.0,6.0,3.0,3.0,11.0,Master,Married,0,0,0,0,0,0,0
1969.0,68695.0,0.0,0.0,2014.4851598173516,3.0,458.0,81.0,356.0,106.0,50.0,40.0,1.0,4.0,4.0,7.0,2.0,3.0,11.0,Graduation,Together,0,0,0,0,0,0,0
1969.0,51039.0,1.0,1.0,2012.9440639269408,11.0,100.0,64.0,79.0,65.0,0.0,109.0,2.0,6.0,2.0,4.0,7.0,3.0,11.0,PhD,Married,0,0,0,0,0,0,0
1990.0,34412.0,1.0,0.0,2013.1189497716894,62.0,52.0,12.0,50.0,4.0,36.0,55.0,3.0,5.0,0.0,3.0,9.0,3.0,11.0,Graduation,Single,0,0,0,0,0,0,0
1978.0,43783.0,1.0,0.0,2014.4127853881278,22.0,327.0,9.0,125.0,25.0,4.0,139.0,6.0,7.0,1.0,8.0,7.0,3.0,11.0,Master,Married,1,0,0,0,0,0,0
1948.0,66375.0,0.0,1.0,2013.8908675799087,96.0,712.0,0.0,45.0,0.0,0.0,191.0,3.0,2.0,4.0,5.0,7.0,3.0,11.0,PhD,Together,1,0,0,0,0,0,0
1980.0,50183.0,1.0,1.0,2014.4851598173516,47.0,97.0,12.0,84.0,13.0,10.0,15.0,7.0,3.0,1.0,6.0,5.0,3.0,11.0,Graduation,Married,0,0,0,0,0,0,0
1954.0,39898.0,0.0,1.0,2013.116210045662,20.0,69.0,8.0,26.0,12.0,7.0,12.0,2.0,3.0,0.0,4.0,7.0,3.0,11.0,Graduation,Together,0,0,0,0,0,0,0
1979.0,63777.0,1.0,1.0,2013.2324200913242,87.0,457.0,5.0,106.0,15.0,17.0,53.0,8.0,11.0,1.0,6.0,8.0,3.0,11.0,Graduation,Married,0,0,0,0,0,0,0
1990.0,24279.0,0.0,0.0,2012.9961187214612,6.0,16.0,36.0,21.0,20.0,62.0,108.0,1.0,4.0,1.0,3.0,8.0,3.0,11.0,Basic,Married,0,0,0,0,0,0,0
1951.0,70792.0,0.0,0.0,2013.0997716894976,82.0,344.0,45.0,654.0,104.0,11.0,114.0,2.0,3.0,4.0,10.0,3.0,3.0,11.0,Graduation,Widow,0,0,0,0,0,0,0
1976.0,49681.0,0.0,2.0,2013.844292237443,66.0,411.0,0.0,26.0,0.0,0.0,21.0,6.0,7.0,1.0,7.0,7.0,3.0,11.0,Master,Married,0,0,0,0,0,0,0
1976.0,59809.0,0.0,2.0,2012.7993150684931,36.0,598.0,16.0,141.0,32.0,41.0,49.0,3.0,3.0,3.0,6.0,8.0,3.0,11.0,Graduation,Married,0,0,0,0,0,0,0
1951.0,29298.0,1.0,1.0,2013.6858447488585,60.0,6.0,0.0,2.0,2.0,0.0,1.0,1.0,1.0,0.0,2.0,5.0,3.0,11.0,Master,Together,0,0,0,0,0,0,0
1959.0,76320.0,0.0,1.0,2014.4769406392695,49.0,526.0,35.0,214.0,69.0,53.0,35.0,2.0,6.0,3.0,4.0,2.0,3.0,11.0,Graduation,Widow,0,0,0,0,0,0,0
1971.0,46463.0,1.0,1.0,2013.6326484018264,56.0,163.0,2.0,40.0,8.0,11.0,11.0,7.0,3.0,1.0,6.0,6.0,3.0,11.0,PhD,Married,0,0,0,0,0,0,0
1970.0,38097.0,1.0,1.0,2012.791095890411,70.0,77.0,2.0,35.0,0.0,1.0,69.0,4.0,3.0,2.0,2.0,7.0,3.0,11.0,PhD,Married,1,0,0,0,0,0,1
1971.0,10245.0,1.0,0.0,2013.3744292237443,32.0,4.0,7.0,7.0,6.0,4.0,13.0,3.0,1.0,2.0,2.0,5.0,3.0,11.0,Graduation,Single,0,0,0,0,0,0,0
1984.0,15345.0,1.0,0.0,2012.6682648401825,51.0,5.0,2.0,16.0,3.0,2.0,19.0,2.0,1.0,1.0,2.0,8.0,3.0,11.0,Graduation,Together,0,0,0,0,0,0,1
1973.0,157243.0,0.0,1.0,2014.169406392694,98.0,20.0,2.0,1582.0,1.0,2.0,1.0,15.0,0.0,22.0,0.0,0.0,3.0,11.0,PhD,Married,0,0,0,0,0,0,0
1954.0,59111.0,0.0,0.0,2013.338812785388,90.0,524.0,0.0,134.0,28.0,28.0,155.0,1.0,11.0,1.0,8.0,7.0,3.0,11.0,Graduation,Married,0,0,0,0,0,0,0
1964.0,65526.0,0.0,1.0,2014.2801369863014,22.0,397.0,19.0,69.0,12.0,0.0,9.0,1.0,4.0,4.0,8.0,2.0,3.0,11.0,PhD,Married,0,0,0,0,0,0,0
1972.0,57136.0,1.0,1.0,2013.5246575342467,48.0,306.0,5.0,109.0,21.0,109.0,92.0,9.0,5.0,2.0,10.0,6.0,3.0,11.0,Master,Married,0,0,0,0,0,0,0
1952.0,62335.0,0.0,1.0,2013.3963470319634,87.0,243.0,131.0,217.0,85.0,6.0,26.0,2.0,3.0,3.0,13.0,2.0,3.0,11.0,Graduation,Divorced,0,0,0,0,0,0,0
1985.0,19986.0,1.0,0.0,2013.8716894977167,74.0,3.0,6.0,5.0,0.0,2.0,6.0,1.0,0.0,0.0,3.0,7.0,3.0,11.0,Graduation,Married,0,0,0,0,0,0,0
1957.0,41437.0,1.0,1.0,2012.7269406392695,5.0,29.0,0.0,2.0,0.0,0.0,1.0,1.0,1.0,0.0,3.0,7.0,3.0,11.0,PhD,Divorced,0,0,0,0,0,0,0
1969.0,25293.0,1.0,0.0,2013.7077625570778,51.0,15.0,0.0,11.0,0.0,2.0,9.0,1.0,1.0,1.0,2.0,8.0,3.0,11.0,Graduation,Married,0,0,0,0,0,0,0
1972.0,86857.0,0.0,0.0,2012.6995433789955,96.0,899.0,102.0,838.0,133.0,102.0,40.0,1.0,5.0,6.0,10.0,2.0,3.0,11.0,PhD,Single,0,0,0,0,0,0,1
1950.0,16813.0,0.0,0.0,2013.5520547945205,49.0,4.0,8.0,11.0,12.0,2.0,13.0,1.0,2.0,0.0,3.0,7.0,3.0,11.0,Graduation,Single,1,0,0,0,0,0,0
1951.0,59385.0,1.0,1.0,2013.3267123287671,85.0,135.0,0.0,10.0,0.0,4.0,36.0,2.0,3.0,1.0,4.0,5.0,3.0,11.0,Master,Together,0,0,0,0,0,0,0
1900.0,36640.0,1.0,0.0,2013.7378995433792,99.0,15.0,6.0,8.0,7.0,4.0,25.0,1.0,2.0,1.0,2.0,5.0,3.0,11.0,2n Cycle,Divorced,0,0,0,0,1,0,0
1982.0,71853.0,0.0,0.0,2013.3552511415523,29.0,358.0,108.0,413.0,141.0,97.0,32.0,1.0,2.0,8.0,6.0,1.0,3.0,11.0,Graduation,Together,0,0,0,0,0,0,0
1961.0,64325.0,0.0,1.0,2013.102511415525,41.0,731.0,60.0,353.0,78.0,12.0,73.0,5.0,10.0,3.0,5.0,7.0,3.0,11.0,PhD,Divorced,0,0,0,0,0,0,0
1978.0,55563.0,0.0,1.0,2014.263698630137,22.0,29.0,1.0,9.0,2.0,0.0,2.0,1.0,2.0,0.0,3.0,3.0,3.0,11.0,Graduation,Divorced,0,0,0,0,0,0,0
1961.0,66426.0,0.0,1.0,2013.7554794520547,14.0,1043.0,24.0,97.0,32.0,24.0,157.0,2.0,3.0,5.0,10.0,6.0,3.0,11.0,PhD,Together,0,0,0,0,0,0,0
1969.0,44078.0,1.0,1.0,2014.4687214611872,17.0,24.0,1.0,10.0,2.0,0.0,4.0,2.0,2.0,0.0,3.0,5.0,3.0,11.0,Graduation,Married,0,0,0,0,0,0,0
1978.0,41154.0,0.0,1.0,2013.2746575342467,98.0,44.0,2.0,11.0,2.0,3.0,7.0,1.0,1.0,0.0,4.0,5.0,3.0,11.0,Graduation,Together,0,0,0,0,0,0,0
1974.0,67445.0,0.0,1.0,2012.616210045662,63.0,757.0,80.0,217.0,29.0,80.0,11.0,5.0,9.0,6.0,12.0,6.0,3.0,11.0,Graduation,Married,0,0,0,0,0,0,0
1962.0,75072.0,0.0,1.0,2013.0630136986301,83.0,583.0,34.0,309.0,0.0,22.0,125.0,2.0,5.0,4.0,8.0,3.0,3.0,11.0,Graduation,Together,0,0,0,0,0,0,0
1981.0,56937.0,1.0,0.0,2012.594292237443,81.0,746.0,8.0,125.0,11.0,8.0,8.0,7.0,8.0,6.0,9.0,6.0,3.0,11.0,PhD,Together,0,1,0,0,0,0,1
1963.0,38620.0,0.0,0.0,2013.3634703196346,56.0,112.0,17.0,44.0,34.0,22.0,89.0,1.0,2.0,5.0,3.0,3.0,3.0,11.0,Master,Together,0,0,0,0,0,0,0
1976.0,61064.0,0.0,1.0,2012.6682648401825,80.0,387.0,126.0,342.0,0.0,45.0,180.0,5.0,8.0,4.0,11.0,6.0,3.0,11.0,Graduation,Married,0,0,0,0,0,0,0
1966.0,80398.0,0.0,0.0,2012.8607305936073,92.0,342.0,51.0,936.0,207.0,35.0,26.0,1.0,5.0,8.0,12.0,3.0,3.0,11.0,Graduation,Married,0,0,1,0,0,0,0
1974.0,60093.0,0.0,1.0,2013.4878995433792,92.0,502.0,12.0,109.0,16.0,6.0,90.0,2.0,7.0,2.0,10.0,6.0,3.0,11.0,Graduation,Married,0,0,0,0,0,0,0
1958.0,78952.0,0.0,1.0,2012.7324200913242,11.0,1170.0,19.0,594.0,99.0,76.0,134.0,2.0,2.0,5.0,12.0,6.0,3.0,11.0,PhD,Together,0,0,0,0,0,0,0
1976.0,70379.0,0.0,1.0,2013.174885844749,84.0,553.0,25.0,142.0,65.0,67.0,8.0,3.0,6.0,3.0,13.0,4.0,3.0,11.0,Master,Single,0,0,0,0,0,0,0
1986.0,33235.0,1.0,0.0,2014.0970319634703,71.0,45.0,0.0,16.0,2.0,1.0,6.0,1.0,3.0,0.0,3.0,7.0,3.0,11.0,Graduation,Together,0,0,0,0,0,0,0
1963.0,48918.0,1.0,1.0,2014.2828767123287,21.0,52.0,0.0,9.0,0.0,0.0,1.0,2.0,1.0,0.0,4.0,4.0,3.0,11.0,PhD,Single,0,0,0,0,0,0,0
1981.0,19419.0,1.0,0.0,2012.8607305936073,76.0,2.0,14.0,28.0,16.0,3.0,7.0,4.0,4.0,0.0,3.0,9.0,3.0,11.0,Graduation,Married,0,0,0,0,0,0,0
1946.0,37760.0,0.0,0.0,2012.6682648401825,20.0,84.0,5.0,38.0,150.0,12.0,28.0,2.0,4.0,1.0,6.0,7.0,3.0,11.0,Graduation,Together,0,0,0,0,0,0,0
1974.0,30351.0,1.0,0.0,2013.4331050228311,19.0,14.0,0.0,24.0,3.0,3.0,2.0,1.0,3.0,0.0,2.0,9.0,3.0,11.0,PhD,Together,0,0,0,0,0,0,0
1976.0,30560.0,1.0,0.0,2013.4906392694065,6.0,9.0,1.0,5.0,4.0,5.0,7.0,1.0,1.0,0.0,3.0,7.0,3.0,11.0,Master,Together,0,0,0,0,0,0,0
1961.0,60544.0,1.0,1.0,2012.651826484018,92.0,201.0,2.0,43.0,3.0,5.0,35.0,4.0,5.0,1.0,5.0,6.0,3.0,11.0,Graduation,Married,0,0,0,0,0,0,0
1960.0,47916.0,0.0,1.0,2012.893607305936,72.0,505.0,0.0,26.0,0.0,0.0,75.0,5.0,7.0,4.0,6.0,6.0,3.0,11.0,Graduation,Widow,0,1,0,0,0,0,0
1966.0,44529.0,0.0,1.0,2013.513698630137,98.0,538.0,13.0,91.0,17.0,6.0,26.0,6.0,6.0,2.0,11.0,5.0,3.0,11.0,Graduation,Married,0,1,0,0,0,0,0
1974.0,34596.0,1.0,0.0,2013.285616438356,48.0,14.0,0.0,2.0,0.0,0.0,7.0,1.0,1.0,0.0,2.0,8.0,3.0,11.0,PhD,Married,0,0,0,0,0,0,0
1946.0,68657.0,0.0,0.0,2013.1381278538813,4.0,482.0,34.0,471.0,119.0,68.0,22.0,1.0,3.0,5.0,9.0,7.0,3.0,11.0,Master,Married,0,0,0,0,0,0,0
1965.0,84618.0,0.0,0.0,2013.893607305936,96.0,684.0,100.0,801.0,21.0,66.0,0.0,1.0,6.0,9.0,10.0,2.0,3.0,11.0,PhD,Married,0,0,1,0,0,0,0
1980.0,47850.0,1.0,0.0,2013.924885844749,72.0,42.0,7.0,43.0,20.0,12.0,10.0,1.0,3.0,0.0,4.0,6.0,3.0,11.0,Graduation,Married,0,0,0,0,0,0,0
1974.0,49166.0,0.0,1.0,2013.4522831050228,17.0,224.0,2.0,25.0,7.0,0.0,110.0,2.0,5.0,3.0,3.0,6.0,3.0,11.0,Graduation,Single,0,0,0,0,0,0,0
1969.0,66476.0,0.0,1.0,2013.9276255707764,80.0,742.0,28.0,152.0,25.0,9.0,57.0,2.0,6.0,8.0,10.0,4.0,3.0,11.0,Master,Together,0,0,0,0,0,0,0
1951.0,53312.0,0.0,0.0,2013.60799086758,32.0,241.0,0.0,12.0,0.0,0.0,25.0,1.0,5.0,1.0,5.0,7.0,3.0,11.0,PhD,Married,0,0,0,0,0,0,0
1969.0,58917.0,1.0,2.0,2013.2324200913242,10.0,151.0,7.0,89.0,0.0,7.0,28.0,5.0,4.0,1.0,6.0,5.0,3.0,11.0,Graduation,Together,0,0,0,0,0,0,0
1976.0,49544.0,1.0,0.0,2013.116210045662,0.0,308.0,0.0,73.0,0.0,0.0,23.0,2.0,5.0,1.0,8.0,7.0,3.0,11.0,PhD,Married,0,0,0,0,0,0,0
1974.0,34421.0,1.0,0.0,2013.5027397260274,81.0,3.0,3.0,7.0,6.0,2.0,9.0,1.0,1.0,0.0,2.0,7.0,3.0,11.0,Graduation,Married,0,0,0,0,0,0,0
1969.0,52413.0,0.0,2.0,2013.088812785388,56.0,295.0,106.0,271.0,75.0,98.0,65.0,4.0,6.0,4.0,12.0,6.0,3.0,11.0,Graduation,Married,0,0,0,0,0,0,0
1965.0,36921.0,1.0,1.0,2013.5767123287671,74.0,17.0,1.0,12.0,3.0,1.0,4.0,2.0,2.0,0.0,3.0,7.0,3.0,11.0,PhD,Divorced,0,0,0,0,0,0,0
1976.0,51369.0,0.0,1.0,2012.8184931506848,84.0,297.0,7.0,79.0,0.0,11.0,182.0,2.0,8.0,2.0,4.0,8.0,3.0,11.0,Graduation,Together,0,0,0,0,0,0,0
1958.0,68281.0,0.0,0.0,2012.602511415525,31.0,995.0,112.0,417.0,42.0,48.0,41.0,1.0,2.0,9.0,13.0,5.0,3.0,11.0,Graduation,Single,0,0,0,0,0,0,1
1947.0,68117.0,0.0,1.0,2013.1940639269408,80.0,618.0,44.0,215.0,0.0,17.0,36.0,2.0,11.0,8.0,4.0,6.0,3.0,11.0,PhD,Widow,1,0,0,0,0,0,1
1976.0,65991.0,0.0,1.0,2012.6858447488585,21.0,507.0,19.0,364.0,25.0,47.0,9.0,3.0,9.0,5.0,10.0,7.0,3.0,11.0,Graduation,Married,0,0,0,0,0,0,0
1989.0,,0.0,0.0,2013.424885844749,69.0,861.0,138.0,461.0,60.0,30.0,61.0,1.0,6.0,5.0,12.0,3.0,3.0,11.0,Graduation,Married,0,1,0,1,0,0,0
1975.0,27573.0,1.0,0.0,2013.2351598173516,45.0,50.0,15.0,110.0,39.0,15.0,15.0,4.0,5.0,1.0,4.0,8.0,3.0,11.0,Graduation,Married,0,0,0,0,0,0,0
1961.0,27116.0,1.0,1.0,2014.1721461187215,78.0,12.0,1.0,21.0,2.0,2.0,3.0,2.0,2.0,0.0,3.0,7.0,3.0,11.0,Graduation,Married,0,0,0,0,0,0,0
1984.0,18890.0,0.0,0.0,2012.8607305936073,5.0,6.0,4.0,1.0,7.0,2.0,15.0,1.0,0.0,1.0,2.0,6.0,3.0,11.0,Master,Single,1,0,0,0,0,0,1
1979.0,61825.0,0.0,1.0,2013.602511415525,56.0,162.0,50.0,100.0,55.0,30.0,27.0,1.0,4.0,2.0,8.0,4.0,3.0,11.0,Graduation,Single,0,0,0,0,0,0,0
1968.0,41335.0,1.0,0.0,2013.9878995433792,24.0,112.0,19.0,21.0,16.0,14.0,5.0,3.0,4.0,1.0,4.0,7.0,3.0,11.0,Master,Divorced,0,0,0,0,0,0,0
1975.0,23957.0,1.0,0.0,2012.8267123287671,47.0,2.0,1.0,18.0,20.0,11.0,16.0,1.0,2.0,0.0,3.0,6.0,3.0,11.0,Graduation,Married,0,0,0,0,0,0,1
1980.0,62994.0,1.0,0.0,2014.1776255707764,74.0,224.0,12.0,48.0,4.0,12.0,12.0,1.0,6.0,2.0,4.0,6.0,3.0,11.0,Graduation,Together,0,0,0,0,0,0,0
1988.0,20518.0,1.0,0.0,2014.3826484018264,58.0,4.0,1.0,6.0,4.0,1.0,9.0,1.0,1.0,1.0,2.0,5.0,3.0,11.0,Graduation,Single,0,0,0,0,0,0,0
1974.0,82584.0,0.0,0.0,2013.4276255707764,26.0,1076.0,68.0,103.0,29.0,91.0,68.0,1.0,3.0,4.0,8.0,1.0,3.0,11.0,Master,Married,0,1,1,0,0,0,1
1981.0,44953.0,0.0,0.0,2012.9742009132422,31.0,728.0,17.0,133.0,11.0,8.0,124.0,1.0,7.0,3.0,13.0,6.0,3.0,11.0,PhD,Together,1,0,0,0,0,0,0
1970.0,70617.0,0.0,0.0,2013.4796803652969,45.0,353.0,61.0,753.0,40.0,46.0,27.0,1.0,3.0,3.0,7.0,2.0,3.0,11.0,Graduation,Married,0,0,0,0,0,0,0
1981.0,77882.0,0.0,0.0,2014.3321917808219,29.0,68.0,129.0,396.0,188.0,22.0,15.0,1.0,3.0,3.0,5.0,1.0,3.0,11.0,Master,Together,0,0,0,0,0,0,0
1966.0,43456.0,0.0,1.0,2013.2378995433792,0.0,275.0,11.0,68.0,25.0,7.0,7.0,3.0,5.0,1.0,8.0,5.0,3.0,11.0,Master,Single,0,0,0,0,0,0,0
1971.0,157733.0,1.0,0.0,2013.4276255707764,37.0,39.0,1.0,9.0,2.0,0.0,8.0,0.0,1.0,0.0,1.0,1.0,3.0,11.0,Master,Together,0,0,0,0,0,0,0
1973.0,51148.0,1.0,1.0,2013.1326484018264,38.0,235.0,6.0,45.0,8.0,9.0,12.0,4.0,5.0,1.0,6.0,6.0,3.0,11.0,Graduation,Married,0,0,0,0,0,0,0
1958.0,81320.0,0.0,0.0,2013.0997716894976,61.0,183.0,33.0,493.0,59.0,103.0,57.0,1.0,4.0,3.0,10.0,2.0,3.0,11.0,Graduation,Married,0,0,0,0,0,0,0
1969.0,38361.0,1.0,0.0,2013.9906392694065,74.0,39.0,0.0,56.0,20.0,8.0,14.0,3.0,3.0,1.0,3.0,7.0,3.0,11.0,Graduation,Together,0,0,0,0,0,0,0
1973.0,34961.0,1.0,0.0,2014.4687214611872,77.0,45.0,2.0,26.0,4.0,1.0,1.0,3.0,3.0,1.0,3.0,7.0,3.0,11.0,Graduation,Married,0,0,0,0,0,0,0
1970.0,43020.0,1.0,0.0,2013.9155251141551,79.0,45.0,7.0,99.0,4.0,25.0,43.0,3.0,4.0,1.0,4.0,6.0,3.0,11.0,Graduation,Single,0,0,0,0,0,0,0
1946.0,82800.0,0.0,0.0,2012.8990867579907,23.0,1006.0,22.0,115.0,59.0,68.0,45.0,1.0,7.0,6.0,12.0,3.0,3.0,11.0,PhD,Single,0,0,1,1,0,0,1
1963.0,23091.0,1.0,1.0,2014.4100456621004,98.0,35.0,0.0,11.0,0.0,0.0,2.0,4.0,2.0,1.0,3.0,7.0,3.0,11.0,PhD,Single,0,0,0,0,0,0,0
1965.0,70924.0,0.0,0.0,2014.2691780821917,41.0,635.0,114.0,254.0,132.0,152.0,76.0,1.0,6.0,6.0,7.0,3.0,3.0,11.0,2n Cycle,Married,0,0,1,0,0,0,0
1987.0,46923.0,1.0,0.0,2012.643607305936,90.0,85.0,44.0,54.0,102.0,78.0,6.0,3.0,5.0,1.0,7.0,7.0,3.0,11.0,Graduation,Single,0,0,0,0,0,0,0
1955.0,66465.0,0.0,1.0,2013.2488584474886,1.0,1200.0,0.0,204.0,38.0,29.0,14.0,3.0,11.0,9.0,12.0,6.0,3.0,11.0,PhD,Married,0,0,0,1,0,0,0
1973.0,55593.0,0.0,1.0,2013.6408675799087,63.0,293.0,8.0,124.0,11.0,4.0,106.0,2.0,6.0,6.0,3.0,6.0,3.0,11.0,Graduation,Together,1,0,0,0,0,0,0
1973.0,46094.0,1.0,1.0,2014.4440639269408,62.0,12.0,2.0,20.0,3.0,2.0,5.0,1.0,1.0,0.0,3.0,7.0,3.0,11.0,2n Cycle,Married,0,0,0,0,0,0,0
1968.0,40706.0,2.0,1.0,2013.0465753424658,37.0,59.0,0.0,11.0,4.0,2.0,5.0,4.0,3.0,0.0,4.0,7.0,3.0,11.0,PhD,Together,0,0,0,0,0,0,0
1980.0,96547.0,0.0,0.0,2014.3963470319634,4.0,448.0,21.0,125.0,52.0,101.0,62.0,0.0,7.0,6.0,8.0,2.0,3.0,11.0,2n Cycle,Married,1,0,1,1,0,0,1
1971.0,40851.0,1.0,1.0,2013.1408675799087,63.0,23.0,1.0,7.0,0.0,4.0,24.0,1.0,1.0,1.0,2.0,7.0,3.0,11.0,Graduation,Divorced,0,0,0,0,0,0,0
1986.0,21888.0,1.0,0.0,2012.9961187214612,15.0,88.0,10.0,46.0,2.0,3.0,64.0,4.0,5.0,1.0,2.0,10.0,3.0,11.0,Master,Single,0,0,0,0,0,0,1
1971.0,26954.0,1.0,0.0,2014.3552511415523,17.0,4.0,1.0,11.0,0.0,0.0,1.0,1.0,1.0,0.0,2.0,7.0,3.0,11.0,Graduation,Single,0,0,0,0,0,0,0
1986.0,25252.0,1.0,0.0,2013.5328767123287,26.0,1.0,3.0,4.0,2.0,2.0,6.0,1.0,1.0,0.0,2.0,8.0,3.0,11.0,Graduation,Married,0,0,0,0,0,0,0
1972.0,65685.0,0.0,1.0,2014.2461187214612,54.0,642.0,14.0,49.0,0.0,7.0,57.0,1.0,9.0,2.0,9.0,5.0,3.0,11.0,Graduation,Married,0,0,0,0,0,0,0
1969.0,54132.0,0.0,1.0,2014.1271689497717,81.0,30.0,1.0,8.0,0.0,0.0,3.0,1.0,1.0,0.0,3.0,7.0,3.0,11.0,PhD,Together,0,0,0,0,0,0,0
1968.0,64590.0,0.0,0.0,2012.7883561643835,98.0,920.0,138.0,168.0,36.0,46.0,30.0,1.0,9.0,4.0,10.0,6.0,3.0,11.0,Graduation,Married,0,0,0,0,0,0,0
1959.0,18690.0,0.0,0.0,2012.9933789954339,77.0,6.0,1.0,7.0,23.0,4.0,19.0,1.0,1.0,1.0,2.0,8.0,3.0,11.0,Graduation,Married,0,0,0,0,0,0,0
1969.0,69901.0,0.0,1.0,2013.4127853881278,95.0,312.0,21.0,206.0,102.0,92.0,149.0,3.0,7.0,3.0,10.0,5.0,3.0,11.0,Graduation,Divorced,0,0,0,0,0,0,0
1973.0,27159.0,1.0,1.0,2014.2461187214612,33.0,17.0,0.0,3.0,0.0,0.0,1.0,2.0,1.0,0.0,3.0,6.0,3.0,11.0,Master,Married,0,0,0,0,0,0,0
1962.0,76081.0,0.0,0.0,2014.3963470319634,85.0,292.0,30.0,415.0,63.0,33.0,200.0,1.0,4.0,5.0,4.0,2.0,3.0,11.0,Graduation,Together,0,0,0,1,0,0,0
1967.0,79146.0,1.0,1.0,2014.3157534246575,33.0,245.0,16.0,223.0,21.0,43.0,16.0,2.0,8.0,1.0,8.0,6.0,3.0,11.0,Graduation,Single,0,0,0,0,0,0,0
1950.0,48699.0,1.0,1.0,2013.3908675799087,90.0,26.0,1.0,10.0,2.0,0.0,1.0,1.0,1.0,0.0,3.0,5.0,3.0,11.0,PhD,Married,0,0,0,0,0,0,0
1970.0,23626.0,1.0,0.0,2014.3990867579907,84.0,27.0,2.0,14.0,0.0,0.0,0.0,3.0,3.0,1.0,3.0,5.0,3.0,11.0,PhD,Married,0,0,0,0,0,0,0
1951.0,71107.0,0.0,1.0,2013.129908675799,61.0,533.0,10.0,217.0,198.0,174.0,195.0,2.0,7.0,6.0,13.0,4.0,3.0,11.0,Graduation,Married,0,0,0,0,0,0,0
1974.0,102692.0,0.0,0.0,2013.263698630137,5.0,168.0,148.0,444.0,32.0,172.0,148.0,1.0,6.0,9.0,13.0,2.0,3.0,11.0,Graduation,Divorced,0,1,1,1,0,1,1
1973.0,48432.0,0.0,1.0,2012.7993150684931,3.0,322.0,3.0,50.0,4.0,3.0,42.0,5.0,7.0,1.0,6.0,8.0,3.0,11.0,PhD,YOLO,0,0,0,0,0,0,1
1957.0,75283.0,1.0,2.0,2013.2406392694065,26.0,733.0,9.0,180.0,12.0,19.0,66.0,11.0,6.0,3.0,5.0,4.0,3.0,11.0,PhD,Married,0,0,0,0,0,0,0
1956.0,60230.0,0.0,1.0,2013.3881278538813,78.0,520.0,20.0,367.0,39.0,81.0,40.0,2.0,6.0,3.0,6.0,5.0,3.0,11.0,Graduation,Single,0,0,0,0,0,0,0
1989.0,28691.0,1.0,0.0,2013.5109589041097,56.0,5.0,4.0,13.0,8.0,0.0,4.0,1.0,1.0,0.0,3.0,8.0,3.0,11.0,Graduation,Married,0,0,0,0,0,0,0
1973.0,35860.0,1.0,1.0,2014.3853881278537,37.0,15.0,0.0,8.0,4.0,2.0,20.0,2.0,1.0,1.0,2.0,5.0,3.0,11.0,PhD,Divorced,1,0,0,0,0,0,1
1994.0,80685.0,0.0,0.0,2012.643607305936,55.0,241.0,45.0,604.0,34.0,26.0,54.0,1.0,6.0,4.0,10.0,2.0,3.0,11.0,Graduation,Together,0,0,0,0,0,0,0
1960.0,46779.0,1.0,1.0,2013.5328767123287,55.0,12.0,1.0,3.0,0.0,0.0,7.0,1.0,0.0,1.0,2.0,4.0,3.0,11.0,2n Cycle,Widow,0,0,0,0,0,0,0
1970.0,58710.0,0.0,1.0,2013.251598173516,77.0,440.0,81.0,368.0,0.0,122.0,174.0,6.0,11.0,5.0,9.0,6.0,3.0,11.0,Graduation,Divorced,0,0,0,0,0,0,0
1953.0,75027.0,0.0,1.0,2013.0246575342467,74.0,925.0,64.0,179.0,133.0,12.0,77.0,2.0,9.0,4.0,6.0,5.0,3.0,11.0,Graduation,Married,0,0,0,0,0,0,0
1971.0,55635.0,0.0,1.0,2012.8689497716894,34.0,235.0,65.0,164.0,50.0,49.0,27.0,4.0,7.0,3.0,7.0,6.0,3.0,11.0,Graduation,Divorced,0,0,0,0,0,0,0
1971.0,37126.0,1.0,0.0,2014.2488584474886,9.0,45.0,3.0,9.0,4.0,4.0,7.0,1.0,1.0,2.0,2.0,6.0,3.0,11.0,PhD,Married,1,0,0,0,0,0,1
1983.0,87188.0,0.0,0.0,2013.424885844749,73.0,910.0,111.0,724.0,49.0,74.0,55.0,1.0,10.0,2.0,6.0,3.0,3.0,11.0,PhD,Single,0,0,0,0,0,0,1
1950.0,38054.0,1.0,1.0,2014.3360730593606,24.0,23.0,2.0,17.0,2.0,1.0,0.0,2.0,2.0,0.0,3.0,7.0,3.0,11.0,Master,Divorced,0,0,0,0,0,0,0
1991.0,8028.0,0.0,0.0,2012.7159817351599,62.0,73.0,18.0,66.0,7.0,12.0,2.0,15.0,0.0,1.0,0.0,19.0,3.0,11.0,Graduation,Single,0,0,0,0,0,0,0
1962.0,85696.0,0.0,0.0,2013.3415525114156,88.0,714.0,76.0,395.0,116.0,0.0,12.0,1.0,4.0,6.0,9.0,1.0,3.0,11.0,PhD,Divorced,0,0,0,0,0,0,1
1970.0,90765.0,0.0,0.0,2014.0657534246575,25.0,547.0,99.0,812.0,151.0,82.0,33.0,0.0,4.0,6.0,5.0,1.0,3.0,11.0,Graduation,Married,0,0,1,1,0,0,0
1975.0,34984.0,1.0,1.0,2012.6831050228311,40.0,8.0,4.0,15.0,3.0,5.0,3.0,2.0,1.0,0.0,3.0,7.0,3.0,11.0,2n Cycle,Together,0,0,0,0,0,0,0
1989.0,31928.0,1.0,0.0,2014.2433789954339,5.0,33.0,4.0,24.0,4.0,2.0,5.0,2.0,3.0,0.0,4.0,7.0,3.0,11.0,Graduation,Together,0,0,0,0,0,0,0
1967.0,27943.0,1.0,1.0,2013.291095890411,89.0,12.0,1.0,16.0,4.0,1.0,3.0,3.0,2.0,0.0,3.0,8.0,3.0,11.0,Graduation,Together,0,0,0,0,0,0,0
1957.0,53233.0,0.0,1.0,2014.2159817351599,18.0,28.0,0.0,9.0,3.0,0.0,0.0,1.0,1.0,0.0,3.0,4.0,3.0,11.0,2n Cycle,Married,0,0,0,0,0,0,0
1981.0,87171.0,0.0,0.0,2013.3360730593606,27.0,1001.0,44.0,107.0,58.0,44.0,44.0,1.0,6.0,7.0,11.0,2.0,3.0,11.0,PhD,Married,1,0,1,0,0,0,0
1983.0,37292.0,1.0,0.0,2013.2993150684931,32.0,275.0,0.0,86.0,10.0,23.0,66.0,5.0,6.0,3.0,5.0,8.0,3.0,11.0,Graduation,Together,0,0,0,0,0,0,0
1995.0,34824.0,0.0,0.0,2014.2378995433792,65.0,4.0,2.0,11.0,2.0,0.0,4.0,1.0,1.0,0.0,2.0,6.0,3.0,11.0,Graduation,Single,0,0,0,0,0,0,0
1978.0,37717.0,1.0,0.0,2012.8963470319634,31.0,9.0,0.0,6.0,4.0,1.0,5.0,1.0,1.0,0.0,2.0,9.0,3.0,11.0,PhD,Married,0,0,0,0,0,0,0
1959.0,,0.0,0.0,2013.8470319634703,80.0,81.0,11.0,50.0,3.0,2.0,39.0,1.0,1.0,3.0,4.0,2.0,3.0,11.0,PhD,Single,0,0,0,0,0,0,0
1975.0,49514.0,1.0,0.0,2013.9632420091325,61.0,88.0,39.0,78.0,58.0,13.0,93.0,2.0,6.0,1.0,4.0,7.0,3.0,11.0,2n Cycle,Single,0,0,0,0,0,0,0
1952.0,49413.0,0.0,1.0,2013.8184931506848,88.0,205.0,7.0,41.0,3.0,2.0,46.0,2.0,4.0,2.0,5.0,5.0,3.0,11.0,Graduation,Married,0,0,0,0,0,0,0
1976.0,49681.0,0.0,2.0,2013.844292237443,66.0,411.0,0.0,26.0,0.0,0.0,21.0,6.0,7.0,1.0,7.0,7.0,3.0,11.0,Master,Married,0,0,0,0,0,0,0
1962.0,56181.0,0.0,1.0,2013.021917808219,6.0,121.0,103.0,69.0,8.0,44.0,48.0,1.0,4.0,2.0,7.0,4.0,3.0,11.0,Graduation,Married,0,0,0,0,0,0,0
1952.0,47139.0,1.0,1.0,2014.1831050228311,2.0,46.0,0.0,12.0,0.0,2.0,23.0,2.0,2.0,1.0,2.0,7.0,3.0,11.0,Graduation,Single,0,0,0,0,0,0,1
1967.0,25930.0,1.0,1.0,2013.777397260274,87.0,6.0,1.0,2.0,2.0,0.0,4.0,1.0,1.0,0.0,2.0,7.0,3.0,11.0,Graduation,Single,0,0,0,0,0,0,0
1976.0,46106.0,1.0,1.0,2014.3634703196346,84.0,30.0,0.0,8.0,2.0,0.0,14.0,1.0,1.0,1.0,2.0,6.0,3.0,11.0,Master,Together,0,0,0,0,0,0,0
1986.0,20491.0,0.0,0.0,2013.0684931506848,16.0,5.0,4.0,5.0,4.0,2.0,10.0,1.0,0.0,1.0,2.0,7.0,3.0,11.0,2n Cycle,Together,0,0,0,0,0,0,0
1973.0,35860.0,1.0,1.0,2014.3853881278537,37.0,15.0,0.0,8.0,4.0,2.0,20.0,2.0,1.0,1.0,2.0,5.0,3.0,11.0,PhD,Divorced,1,0,0,0,0,0,0
1976.0,64892.0,0.0,1.0,2014.4127853881278,77.0,527.0,24.0,230.0,32.0,24.0,65.0,2.0,6.0,4.0,12.0,4.0,3.0,11.0,Graduation,Divorced,0,0,0,0,0,0,0
1960.0,29315.0,1.0,1.0,2014.2664383561644,55.0,13.0,2.0,14.0,8.0,7.0,4.0,4.0,2.0,0.0,4.0,6.0,3.0,11.0,Graduation,Married,0,0,0,0,0,0,0
1971.0,49269.0,1.0,0.0,2012.6244292237443,92.0,639.0,8.0,166.0,11.0,8.0,58.0,3.0,7.0,3.0,12.0,7.0,3.0,11.0,PhD,Together,0,0,0,0,0,0,0
1975.0,58330.0,0.0,1.0,2013.9851598173516,87.0,445.0,53.0,213.0,104.0,98.0,151.0,1.0,6.0,4.0,13.0,4.0,3.0,11.0,Graduation,Widow,0,0,0,0,0,0,0
1966.0,69759.0,0.0,0.0,2013.8267123287671,38.0,452.0,20.0,514.0,13.0,30.0,0.0,3.0,4.0,6.0,5.0,3.0,3.0,11.0,PhD,Single,0,0,0,0,0,0,1
1951.0,73705.0,0.0,2.0,2014.1803652968038,86.0,612.0,91.0,520.0,258.0,107.0,107.0,2.0,9.0,6.0,8.0,5.0,3.0,11.0,Master,Widow,0,0,0,0,0,0,0
1956.0,58656.0,0.0,1.0,2012.7214611872148,25.0,962.0,12.0,194.0,16.0,24.0,12.0,4.0,7.0,8.0,13.0,6.0,3.0,11.0,Master,Together,0,0,1,0,0,0,0
1978.0,26487.0,1.0,0.0,2013.3881278538813,23.0,2.0,8.0,10.0,12.0,14.0,23.0,3.0,2.0,1.0,3.0,5.0,3.0,11.0,Basic,Single,0,0,0,0,0,0,0
1984.0,35684.0,1.0,0.0,2014.3102739726028,66.0,10.0,4.0,7.0,0.0,6.0,3.0,1.0,1.0,0.0,3.0,6.0,3.0,11.0,2n Cycle,Married,0,0,0,0,0,0,0
1989.0,10979.0,0.0,0.0,2014.393607305936,34.0,8.0,4.0,10.0,2.0,2.0,4.0,2.0,3.0,0.0,3.0,5.0,3.0,11.0,Master,Divorced,0,0,0,0,0,0,0
1967.0,59235.0,1.0,0.0,2013.0328767123287,4.0,448.0,40.0,469.0,80.0,0.0,91.0,3.0,11.0,2.0,12.0,7.0,3.0,11.0,Master,Single,0,0,0,0,0,0,0
1956.0,62503.0,0.0,1.0,2013.1326484018264,40.0,478.0,0.0,193.0,110.0,75.0,117.0,4.0,8.0,3.0,11.0,5.0,3.0,11.0,Graduation,Married,0,0,0,0,0,0,0
1953.0,54348.0,1.0,1.0,2014.4385844748858,51.0,70.0,0.0,16.0,0.0,0.0,4.0,2.0,2.0,0.0,4.0,6.0,3.0,11.0,Master,Married,0,0,0,0,0,0,0
1978.0,51267.0,1.0,1.0,2013.8294520547945,37.0,183.0,2.0,64.0,7.0,2.0,12.0,4.0,3.0,3.0,5.0,4.0,3.0,11.0,Graduation,Married,0,0,0,0,0,0,0
1966.0,29435.0,1.0,1.0,2012.5997716894976,11.0,70.0,3.0,37.0,4.0,2.0,64.0,4.0,3.0,2.0,2.0,9.0,3.0,11.0,Master,Divorced,0,0,0,0,0,0,1
1966.0,28764.0,1.0,1.0,2014.4303652968038,16.0,8.0,0.0,3.0,0.0,0.0,1.0,1.0,1.0,0.0,2.0,8.0,3.0,11.0,PhD,Together,1,0,0,0,0,0,0
1957.0,6835.0,0.0,1.0,2012.9385844748858,76.0,107.0,2.0,12.0,2.0,2.0,12.0,0.0,0.0,0.0,1.0,20.0,3.0,11.0,PhD,Together,0,0,0,0,0,0,0
1969.0,39858.0,1.0,0.0,2013.0657534246575,67.0,15.0,20.0,25.0,2.0,7.0,26.0,1.0,2.0,0.0,4.0,6.0,3.0,11.0,Master,Single,0,0,0,0,0,0,1
1958.0,85485.0,0.0,0.0,2014.4742009132422,73.0,630.0,26.0,611.0,44.0,18.0,54.0,1.0,6.0,6.0,6.0,2.0,3.0,11.0,2n Cycle,Single,0,0,0,0,0,0,0
1965.0,65735.0,1.0,1.0,2013.9358447488585,37.0,239.0,7.0,119.0,4.0,15.0,11.0,5.0,6.0,2.0,6.0,7.0,3.0,11.0,Master,Together,0,0,0,0,0,0,0
1959.0,77520.0,0.0,1.0,2013.6600456621004,30.0,940.0,44.0,396.0,0.0,88.0,58.0,1.0,8.0,7.0,7.0,4.0,3.0,11.0,Master,Married,1,0,1,1,0,0,1
1980.0,65295.0,0.0,0.0,2013.9796803652969,19.0,365.0,32.0,117.0,34.0,110.0,6.0,1.0,3.0,3.0,13.0,2.0,3.0,11.0,PhD,Single,0,0,0,0,0,0,0
1963.0,48721.0,1.0,1.0,2013.3689497716894,50.0,81.0,18.0,113.0,47.0,13.0,21.0,6.0,4.0,2.0,5.0,6.0,3.0,11.0,Master,Divorced,0,0,0,0,0,0,0
1962.0,52597.0,0.0,1.0,2014.352511415525,69.0,492.0,0.0,37.0,7.0,0.0,42.0,3.0,6.0,3.0,8.0,5.0,3.0,11.0,PhD,Single,0,0,0,0,0,0,0
1961.0,63342.0,0.0,1.0,2012.7938356164384,48.0,918.0,21.0,118.0,13.0,10.0,21.0,3.0,8.0,3.0,5.0,6.0,3.0,11.0,PhD,Together,0,1,0,0,0,0,0
1955.0,65210.0,0.0,1.0,2014.1940639269408,25.0,626.0,0.0,70.0,0.0,7.0,28.0,2.0,9.0,3.0,8.0,6.0,3.0,11.0,Graduation,Married,0,1,0,1,0,0,0
1966.0,37070.0,1.0,1.0,2013.2214611872148,30.0,231.0,7.0,137.0,4.0,15.0,39.0,9.0,5.0,1.0,8.0,7.0,3.0,11.0,Graduation,Single,0,0,0,0,0,0,1
1960.0,51651.0,0.0,1.0,2012.852511415525,32.0,293.0,6.0,23.0,13.0,6.0,92.0,4.0,6.0,2.0,5.0,8.0,3.0,11.0,Graduation,Married,0,0,0,0,0,0,0
1981.0,36959.0,1.0,0.0,2013.7554794520547,56.0,25.0,6.0,25.0,6.0,0.0,0.0,2.0,2.0,0.0,3.0,8.0,3.0,11.0,Master,Married,0,0,0,0,0,0,0
1979.0,60839.0,1.0,1.0,2012.6600456621004,72.0,600.0,21.0,128.0,223.0,150.0,128.0,13.0,2.0,2.0,12.0,8.0,3.0,11.0,2n Cycle,Together,0,0,0,0,0,0,0
1990.0,24683.0,1.0,0.0,2014.1885844748858,98.0,8.0,4.0,10.0,6.0,7.0,6.0,2.0,2.0,0.0,4.0,5.0,3.0,11.0,2n Cycle,Married,0,0,0,0,0,0,0
1971.0,42835.0,1.0,1.0,2013.4988584474886,64.0,379.0,4.0,93.0,12.0,9.0,98.0,7.0,6.0,6.0,4.0,6.0,3.0,11.0,Master,Divorced,0,0,0,0,0,0,0
1976.0,65104.0,0.0,1.0,2013.8716894977167,4.0,738.0,0.0,232.0,13.0,20.0,50.0,2.0,3.0,5.0,7.0,7.0,3.0,11.0,Master,Together,0,0,0,0,0,0,0
1981.0,22944.0,1.0,0.0,2013.9796803652969,67.0,19.0,3.0,19.0,4.0,5.0,26.0,3.0,3.0,0.0,3.0,7.0,3.0,11.0,Master,Single,0,0,0,0,0,0,0
1971.0,35788.0,1.0,1.0,2014.0630136986301,34.0,23.0,2.0,11.0,3.0,1.0,4.0,2.0,2.0,0.0,3.0,6.0,3.0,11.0,Graduation,Married,0,0,0,0,0,0,0
1989.0,10404.0,1.0,0.0,2014.344292237443,52.0,2.0,2.0,11.0,10.0,6.0,12.0,2.0,1.0,0.0,4.0,5.0,3.0,11.0,2n Cycle,Together,0,0,0,0,0,0,0
1970.0,33986.0,1.0,0.0,2013.2050228310502,43.0,16.0,2.0,18.0,2.0,1.0,5.0,1.0,1.0,0.0,3.0,7.0,3.0,11.0,Graduation,Divorced,0,0,0,0,0,0,0
1960.0,47823.0,0.0,1.0,2013.5630136986301,0.0,53.0,1.0,5.0,2.0,1.0,10.0,2.0,2.0,0.0,3.0,8.0,3.0,11.0,2n Cycle,Single,0,0,0,0,0,0,0
1979.0,72063.0,0.0,1.0,2013.5082191780823,3.0,180.0,32.0,348.0,76.0,32.0,90.0,2.0,5.0,2.0,12.0,2.0,3.0,11.0,Graduation,Married,0,0,0,0,0,0,0
1975.0,74165.0,0.0,0.0,2013.3360730593606,9.0,1001.0,12.0,240.0,16.0,12.0,12.0,1.0,5.0,4.0,10.0,2.0,3.0,11.0,PhD,Divorced,0,0,0,0,0,0,0
1976.0,81929.0,1.0,0.0,2012.7461187214612,60.0,1486.0,55.0,278.0,49.0,0.0,185.0,2.0,4.0,4.0,10.0,6.0,3.0,11.0,Master,Married,1,0,1,0,0,0,1
1989.0,10979.0,0.0,0.0,2014.393607305936,34.0,8.0,4.0,10.0,2.0,2.0,4.0,2.0,3.0,0.0,3.0,5.0,3.0,11.0,Master,Divorced,0,0,0,0,0,0,0
1987.0,74004.0,0.0,0.0,2014.1490867579907,5.0,784.0,48.0,560.0,42.0,176.0,48.0,1.0,4.0,6.0,4.0,3.0,3.0,11.0,PhD,Single,0,0,1,1,0,0,1
1963.0,57288.0,0.0,1.0,2014.4851598173516,27.0,527.0,0.0,21.0,0.0,0.0,60.0,3.0,8.0,1.0,8.0,6.0,3.0,11.0,Master,Together,0,1,0,0,0,0,0
1975.0,22212.0,1.0,0.0,2013.9413242009134,49.0,5.0,9.0,20.0,6.0,8.0,21.0,2.0,2.0,0.0,4.0,6.0,3.0,11.0,2n Cycle,Married,0,0,0,0,0,0,0
1969.0,26877.0,0.0,0.0,2013.6353881278537,74.0,101.0,13.0,76.0,20.0,18.0,40.0,2.0,3.0,1.0,6.0,6.0,3.0,11.0,Master,Single,0,0,0,0,0,0,0
1977.0,54809.0,1.0,1.0,2013.6968036529681,0.0,63.0,6.0,57.0,13.0,13.0,22.0,4.0,2.0,1.0,5.0,4.0,3.0,11.0,Graduation,Married,0,0,0,0,0,0,0
1950.0,42873.0,1.0,1.0,2013.0575342465754,11.0,209.0,0.0,40.0,3.0,2.0,15.0,4.0,6.0,1.0,4.0,8.0,3.0,11.0,PhD,Divorced,0,0,0,0,0,0,0
1982.0,24711.0,0.0,0.0,2014.2993150684931,86.0,10.0,7.0,25.0,6.0,3.0,7.0,1.0,3.0,0.0,3.0,7.0,3.0,11.0,Graduation,Married,0,0,0,0,0,0,0
1965.0,69969.0,0.0,0.0,2013.657305936073,64.0,882.0,29.0,514.0,38.0,29.0,44.0,1.0,4.0,2.0,6.0,3.0,3.0,11.0,PhD,Married,0,0,1,1,0,0,1
1954.0,27421.0,0.0,0.0,2012.9495433789955,14.0,43.0,12.0,96.0,78.0,40.0,55.0,3.0,4.0,1.0,6.0,7.0,3.0,11.0,Graduation,Widow,0,0,0,0,0,0,0
1969.0,72460.0,0.0,0.0,2013.8716894977167,56.0,377.0,10.0,540.0,80.0,30.0,10.0,1.0,3.0,5.0,7.0,1.0,3.0,11.0,Graduation,Married,0,0,0,0,0,0,0
1975.0,80427.0,0.0,1.0,2012.6995433789955,56.0,1149.0,71.0,449.0,69.0,71.0,26.0,1.0,11.0,8.0,8.0,5.0,3.0,11.0,PhD,Married,0,0,0,0,0,0,0
1956.0,46086.0,0.0,1.0,2013.8415525114156,34.0,244.0,8.0,32.0,7.0,2.0,50.0,4.0,3.0,1.0,8.0,4.0,3.0,11.0,Graduation,Divorced,0,0,0,0,0,0,0
1969.0,53374.0,0.0,1.0,2012.6271689497717,34.0,896.0,10.0,101.0,13.0,10.0,34.0,6.0,4.0,2.0,9.0,9.0,3.0,11.0,PhD,Together,1,0,0,0,0,0,1
1955.0,62972.0,0.0,1.0,2012.5915525114156,39.0,313.0,15.0,47.0,20.0,0.0,192.0,2.0,7.0,4.0,3.0,6.0,3.0,11.0,2n Cycle,Married,0,0,0,0,0,0,0
1960.0,50611.0,0.0,1.0,2012.7609589041097,98.0,459.0,0.0,24.0,6.0,0.0,4.0,6.0,4.0,5.0,7.0,6.0,3.0,11.0,PhD,Divorced,0,1,0,0,0,0,0
1974.0,28440.0,1.0,0.0,2013.5191780821917,87.0,38.0,1.0,24.0,0.0,0.0,0.0,1.0,2.0,0.0,3.0,8.0,3.0,11.0,PhD,Together,0,0,0,0,0,0,0
1952.0,35704.0,1.0,1.0,2014.0082191780823,54.0,30.0,9.0,12.0,2.0,11.0,30.0,3.0,2.0,0.0,4.0,4.0,3.0,11.0,Graduation,Married,0,0,0,0,0,0,0
1947.0,28389.0,0.0,0.0,2012.8881278538813,49.0,1.0,5.0,3.0,7.0,4.0,8.0,1.0,1.0,0.0,2.0,7.0,3.0,11.0,Basic,Together,0,0,0,0,0,0,0
1977.0,34487.0,1.0,1.0,2012.6831050228311,94.0,19.0,18.0,33.0,24.0,1.0,8.0,3.0,3.0,0.0,3.0,9.0,3.0,11.0,PhD,Divorced,0,0,0,0,0,0,0
1965.0,74806.0,0.0,1.0,2012.9687214611872,1.0,670.0,9.0,249.0,0.0,28.0,9.0,2.0,5.0,4.0,5.0,4.0,3.0,11.0,Master,Married,0,0,0,0,0,0,0
1974.0,20130.0,0.0,0.0,2014.2132420091325,99.0,0.0,6.0,3.0,7.0,6.0,12.0,1.0,1.0,0.0,3.0,8.0,3.0,11.0,2n Cycle,Married,0,0,0,0,0,0,0
1981.0,34445.0,0.0,0.0,2013.0739726027398,92.0,228.0,122.0,122.0,208.0,129.0,30.0,6.0,11.0,2.0,8.0,9.0,3.0,11.0,Basic,Married,0,0,0,0,0,0,0
1958.0,53977.0,0.0,1.0,2013.4385844748858,21.0,620.0,16.0,165.0,0.0,24.0,82.0,5.0,5.0,5.0,12.0,5.0,3.0,11.0,Graduation,Together,0,0,0,0,0,0,0
1972.0,51813.0,1.0,1.0,2013.2801369863014,37.0,51.0,2.0,7.0,0.0,1.0,2.0,2.0,2.0,0.0,3.0,7.0,3.0,11.0,Graduation,Divorced,0,0,0,0,0,0,0
1976.0,20180.0,0.0,0.0,2013.1381278538813,27.0,18.0,42.0,24.0,15.0,20.0,18.0,1.0,2.0,1.0,4.0,7.0,3.0,11.0,Graduation,Single,0,0,0,0,0,0,0
1978.0,60199.0,1.0,2.0,2013.6995433789955,49.0,8.0,1.0,7.0,2.0,0.0,0.0,1.0,0.0,0.0,3.0,4.0,3.0,11.0,Graduation,Single,0,0,0,0,0,0,0
1983.0,39922.0,1.0,0.0,2013.1216894977167,30.0,29.0,12.0,59.0,19.0,1.0,36.0,2.0,3.0,0.0,4.0,8.0,3.0,11.0,Graduation,Married,0,0,0,0,0,0,0
1973.0,71128.0,1.0,0.0,2012.7664383561644,80.0,958.0,159.0,447.0,20.0,0.0,31.0,3.0,2.0,10.0,12.0,7.0,3.0,11.0,Graduation,Divorced,0,0,0,0,0,0,0
1953.0,80812.0,0.0,0.0,2013.7132420091325,95.0,769.0,22.0,500.0,210.0,143.0,33.0,1.0,4.0,8.0,5.0,2.0,3.0,11.0,Graduation,Together,1,0,1,1,0,0,0
1965.0,65220.0,0.0,0.0,2012.674885844749,3.0,890.0,63.0,292.0,0.0,25.0,12.0,4.0,8.0,4.0,7.0,6.0,3.0,11.0,PhD,Together,0,0,0,0,0,0,1
1977.0,50353.0,0.0,0.0,2014.4385844748858,72.0,141.0,15.0,153.0,67.0,31.0,35.0,1.0,4.0,4.0,6.0,3.0,3.0,11.0,Master,Married,0,0,0,0,0,0,0
1965.0,81051.0,0.0,0.0,2014.3963470319634,43.0,1142.0,29.0,249.0,38.0,29.0,14.0,1.0,5.0,5.0,12.0,2.0,3.0,11.0,PhD,Married,0,1,1,0,0,0,0
1963.0,68118.0,0.0,1.0,2013.7993150684931,51.0,595.0,23.0,123.0,10.0,23.0,154.0,2.0,8.0,9.0,4.0,6.0,3.0,11.0,Graduation,Divorced,0,0,0,0,0,0,0
1959.0,80982.0,1.0,1.0,2013.021917808219,48.0,505.0,137.0,401.0,104.0,22.0,22.0,3.0,11.0,5.0,11.0,5.0,3.0,11.0,Graduation,Single,0,0,0,0,1,0,0
1966.0,89572.0,0.0,0.0,2012.7077625570778,44.0,606.0,24.0,974.0,197.0,194.0,64.0,1.0,7.0,7.0,9.0,4.0,3.0,11.0,2n Cycle,Single,0,1,0,1,0,0,1
1970.0,61209.0,0.0,0.0,2013.651826484018,73.0,466.0,0.0,224.0,119.0,49.0,99.0,1.0,5.0,3.0,4.0,2.0,3.0,11.0,Graduation,Single,0,0,0,0,0,0,0
1976.0,30560.0,1.0,0.0,2013.4906392694065,6.0,9.0,1.0,5.0,4.0,5.0,7.0,1.0,1.0,0.0,3.0,7.0,3.0,11.0,Master,Together,0,0,0,0,0,0,0
1976.0,30772.0,1.0,1.0,2014.1995433789955,89.0,7.0,2.0,4.0,2.0,1.0,4.0,1.0,1.0,0.0,2.0,6.0,3.0,11.0,Graduation,Married,0,0,0,0,0,0,0
1978.0,24882.0,1.0,0.0,2012.6913242009134,52.0,1.0,4.0,10.0,29.0,0.0,36.0,1.0,1.0,1.0,2.0,6.0,3.0,11.0,Basic,Together,1,0,0,0,0,0,0
1951.0,22263.0,1.0,1.0,2014.2488584474886,31.0,17.0,0.0,2.0,0.0,0.0,2.0,2.0,1.0,0.0,3.0,6.0,3.0,11.0,Graduation,Divorced,0,0,0,0,1,0,0
1956.0,26150.0,2.0,1.0,2013.1968036529681,61.0,5.0,1.0,13.0,3.0,5.0,1.0,1.0,1.0,0.0,3.0,7.0,3.0,11.0,Graduation,Divorced,0,0,0,0,0,0,0
1963.0,22419.0,0.0,0.0,2013.2993150684931,74.0,30.0,3.0,47.0,19.0,21.0,42.0,1.0,3.0,2.0,2.0,8.0,3.0,11.0,Graduation,Married,0,0,0,0,0,0,0
1956.0,66334.0,0.0,1.0,2013.2582191780823,82.0,909.0,11.0,218.0,0.0,0.0,23.0,2.0,9.0,3.0,5.0,5.0,3.0,11.0,PhD,Married,0,0,0,0,0,0,1
1959.0,38285.0,2.0,1.0,2014.4824200913242,96.0,2.0,0.0,5.0,2.0,0.0,1.0,1.0,0.0,0.0,3.0,2.0,3.0,11.0,Graduation,Together,0,0,0,0,0,0,0
1969.0,70091.0,1.0,0.0,2013.251598173516,11.0,964.0,34.0,137.0,15.0,0.0,11.0,2.0,5.0,2.0,10.0,8.0,3.0,11.0,Master,Married,0,1,0,0,0,0,0
1979.0,17688.0,1.0,0.0,2013.035616438356,82.0,2.0,2.0,1.0,3.0,1.0,2.0,1.0,1.0,0.0,2.0,8.0,3.0,11.0,Graduation,Married,0,0,0,0,1,0,0
1975.0,73170.0,0.0,0.0,2014.4182648401825,1.0,184.0,174.0,256.0,50.0,30.0,32.0,1.0,5.0,4.0,6.0,2.0,3.0,11.0,Graduation,Single,0,0,0,0,0,0,0
1960.0,17144.0,1.0,1.0,2014.1244292237443,96.0,18.0,2.0,19.0,0.0,2.0,6.0,5.0,3.0,0.0,4.0,7.0,3.0,11.0,Master,Together,0,0,0,0,0,0,0
1974.0,71466.0,0.0,0.0,2014.263698630137,86.0,412.0,12.0,546.0,78.0,182.0,0.0,1.0,4.0,4.0,10.0,1.0,3.0,11.0,PhD,Single,0,0,0,0,0,0,0
1965.0,44375.0,0.0,1.0,2014.2296803652969,73.0,213.0,5.0,28.0,7.0,7.0,41.0,1.0,4.0,1.0,6.0,5.0,3.0,11.0,Graduation,Married,0,0,0,0,0,0,0
1988.0,34176.0,1.0,0.0,2014.366210045662,12.0,5.0,7.0,24.0,19.0,14.0,20.0,4.0,3.0,0.0,4.0,6.0,3.0,11.0,Graduation,Alone,0,0,0,0,0,0,0
1954.0,32144.0,1.0,1.0,2014.2296803652969,76.0,41.0,0.0,10.0,0.0,0.0,3.0,4.0,2.0,1.0,3.0,7.0,3.0,11.0,Graduation,Together,0,1,0,0,0,0,0
1979.0,31086.0,1.0,1.0,2013.344292237443,79.0,16.0,2.0,11.0,3.0,0.0,16.0,2.0,1.0,1.0,2.0,8.0,3.0,11.0,2n Cycle,Married,1,0,0,0,0,0,0
1967.0,42664.0,0.0,1.0,2014.2159817351599,44.0,21.0,0.0,3.0,0.0,0.0,0.0,1.0,1.0,0.0,3.0,6.0,3.0,11.0,Graduation,Married,0,0,0,0,0,0,0
1985.0,19510.0,2.0,0.0,2013.6776255707764,63.0,9.0,0.0,7.0,3.0,4.0,7.0,2.0,1.0,0.0,3.0,7.0,3.0,11.0,Master,Married,0,0,0,0,0,0,0
1988.0,87679.0,0.0,0.0,2013.5739726027398,62.0,1259.0,172.0,815.0,97.0,148.0,33.0,1.0,7.0,11.0,10.0,4.0,3.0,11.0,Graduation,Together,1,0,1,1,0,0,1
1969.0,30396.0,1.0,0.0,2014.3321917808219,22.0,15.0,0.0,6.0,0.0,1.0,12.0,2.0,1.0,1.0,2.0,7.0,3.0,11.0,PhD,Married,1,0,0,0,0,0,1
1975.0,40233.0,0.0,1.0,2013.7883561643835,84.0,80.0,4.0,46.0,0.0,17.0,2.0,5.0,2.0,1.0,5.0,6.0,3.0,11.0,PhD,Married,0,0,0,0,0,0,0
1957.0,42213.0,0.0,1.0,2013.7828767123287,96.0,309.0,3.0,24.0,4.0,3.0,20.0,2.0,5.0,1.0,7.0,7.0,3.0,11.0,Graduation,Together,0,1,0,0,0,0,0
1977.0,34380.0,1.0,0.0,2013.338812785388,68.0,72.0,7.0,58.0,13.0,1.0,24.0,4.0,4.0,1.0,3.0,8.0,3.0,11.0,Graduation,Married,0,0,0,0,0,0,0
1964.0,40800.0,1.0,2.0,2013.0027397260274,77.0,24.0,0.0,27.0,8.0,30.0,10.0,2.0,3.0,0.0,3.0,7.0,3.0,11.0,Graduation,Married,0,0,0,0,1,0,0
1960.0,62807.0,0.0,1.0,2012.6682648401825,83.0,526.0,28.0,135.0,10.0,21.0,99.0,3.0,5.0,3.0,12.0,5.0,3.0,11.0,Graduation,Together,0,0,0,0,0,0,0
1988.0,34176.0,1.0,0.0,2014.366210045662,12.0,5.0,7.0,24.0,19.0,14.0,20.0,4.0,3.0,0.0,4.0,6.0,3.0,11.0,Graduation,Single,0,0,0,0,0,0,0
1970.0,64713.0,1.0,0.0,2014.102511415525,11.0,180.0,60.0,241.0,13.0,54.0,54.0,2.0,5.0,5.0,7.0,4.0,3.0,11.0,Graduation,Divorced,0,0,0,0,0,0,1
1987.0,15038.0,1.0,0.0,2013.0794520547945,93.0,4.0,8.0,11.0,19.0,12.0,26.0,2.0,2.0,1.0,2.0,9.0,3.0,11.0,Basic,Single,0,0,0,0,0,0,0
1965.0,60161.0,0.0,1.0,2012.8130136986301,17.0,584.0,44.0,212.0,46.0,8.0,177.0,3.0,11.0,4.0,8.0,8.0,3.0,11.0,2n Cycle,Divorced,0,0,0,0,0,0,0
1966.0,61286.0,0.0,1.0,2013.588812785388,34.0,356.0,0.0,107.0,19.0,9.0,117.0,2.0,7.0,1.0,8.0,5.0,3.0,11.0,Graduation,Married,0,0,0,0,0,0,0
1977.0,42997.0,1.0,1.0,2013.9358447488585,91.0,4.0,0.0,5.0,0.0,1.0,5.0,1.0,1.0,0.0,2.0,7.0,3.0,11.0,PhD,Single,0,0,0,0,0,0,0
1984.0,25707.0,1.0,0.0,2014.0493150684931,18.0,1.0,6.0,2.0,3.0,6.0,3.0,1.0,1.0,0.0,3.0,7.0,3.0,11.0,Basic,Single,0,0,0,0,0,0,0
1984.0,37235.0,1.0,0.0,2014.0860730593606,68.0,20.0,2.0,9.0,4.0,6.0,20.0,1.0,1.0,1.0,2.0,4.0,3.0,11.0,Graduation,Together,0,0,0,0,0,0,0
1969.0,23910.0,1.0,0.0,2012.8212328767124,80.0,16.0,12.0,18.0,7.0,1.0,13.0,1.0,2.0,0.0,3.0,7.0,3.0,11.0,Graduation,Divorced,0,0,0,0,0,0,0
1971.0,71796.0,0.0,0.0,2013.8157534246575,54.0,354.0,21.0,311.0,167.0,75.0,32.0,1.0,9.0,3.0,4.0,4.0,3.0,11.0,Graduation,Together,0,0,0,0,0,0,0
1963.0,48799.0,0.0,1.0,2013.8470319634703,9.0,174.0,18.0,81.0,28.0,6.0,24.0,3.0,3.0,2.0,7.0,3.0,3.0,11.0,PhD,Divorced,0,0,0,0,0,0,0
1953.0,53593.0,1.0,1.0,2012.602511415525,60.0,349.0,4.0,78.0,6.0,0.0,43.0,8.0,7.0,2.0,6.0,8.0,3.0,11.0,PhD,Together,0,0,0,0,0,0,0
1980.0,51766.0,1.0,0.0,2014.1968036529681,74.0,60.0,51.0,87.0,6.0,20.0,51.0,2.0,4.0,2.0,4.0,5.0,3.0,11.0,Graduation,Single,0,0,0,0,0,0,0
1982.0,65169.0,0.0,0.0,2014.0383561643835,23.0,1074.0,0.0,69.0,0.0,0.0,46.0,1.0,10.0,4.0,13.0,6.0,3.0,11.0,Graduation,Married,1,0,1,1,0,1,1
1960.0,50611.0,0.0,1.0,2012.7609589041097,98.0,459.0,0.0,24.0,6.0,0.0,4.0,6.0,4.0,5.0,7.0,6.0,3.0,11.0,PhD,Divorced,0,1,0,0,0,0,1
1974.0,25509.0,1.0,0.0,2012.7159817351599,15.0,40.0,3.0,30.0,10.0,7.0,11.0,3.0,3.0,0.0,3.0,9.0,3.0,11.0,PhD,Divorced,0,0,0,0,0,0,1
1965.0,45143.0,0.0,1.0,2013.6545662100457,74.0,202.0,5.0,74.0,11.0,5.0,14.0,3.0,6.0,1.0,5.0,7.0,3.0,11.0,Master,Together,0,0,0,0,0,0,0
1983.0,28427.0,1.0,0.0,2013.2242009132422,67.0,18.0,3.0,19.0,3.0,3.0,6.0,2.0,2.0,0.0,3.0,8.0,3.0,11.0,Graduation,Together,0,0,0,0,0,0,0
1980.0,81741.0,0.0,0.0,2013.4605022831051,75.0,249.0,153.0,940.0,58.0,134.0,38.0,0.0,6.0,6.0,7.0,2.0,3.0,11.0,Graduation,Single,0,0,0,0,0,0,0
1959.0,63033.0,0.0,0.0,2013.8744292237443,82.0,194.0,61.0,480.0,225.0,112.0,30.0,1.0,3.0,4.0,8.0,2.0,3.0,11.0,Graduation,Divorced,0,0,0,0,0,0,0
1977.0,82582.0,0.0,0.0,2014.4358447488585,54.0,510.0,120.0,550.0,156.0,40.0,241.0,1.0,4.0,9.0,7.0,1.0,3.0,11.0,Graduation,Divorced,1,0,0,1,0,0,1
1952.0,28457.0,0.0,0.0,2012.8267123287671,96.0,24.0,1.0,108.0,29.0,29.0,14.0,1.0,4.0,1.0,4.0,8.0,3.0,11.0,2n Cycle,Widow,0,0,0,0,0,0,0
1981.0,42021.0,1.0,0.0,2012.6682648401825,34.0,393.0,5.0,136.0,7.0,5.0,27.0,5.0,10.0,1.0,6.0,9.0,3.0,11.0,Master,Together,1,0,0,0,0,0,0
1979.0,47691.0,0.0,1.0,2013.513698630137,43.0,14.0,0.0,3.0,0.0,0.0,4.0,1.0,1.0,0.0,2.0,6.0,3.0,11.0,Graduation,Single,0,0,0,0,0,0,0
1971.0,35178.0,1.0,0.0,2013.027397260274,10.0,23.0,1.0,13.0,2.0,2.0,18.0,1.0,1.0,1.0,2.0,7.0,3.0,11.0,Master,Married,1,0,0,0,0,0,1
1944.0,45006.0,0.0,0.0,2013.5493150684931,90.0,162.0,25.0,53.0,16.0,0.0,10.0,1.0,3.0,1.0,7.0,3.0,3.0,11.0,Master,Widow,0,0,0,0,0,0,0
1985.0,64355.0,1.0,0.0,2012.6490867579907,66.0,1047.0,0.0,140.0,67.0,38.0,153.0,2.0,4.0,3.0,12.0,8.0,3.0,11.0,PhD,Married,0,0,0,0,0,0,0
1961.0,82332.0,0.0,0.0,2012.7132420091325,89.0,830.0,59.0,968.0,51.0,79.0,19.0,1.0,5.0,3.0,12.0,2.0,3.0,11.0,Graduation,Single,0,0,1,0,0,0,1
1951.0,64950.0,0.0,1.0,2012.616210045662,29.0,819.0,0.0,72.0,12.0,0.0,63.0,2.0,11.0,2.0,10.0,7.0,3.0,11.0,PhD,Single,0,1,0,0,0,0,0
1950.0,60905.0,0.0,1.0,2013.9303652968038,27.0,208.0,17.0,76.0,36.0,17.0,38.0,2.0,3.0,3.0,7.0,2.0,3.0,11.0,Graduation,Together,0,0,0,0,0,0,0
1958.0,64961.0,0.0,1.0,2012.9796803652969,97.0,382.0,114.0,276.0,75.0,124.0,38.0,2.0,6.0,4.0,4.0,3.0,3.0,11.0,Graduation,Together,0,0,0,0,0,0,0
1975.0,36663.0,1.0,0.0,2014.3184931506848,40.0,18.0,0.0,6.0,3.0,3.0,5.0,1.0,1.0,1.0,3.0,2.0,3.0,11.0,PhD,Married,0,0,0,0,0,0,0
1955.0,72906.0,0.0,0.0,2013.7132420091325,79.0,400.0,32.0,519.0,71.0,75.0,54.0,1.0,3.0,4.0,9.0,1.0,3.0,11.0,Graduation,Single,0,0,0,0,0,0,0
1951.0,47352.0,0.0,1.0,2013.2801369863014,70.0,172.0,12.0,112.0,8.0,0.0,15.0,4.0,6.0,1.0,5.0,7.0,3.0,11.0,Master,Together,0,0,0,0,0,0,0
1986.0,,1.0,0.0,2013.1381278538813,19.0,5.0,1.0,3.0,3.0,263.0,362.0,0.0,27.0,0.0,0.0,1.0,3.0,11.0,Graduation,Single,0,0,0,0,0,0,0
1980.0,30732.0,1.0,0.0,2013.013698630137,44.0,155.0,1.0,25.0,0.0,1.0,3.0,4.0,4.0,1.0,4.0,8.0,3.0,11.0,PhD,Married,0,0,0,0,0,0,0
1950.0,57045.0,0.0,1.0,2012.6885844748858,40.0,296.0,13.0,104.0,11.0,13.0,17.0,3.0,4.0,2.0,9.0,3.0,3.0,11.0,Graduation,Married,0,0,0,0,0,0,0
1978.0,63855.0,0.0,0.0,2013.10799086758,28.0,359.0,35.0,314.0,93.0,116.0,89.0,1.0,7.0,3.0,13.0,4.0,3.0,11.0,2n Cycle,Together,0,0,0,0,0,0,0
1975.0,22669.0,1.0,0.0,2013.393607305936,30.0,16.0,14.0,36.0,37.0,22.0,48.0,3.0,4.0,1.0,2.0,9.0,3.0,11.0,Master,Together,0,0,0,0,0,0,1
1986.0,92910.0,0.0,0.0,2014.3157534246575,42.0,551.0,137.0,792.0,179.0,103.0,33.0,1.0,6.0,7.0,13.0,1.0,3.0,11.0,Graduation,Married,0,1,1,1,0,0,0
1971.0,30538.0,1.0,0.0,2012.7527397260274,27.0,284.0,0.0,52.0,8.0,3.0,20.0,4.0,9.0,0.0,4.0,10.0,3.0,11.0,Master,Together,0,0,0,0,0,0,0
1978.0,52195.0,2.0,1.0,2014.366210045662,2.0,12.0,0.0,4.0,0.0,0.0,1.0,1.0,1.0,0.0,2.0,8.0,3.0,11.0,2n Cycle,Single,0,0,0,0,0,0,0
1973.0,69401.0,0.0,1.0,2014.2296803652969,41.0,399.0,27.0,159.0,58.0,8.0,39.0,4.0,4.0,4.0,5.0,2.0,3.0,11.0,2n Cycle,Together,0,0,0,0,0,0,0
1960.0,32218.0,0.0,0.0,2014.1244292237443,27.0,10.0,24.0,15.0,13.0,1.0,30.0,1.0,2.0,1.0,3.0,7.0,3.0,11.0,2n Cycle,Single,1,0,0,0,0,0,1
1965.0,33456.0,1.0,1.0,2014.3075342465754,58.0,7.0,3.0,10.0,8.0,1.0,7.0,2.0,1.0,0.0,3.0,7.0,3.0,11.0,Graduation,Together,0,0,0,0,0,0,0
1973.0,35860.0,1.0,1.0,2014.3853881278537,37.0,15.0,0.0,8.0,4.0,2.0,20.0,2.0,1.0,1.0,2.0,5.0,3.0,11.0,PhD,Divorced,1,0,0,0,0,0,0
1986.0,34728.0,1.0,0.0,2013.5821917808219,2.0,14.0,0.0,16.0,0.0,0.0,6.0,1.0,1.0,1.0,2.0,6.0,3.0,11.0,Graduation,Together,0,0,0,0,0,0,1
1978.0,41986.0,0.0,1.0,2014.10799086758,15.0,27.0,5.0,8.0,8.0,3.0,12.0,3.0,3.0,0.0,4.0,4.0,3.0,11.0,Graduation,Divorced,0,0,0,0,0,0,0
1972.0,80134.0,1.0,0.0,2013.3881278538813,40.0,1218.0,16.0,272.0,104.0,0.0,80.0,2.0,5.0,3.0,6.0,6.0,3.0,11.0,Graduation,Married,0,1,1,1,0,0,1
1981.0,58684.0,0.0,0.0,2014.4605022831051,71.0,479.0,35.0,179.0,28.0,7.0,85.0,1.0,5.0,3.0,12.0,2.0,3.0,11.0,Graduation,Single,0,1,0,0,0,0,0
1958.0,61074.0,0.0,1.0,2012.629908675799,37.0,789.0,0.0,133.0,0.0,28.0,152.0,7.0,11.0,5.0,8.0,7.0,3.0,11.0,Graduation,Married,0,0,0,0,0,0,0
1975.0,55801.0,1.0,1.0,2013.7269406392695,35.0,367.0,4.0,51.0,6.0,4.0,95.0,6.0,7.0,2.0,6.0,7.0,3.0,11.0,Graduation,Single,0,0,0,1,0,0,0
1989.0,59060.0,1.0,0.0,2014.0301369863014,77.0,35.0,40.0,111.0,36.0,40.0,12.0,3.0,3.0,1.0,7.0,4.0,3.0,11.0,2n Cycle,Married,0,0,0,0,0,0,0
1977.0,43263.0,0.0,1.0,2012.8908675799087,2.0,262.0,6.0,61.0,0.0,10.0,102.0,3.0,5.0,2.0,6.0,5.0,3.0,11.0,Master,Married,0,0,0,0,0,0,0
1986.0,21955.0,1.0,0.0,2013.6858447488585,81.0,5.0,1.0,7.0,17.0,14.0,11.0,2.0,2.0,1.0,3.0,6.0,3.0,11.0,2n Cycle,Married,0,0,0,0,0,0,0
1990.0,18351.0,0.0,0.0,2013.8294520547945,1.0,1.0,12.0,9.0,0.0,14.0,7.0,1.0,2.0,0.0,3.0,7.0,3.0,11.0,Graduation,Married,0,0,0,0,0,0,0
1980.0,44964.0,1.0,1.0,2012.9605022831051,35.0,19.0,1.0,17.0,2.0,0.0,2.0,1.0,1.0,0.0,3.0,8.0,3.0,11.0,Graduation,Together,0,0,0,0,0,0,0
1969.0,68462.0,0.0,0.0,2012.9495433789955,6.0,561.0,64.0,785.0,84.0,128.0,48.0,1.0,3.0,3.0,8.0,1.0,3.0,11.0,PhD,Married,0,0,0,0,0,0,0
1960.0,47353.0,0.0,1.0,2013.8689497716894,93.0,184.0,2.0,19.0,8.0,8.0,4.0,3.0,2.0,2.0,6.0,5.0,3.0,11.0,Master,Married,0,0,0,0,0,0,0
1962.0,56067.0,0.0,1.0,2013.554794520548,51.0,517.0,12.0,54.0,16.0,6.0,120.0,2.0,7.0,4.0,7.0,5.0,3.0,11.0,PhD,Together,0,0,0,0,0,0,0
1955.0,38452.0,1.0,1.0,2014.2488584474886,62.0,56.0,0.0,14.0,0.0,0.0,2.0,3.0,3.0,0.0,3.0,7.0,3.0,11.0,Master,Married,0,0,0,0,0,0,0
1977.0,20981.0,0.0,0.0,2013.3321917808219,14.0,2.0,12.0,10.0,6.0,13.0,30.0,1.0,3.0,1.0,2.0,8.0,3.0,11.0,2n Cycle,Together,0,0,0,0,0,0,1
1965.0,35791.0,2.0,1.0,2013.3497716894976,94.0,27.0,0.0,5.0,0.0,0.0,3.0,2.0,1.0,0.0,3.0,8.0,3.0,11.0,Master,Single,0,0,0,0,0,0,0
1967.0,77870.0,0.0,1.0,2012.643607305936,93.0,1017.0,50.0,500.0,65.0,50.0,133.0,3.0,5.0,5.0,5.0,8.0,3.0,11.0,Graduation,Married,0,1,0,1,0,0,1
1977.0,41124.0,1.0,0.0,2012.8349315068492,41.0,281.0,7.0,84.0,15.0,0.0,119.0,7.0,7.0,3.0,4.0,8.0,3.0,11.0,Graduation,Married,0,0,0,0,0,0,0
1986.0,20425.0,1.0,0.0,2012.8294520547945,5.0,4.0,12.0,5.0,3.0,16.0,17.0,2.0,2.0,0.0,3.0,7.0,3.0,11.0,Basic,Married,0,0,0,0,0,0,0
1973.0,37401.0,1.0,0.0,2014.3497716894976,14.0,19.0,3.0,19.0,3.0,1.0,3.0,2.0,2.0,0.0,3.0,7.0,3.0,11.0,PhD,Married,0,0,0,0,0,0,0
1982.0,23616.0,1.0,0.0,2012.879908675799,76.0,4.0,22.0,11.0,3.0,7.0,32.0,2.0,3.0,0.0,3.0,8.0,3.0,11.0,2n Cycle,Single,0,0,0,0,0,0,1
1975.0,7500.0,1.0,0.0,2013.7554794520547,19.0,3.0,1.0,10.0,3.0,2.0,12.0,3.0,2.0,0.0,3.0,5.0,3.0,11.0,Master,Married,0,0,0,0,0,0,0
1970.0,59892.0,0.0,1.0,2013.838812785388,26.0,73.0,0.0,13.0,0.0,1.0,0.0,1.0,2.0,1.0,3.0,3.0,3.0,11.0,PhD,Married,0,0,0,0,0,0,0
1970.0,24163.0,1.0,1.0,2013.7828767123287,3.0,4.0,1.0,7.0,2.0,1.0,2.0,2.0,1.0,0.0,3.0,4.0,3.0,11.0,Graduation,Single,0,0,0,0,0,0,0
1969.0,62772.0,0.0,1.0,2013.3853881278537,74.0,581.0,49.0,157.0,43.0,8.0,108.0,1.0,5.0,6.0,11.0,2.0,3.0,11.0,Master,Single,0,1,0,0,0,0,0
1952.0,75127.0,0.0,0.0,2014.393607305936,92.0,203.0,35.0,305.0,46.0,17.0,227.0,1.0,2.0,11.0,5.0,1.0,3.0,11.0,Graduation,Single,0,0,0,0,0,0,0
1989.0,64449.0,1.0,0.0,2014.1326484018264,70.0,218.0,63.0,282.0,137.0,35.0,70.0,4.0,5.0,3.0,12.0,4.0,3.0,11.0,Graduation,Single,0,0,0,0,0,0,0
1965.0,54111.0,0.0,1.0,2013.651826484018,97.0,267.0,6.0,54.0,8.0,3.0,50.0,2.0,5.0,2.0,6.0,5.0,3.0,11.0,PhD,Widow,0,0,0,0,0,0,0
1989.0,77845.0,0.0,0.0,2014.3771689497717,40.0,760.0,40.0,480.0,0.0,40.0,26.0,1.0,3.0,5.0,12.0,1.0,3.0,11.0,PhD,Together,0,0,1,1,0,0,0
1954.0,70044.0,0.0,1.0,2013.1326484018264,46.0,1073.0,0.0,250.0,153.0,14.0,14.0,4.0,7.0,10.0,5.0,5.0,3.0,11.0,Graduation,Divorced,0,0,0,0,0,0,0
1978.0,35544.0,1.0,0.0,2014.1885844748858,77.0,30.0,5.0,23.0,4.0,1.0,4.0,1.0,2.0,0.0,3.0,7.0,3.0,11.0,Master,Single,0,0,0,0,0,0,0
1990.0,64509.0,0.0,0.0,2013.629908675799,19.0,836.0,185.0,575.0,24.0,25.0,77.0,1.0,6.0,3.0,9.0,4.0,3.0,11.0,Graduation,Single,1,0,0,0,0,0,1
1986.0,38508.0,1.0,0.0,2013.588812785388,95.0,120.0,19.0,206.0,25.0,19.0,54.0,6.0,7.0,2.0,5.0,8.0,3.0,11.0,Graduation,Married,0,0,0,0,0,0,0
1971.0,38196.0,1.0,1.0,2014.2993150684931,20.0,30.0,0.0,11.0,0.0,0.0,3.0,3.0,2.0,0.0,4.0,5.0,3.0,11.0,Master,Married,0,0,0,0,0,0,0
1959.0,82576.0,0.0,0.0,2012.5860730593606,66.0,1206.0,55.0,445.0,168.0,18.0,18.0,1.0,2.0,4.0,12.0,1.0,3.0,11.0,Master,Together,0,0,1,0,0,0,0
1980.0,25130.0,1.0,0.0,2013.7554794520547,10.0,2.0,5.0,7.0,0.0,18.0,18.0,2.0,2.0,0.0,3.0,7.0,3.0,11.0,2n Cycle,Together,0,0,0,0,0,0,0
1957.0,26091.0,1.0,1.0,2014.151826484018,84.0,15.0,10.0,19.0,8.0,17.0,20.0,3.0,2.0,1.0,3.0,5.0,3.0,11.0,Graduation,Together,0,0,0,0,0,0,0
1965.0,52117.0,0.0,1.0,2012.6271689497717,55.0,112.0,10.0,107.0,30.0,0.0,20.0,2.0,5.0,2.0,4.0,7.0,3.0,11.0,Graduation,Together,0,0,0,0,0,0,0
1970.0,81205.0,0.0,0.0,2014.035616438356,43.0,724.0,74.0,929.0,97.0,55.0,130.0,1.0,5.0,6.0,7.0,2.0,3.0,11.0,Graduation,Together,1,0,1,0,0,1,1
1967.0,70844.0,1.0,1.0,2013.8321917808219,16.0,129.0,26.0,67.0,3.0,67.0,2.0,5.0,6.0,1.0,5.0,7.0,3.0,11.0,Graduation,Divorced,0,0,0,0,0,0,0
1975.0,52614.0,0.0,1.0,2012.919406392694,63.0,789.0,0.0,142.0,12.0,9.0,38.0,2.0,2.0,4.0,8.0,8.0,3.0,11.0,PhD,Single,0,0,0,0,0,0,0
1975.0,74190.0,0.0,1.0,2014.366210045662,49.0,151.0,81.0,86.0,168.0,91.0,64.0,2.0,4.0,2.0,11.0,2.0,3.0,11.0,Graduation,Married,0,0,0,0,0,0,0
1973.0,65308.0,0.0,0.0,2013.6968036529681,60.0,713.0,0.0,264.0,120.0,80.0,34.0,1.0,7.0,8.0,12.0,4.0,3.0,11.0,Graduation,Married,0,0,1,1,0,0,0
1960.0,89058.0,0.0,0.0,2012.9358447488585,18.0,454.0,194.0,106.0,31.0,22.0,43.0,1.0,5.0,4.0,4.0,2.0,3.0,11.0,Master,Married,0,0,0,0,0,0,0
1981.0,75774.0,1.0,0.0,2014.338812785388,27.0,340.0,21.0,134.0,258.0,14.0,56.0,1.0,7.0,5.0,8.0,4.0,3.0,11.0,2n Cycle,Together,0,0,0,0,0,0,0
1982.0,73450.0,0.0,0.0,2013.9303652968038,85.0,1142.0,51.0,415.0,90.0,69.0,37.0,1.0,7.0,8.0,11.0,3.0,3.0,11.0,Master,Together,1,0,0,1,0,0,0
1974.0,30351.0,1.0,0.0,2013.4331050228311,19.0,14.0,0.0,24.0,3.0,3.0,2.0,1.0,3.0,0.0,2.0,9.0,3.0,11.0,PhD,Together,0,0,0,0,0,0,1
1965.0,33168.0,0.0,1.0,2012.785616438356,0.0,80.0,1.0,37.0,0.0,1.0,3.0,3.0,2.0,1.0,4.0,7.0,3.0,11.0,Master,Single,0,0,0,0,0,0,0
1949.0,69372.0,0.0,0.0,2013.1353881278537,10.0,997.0,26.0,269.0,34.0,13.0,42.0,1.0,10.0,4.0,6.0,4.0,3.0,11.0,Graduation,Together,0,1,1,0,0,0,1
1986.0,21846.0,1.0,0.0,2013.8102739726028,38.0,7.0,17.0,18.0,6.0,10.0,26.0,4.0,4.0,0.0,3.0,8.0,3.0,11.0,Graduation,Divorced,0,0,0,0,0,0,0
1956.0,71391.0,0.0,1.0,2013.2461187214612,50.0,336.0,123.0,274.0,46.0,123.0,141.0,5.0,6.0,5.0,12.0,3.0,3.0,11.0,Graduation,Married,0,0,0,0,0,0,0
1959.0,62859.0,0.0,1.0,2012.9988584474886,37.0,1063.0,89.0,102.0,16.0,12.0,25.0,4.0,9.0,4.0,6.0,6.0,3.0,11.0,PhD,Divorced,0,0,0,0,0,0,0
1973.0,24639.0,1.0,1.0,2014.0767123287671,3.0,20.0,3.0,16.0,0.0,4.0,1.0,3.0,2.0,0.0,4.0,6.0,3.0,11.0,Graduation,Married,0,0,0,0,0,0,0
1990.0,18929.0,0.0,0.0,2013.1271689497717,15.0,32.0,0.0,8.0,23.0,4.0,18.0,1.0,1.0,0.0,4.0,6.0,3.0,11.0,Graduation,Married,0,0,0,0,0,0,0
1980.0,15072.0,2.0,0.0,2013.3607305936073,96.0,8.0,2.0,15.0,0.0,10.0,18.0,4.0,3.0,1.0,3.0,5.0,3.0,11.0,Graduation,Married,0,0,0,0,0,0,0
1972.0,84906.0,0.0,0.0,2013.7609589041097,98.0,997.0,15.0,414.0,99.0,30.0,76.0,1.0,5.0,6.0,12.0,2.0,3.0,11.0,Graduation,Together,0,1,1,0,0,1,0
1952.0,50870.0,0.0,1.0,2014.4687214611872,13.0,53.0,0.0,8.0,0.0,0.0,2.0,1.0,2.0,0.0,3.0,5.0,3.0,11.0,PhD,Married,0,0,0,0,0,0,0
1976.0,71322.0,0.0,1.0,2014.338812785388,31.0,121.0,24.0,124.0,24.0,15.0,42.0,1.0,4.0,1.0,7.0,2.0,3.0,11.0,Graduation,Together,0,0,0,0,0,0,0
1976.0,72335.0,0.0,0.0,2012.6189497716894,2.0,1285.0,105.0,653.0,28.0,21.0,0.0,1.0,10.0,4.0,8.0,8.0,3.0,11.0,PhD,Together,0,0,0,0,0,0,1
1978.0,17117.0,1.0,0.0,2013.0465753424658,96.0,12.0,23.0,38.0,30.0,18.0,7.0,4.0,3.0,1.0,3.0,9.0,3.0,11.0,2n Cycle,Together,0,0,0,0,0,0,0
1961.0,,0.0,1.0,2013.5301369863014,23.0,352.0,0.0,27.0,10.0,0.0,15.0,3.0,6.0,1.0,7.0,6.0,3.0,11.0,PhD,Married,0,0,0,0,0,0,0
1988.0,68487.0,0.0,0.0,2013.035616438356,48.0,758.0,12.0,385.0,33.0,89.0,89.0,1.0,9.0,7.0,13.0,4.0,3.0,11.0,Graduation,Married,0,0,0,0,0,0,0
1946.0,37760.0,0.0,0.0,2012.6682648401825,20.0,84.0,5.0,38.0,150.0,12.0,28.0,2.0,4.0,1.0,6.0,7.0,3.0,11.0,Graduation,Together,0,0,0,0,0,0,0
1970.0,72940.0,0.0,0.0,2013.4687214611872,13.0,182.0,74.0,298.0,162.0,149.0,116.0,1.0,3.0,3.0,6.0,1.0,3.0,11.0,Graduation,Married,0,0,0,0,0,0,0
1972.0,50334.0,0.0,1.0,2013.5657534246575,24.0,284.0,16.0,160.0,84.0,16.0,134.0,6.0,7.0,4.0,6.0,6.0,3.0,11.0,2n Cycle,Together,0,0,0,0,0,0,0
1987.0,42000.0,0.0,0.0,2013.027397260274,23.0,124.0,83.0,267.0,85.0,59.0,35.0,2.0,5.0,2.0,11.0,5.0,3.0,11.0,PhD,Single,0,0,0,0,0,0,1
1954.0,64497.0,0.0,1.0,2012.6940639269408,17.0,1170.0,48.0,320.0,42.0,32.0,192.0,5.0,11.0,4.0,9.0,8.0,3.0,11.0,Graduation,Divorced,1,0,0,0,0,0,1
1945.0,71604.0,0.0,0.0,2013.879908675799,3.0,345.0,53.0,528.0,98.0,75.0,97.0,1.0,8.0,3.0,5.0,4.0,3.0,11.0,PhD,Together,1,0,0,0,0,0,1
1963.0,38620.0,0.0,0.0,2013.3634703196346,56.0,112.0,17.0,44.0,34.0,22.0,89.0,1.0,2.0,5.0,3.0,3.0,3.0,11.0,Master,Together,0,0,0,0,0,0,0
1971.0,45684.0,1.0,0.0,2013.9221461187215,37.0,5.0,1.0,5.0,10.0,0.0,7.0,1.0,1.0,0.0,2.0,7.0,3.0,11.0,Graduation,Widow,0,0,0,0,0,0,0
1955.0,42586.0,1.0,1.0,2012.8294520547945,7.0,194.0,2.0,56.0,0.0,0.0,0.0,5.0,4.0,1.0,6.0,8.0,3.0,11.0,Graduation,Together,0,0,0,0,0,0,1
1962.0,86111.0,0.0,0.0,2013.3020547945205,73.0,399.0,28.0,756.0,36.0,40.0,126.0,1.0,5.0,7.0,10.0,2.0,3.0,11.0,Graduation,Married,0,0,0,0,0,0,0
1971.0,65808.0,1.0,1.0,2014.4155251141551,1.0,155.0,7.0,80.0,13.0,7.0,10.0,3.0,5.0,1.0,5.0,6.0,3.0,11.0,PhD,Divorced,0,0,0,0,0,0,0
1979.0,77568.0,0.0,1.0,2012.651826484018,30.0,1230.0,0.0,396.0,232.0,178.0,158.0,1.0,10.0,2.0,8.0,5.0,3.0,11.0,Graduation,Together,0,1,1,1,0,0,0
1961.0,54959.0,0.0,1.0,2013.0520547945205,55.0,1148.0,0.0,60.0,0.0,0.0,24.0,3.0,9.0,5.0,4.0,7.0,3.0,11.0,PhD,Divorced,0,1,0,0,0,0,1
1944.0,80589.0,0.0,0.0,2014.0602739726028,25.0,507.0,93.0,520.0,242.0,40.0,26.0,1.0,5.0,10.0,5.0,1.0,3.0,11.0,Graduation,Married,0,0,0,1,0,0,1
1978.0,28587.0,1.0,0.0,2014.116210045662,42.0,22.0,4.0,17.0,12.0,10.0,13.0,3.0,2.0,0.0,4.0,6.0,3.0,11.0,Graduation,Together,0,0,0,0,0,0,0
1978.0,63693.0,0.0,1.0,2013.7883561643835,63.0,587.0,43.0,337.0,42.0,87.0,54.0,3.0,11.0,6.0,9.0,6.0,3.0,11.0,Graduation,Divorced,0,0,0,0,0,0,0
1952.0,28332.0,0.0,0.0,2014.3321917808219,58.0,14.0,10.0,13.0,4.0,15.0,9.0,1.0,2.0,1.0,4.0,2.0,3.0,11.0,Graduation,Married,0,0,0,0,0,0,0
1968.0,57107.0,0.0,1.0,2012.6490867579907,44.0,159.0,0.0,120.0,0.0,0.0,137.0,7.0,4.0,4.0,8.0,8.0,3.0,11.0,Graduation,Single,0,1,0,0,0,1,1
1985.0,33812.0,1.0,0.0,2012.8415525114156,86.0,4.0,17.0,19.0,30.0,24.0,39.0,2.0,2.0,1.0,3.0,6.0,3.0,11.0,2n Cycle,Single,0,0,0,0,0,0,0
1983.0,39922.0,1.0,0.0,2013.1216894977167,30.0,29.0,12.0,59.0,19.0,1.0,36.0,2.0,3.0,0.0,4.0,8.0,3.0,11.0,Graduation,Married,0,0,0,0,0,0,0
1962.0,59432.0,0.0,1.0,2013.285616438356,88.0,317.0,25.0,265.0,25.0,19.0,12.0,3.0,5.0,3.0,11.0,5.0,3.0,11.0,Master,Divorced,0,0,0,0,0,0,0
1965.0,57236.0,1.0,1.0,2014.1995433789955,22.0,105.0,0.0,9.0,2.0,1.0,4.0,3.0,2.0,1.0,4.0,3.0,3.0,11.0,PhD,Married,0,0,0,0,0,0,0
1978.0,30168.0,1.0,0.0,2013.1858447488585,51.0,154.0,20.0,66.0,0.0,12.0,27.0,7.0,6.0,1.0,4.0,9.0,3.0,11.0,Graduation,Single,0,0,0,0,0,0,0
1957.0,82347.0,0.0,0.0,2012.8497716894976,38.0,556.0,54.0,845.0,202.0,133.0,63.0,1.0,7.0,7.0,10.0,3.0,3.0,11.0,2n Cycle,Married,1,0,0,1,0,0,1
1978.0,38415.0,1.0,1.0,2013.0054794520547,91.0,22.0,1.0,13.0,4.0,0.0,4.0,2.0,1.0,0.0,3.0,7.0,3.0,11.0,Graduation,Married,0,0,0,0,0,0,0
1958.0,66886.0,0.0,1.0,2013.7105022831051,28.0,315.0,4.0,62.0,41.0,31.0,146.0,2.0,7.0,1.0,7.0,5.0,3.0,11.0,Graduation,Together,0,0,0,0,0,0,0
1967.0,52569.0,0.0,1.0,2014.263698630137,54.0,85.0,0.0,3.0,0.0,0.0,7.0,1.0,2.0,0.0,4.0,3.0,3.0,11.0,PhD,Single,0,0,0,0,0,0,0
1981.0,26872.0,0.0,0.0,2013.7938356164384,0.0,3.0,10.0,8.0,3.0,16.0,32.0,1.0,1.0,1.0,2.0,6.0,3.0,11.0,Graduation,Married,0,0,0,0,0,0,0
1972.0,41644.0,1.0,1.0,2014.35799086758,67.0,20.0,3.0,4.0,2.0,0.0,2.0,2.0,1.0,0.0,3.0,3.0,3.0,11.0,PhD,Single,0,0,0,0,0,0,0
1958.0,79803.0,0.0,1.0,2014.4221461187215,54.0,574.0,8.0,216.0,21.0,16.0,33.0,1.0,4.0,3.0,5.0,1.0,3.0,11.0,Graduation,Divorced,0,0,0,0,0,0,0
1958.0,61331.0,1.0,1.0,2013.1940639269408,42.0,534.0,5.0,47.0,0.0,5.0,41.0,5.0,11.0,1.0,6.0,8.0,3.0,11.0,Master,Alone,0,0,0,0,0,0,0
1953.0,73892.0,0.0,0.0,2013.8689497716894,40.0,703.0,102.0,601.0,0.0,58.0,43.0,1.0,3.0,11.0,8.0,1.0,3.0,11.0,Graduation,Single,0,0,0,0,0,0,1
1970.0,69084.0,1.0,0.0,2013.8853881278537,43.0,1181.0,107.0,199.0,39.0,30.0,30.0,2.0,7.0,3.0,13.0,8.0,3.0,11.0,PhD,Married,0,0,0,0,0,0,0
1965.0,34230.0,1.0,1.0,2012.9878995433792,72.0,15.0,0.0,4.0,0.0,0.0,2.0,1.0,1.0,0.0,2.0,7.0,3.0,11.0,PhD,Together,0,0,0,0,0,0,0
1975.0,46098.0,1.0,1.0,2012.6326484018264,86.0,57.0,0.0,27.0,0.0,0.0,36.0,4.0,3.0,2.0,2.0,8.0,3.0,11.0,Master,Single,0,0,0,0,0,0,0
1980.0,78789.0,0.0,0.0,2012.6052511415523,12.0,667.0,50.0,850.0,21.0,83.0,83.0,1.0,4.0,6.0,5.0,2.0,3.0,11.0,Master,Divorced,0,0,0,0,0,0,1
1977.0,42014.0,1.0,0.0,2012.629908675799,56.0,244.0,15.0,108.0,4.0,15.0,50.0,6.0,7.0,1.0,6.0,8.0,3.0,11.0,Graduation,Married,0,0,0,0,0,0,1
1986.0,39146.0,1.0,0.0,2013.1216894977167,1.0,94.0,1.0,33.0,13.0,12.0,12.0,3.0,4.0,0.0,4.0,8.0,3.0,11.0,Graduation,Single,0,0,0,0,0,0,0
1959.0,24221.0,0.0,0.0,2013.6381278538813,94.0,8.0,9.0,9.0,2.0,5.0,22.0,1.0,1.0,1.0,3.0,4.0,3.0,11.0,Graduation,Together,0,0,0,0,0,0,0
1992.0,87000.0,0.0,0.0,2012.9577625570778,61.0,196.0,25.0,607.0,67.0,17.0,49.0,1.0,4.0,6.0,7.0,2.0,3.0,11.0,2n Cycle,Married,0,0,0,0,0,0,0
1982.0,21059.0,1.0,0.0,2014.0191780821917,40.0,8.0,3.0,19.0,3.0,3.0,8.0,3.0,3.0,0.0,3.0,6.0,3.0,11.0,Master,Married,0,0,0,0,0,0,0
1957.0,78499.0,0.0,0.0,2013.8963470319634,12.0,912.0,72.0,170.0,47.0,36.0,97.0,1.0,11.0,3.0,4.0,4.0,3.0,11.0,Graduation,Single,0,0,1,0,0,0,1
1970.0,22070.0,1.0,0.0,2013.7609589041097,11.0,10.0,7.0,19.0,8.0,2.0,21.0,2.0,2.0,2.0,2.0,6.0,3.0,11.0,Graduation,Together,0,0,0,0,0,0,0
1957.0,58138.0,0.0,0.0,2012.6776255707764,58.0,635.0,88.0,546.0,172.0,88.0,88.0,3.0,8.0,10.0,4.0,7.0,3.0,11.0,Graduation,Single,0,0,0,0,0,0,1
1986.0,20425.0,1.0,0.0,2012.8294520547945,5.0,4.0,12.0,5.0,3.0,16.0,17.0,2.0,2.0,0.0,3.0,7.0,3.0,11.0,Basic,Married,0,0,0,0,0,0,0
1960.0,79530.0,0.0,0.0,2013.379908675799,64.0,333.0,0.0,815.0,129.0,42.0,29.0,1.0,4.0,10.0,11.0,2.0,3.0,11.0,Graduation,Married,0,0,0,0,0,0,0
1971.0,44635.0,1.0,1.0,2013.7801369863014,25.0,56.0,0.0,9.0,0.0,0.0,3.0,2.0,2.0,0.0,3.0,7.0,3.0,11.0,Master,Divorced,0,0,0,0,0,0,0
1944.0,55614.0,0.0,0.0,2013.907305936073,85.0,504.0,13.0,131.0,8.0,0.0,26.0,1.0,9.0,4.0,6.0,7.0,3.0,11.0,PhD,Divorced,0,1,0,0,0,0,0
1950.0,28320.0,0.0,1.0,2013.0383561643835,68.0,19.0,1.0,14.0,3.0,2.0,4.0,1.0,1.0,0.0,3.0,8.0,3.0,11.0,Graduation,Together,0,0,0,0,0,0,0
1981.0,,1.0,0.0,2013.4182648401825,82.0,23.0,0.0,15.0,0.0,2.0,7.0,2.0,3.0,0.0,3.0,6.0,3.0,11.0,PhD,Single,0,0,0,0,0,0,0
1976.0,75012.0,0.0,0.0,2014.0684931506848,41.0,294.0,142.0,218.0,164.0,58.0,151.0,1.0,3.0,8.0,11.0,1.0,3.0,11.0,Master,Divorced,0,0,0,0,0,0,0
1975.0,76532.0,1.0,1.0,2013.6913242009134,38.0,355.0,30.0,177.0,90.0,138.0,30.0,4.0,9.0,5.0,7.0,5.0,3.0,11.0,Graduation,Together,0,0,0,0,0,0,0
1958.0,77863.0,0.0,0.0,2013.907305936073,20.0,881.0,38.0,319.0,16.0,25.0,12.0,1.0,4.0,5.0,10.0,2.0,3.0,11.0,PhD,Together,0,0,0,0,0,0,0
1987.0,73454.0,0.0,0.0,2014.169406392694,95.0,982.0,73.0,351.0,56.0,14.0,175.0,1.0,2.0,4.0,6.0,5.0,3.0,11.0,Master,Single,1,0,0,0,0,0,0
1958.0,49572.0,1.0,1.0,2013.9577625570778,25.0,35.0,1.0,16.0,0.0,1.0,1.0,2.0,2.0,0.0,3.0,7.0,3.0,11.0,Master,Married,0,0,0,0,0,0,0
1961.0,64260.0,0.0,0.0,2013.0301369863014,1.0,539.0,169.0,816.0,20.0,0.0,30.0,1.0,4.0,5.0,4.0,3.0,3.0,11.0,Graduation,Together,0,0,0,0,0,0,1
1961.0,74881.0,1.0,1.0,2013.1885844748858,48.0,505.0,72.0,270.0,36.0,27.0,54.0,4.0,9.0,2.0,12.0,5.0,3.0,11.0,Master,Together,0,0,0,0,0,0,0
1967.0,59062.0,2.0,1.0,2013.7582191780823,74.0,46.0,1.0,12.0,3.0,0.0,9.0,2.0,2.0,0.0,3.0,4.0,3.0,11.0,PhD,Married,0,0,0,0,0,0,0
1983.0,30096.0,1.0,0.0,2014.393607305936,30.0,5.0,3.0,11.0,12.0,5.0,9.0,1.0,2.0,0.0,3.0,6.0,3.0,11.0,Graduation,Married,0,0,0,0,0,0,0
1965.0,64176.0,0.0,1.0,2012.5915525114156,52.0,1215.0,33.0,249.0,64.0,116.0,149.0,8.0,8.0,9.0,8.0,6.0,3.0,11.0,2n Cycle,Divorced,0,0,0,0,0,0,0
1964.0,41713.0,1.0,1.0,2014.3294520547945,57.0,77.0,8.0,44.0,10.0,10.0,25.0,5.0,3.0,1.0,4.0,6.0,3.0,11.0,2n Cycle,Divorced,0,0,0,0,0,0,0
1973.0,67432.0,0.0,1.0,2013.2461187214612,69.0,432.0,79.0,341.0,177.0,136.0,170.0,2.0,8.0,5.0,4.0,4.0,3.0,11.0,Graduation,Married,0,0,0,0,0,0,0
1993.0,72354.0,0.0,0.0,2013.2965753424658,67.0,315.0,26.0,473.0,220.0,12.0,182.0,1.0,2.0,10.0,6.0,1.0,3.0,11.0,Graduation,Single,0,0,0,0,0,0,0
1971.0,74290.0,0.0,1.0,2013.616210045662,70.0,1121.0,0.0,72.0,0.0,12.0,12.0,4.0,10.0,8.0,10.0,6.0,3.0,11.0,Master,Divorced,0,1,0,1,0,0,0
1983.0,25271.0,1.0,0.0,2012.9303652968038,45.0,10.0,1.0,18.0,10.0,4.0,7.0,1.0,1.0,1.0,2.0,9.0,3.0,11.0,Graduation,Married,0,0,0,0,0,0,0
1988.0,38872.0,1.0,0.0,2013.4155251141551,93.0,23.0,3.0,21.0,3.0,19.0,22.0,2.0,3.0,0.0,3.0,8.0,3.0,11.0,Graduation,Married,0,0,0,0,0,0,0
1959.0,71367.0,0.0,0.0,2013.6463470319634,24.0,227.0,23.0,389.0,42.0,21.0,75.0,1.0,4.0,5.0,7.0,2.0,3.0,11.0,Graduation,Together,0,0,0,0,0,0,0
1965.0,66294.0,0.0,0.0,2014.2132420091325,68.0,251.0,108.0,334.0,65.0,92.0,117.0,1.0,4.0,3.0,5.0,2.0,3.0,11.0,Graduation,Single,0,0,0,0,0,0,0
1992.0,63207.0,0.0,0.0,2013.054794520548,68.0,438.0,169.0,565.0,91.0,169.0,70.0,1.0,2.0,3.0,6.0,7.0,3.0,11.0,Graduation,Together,0,0,0,1,0,0,0
1983.0,92491.0,0.0,0.0,2013.3360730593606,71.0,979.0,44.0,935.0,29.0,25.0,22.0,1.0,7.0,5.0,12.0,3.0,3.0,11.0,PhD,Married,0,1,1,1,0,0,1
1969.0,62882.0,0.0,1.0,2012.60799086758,26.0,509.0,133.0,497.0,78.0,24.0,97.0,2.0,7.0,5.0,6.0,4.0,3.0,11.0,Graduation,Together,0,0,0,0,0,0,0
1982.0,79908.0,0.0,0.0,2013.263698630137,30.0,557.0,129.0,761.0,29.0,185.0,111.0,1.0,5.0,6.0,7.0,2.0,3.0,11.0,Graduation,Married,0,0,1,0,0,0,0
1984.0,38175.0,1.0,0.0,2013.7296803652969,6.0,70.0,6.0,69.0,2.0,3.0,3.0,3.0,3.0,1.0,4.0,7.0,3.0,11.0,PhD,Married,0,0,0,0,0,0,0
1969.0,75759.0,0.0,0.0,2013.8184931506848,46.0,1394.0,22.0,708.0,89.0,91.0,182.0,1.0,9.0,7.0,9.0,5.0,3.0,11.0,Graduation,Married,1,0,1,1,0,0,1
1965.0,56046.0,0.0,0.0,2013.0054794520547,9.0,577.0,0.0,64.0,0.0,0.0,51.0,2.0,10.0,1.0,8.0,8.0,3.0,11.0,Graduation,Together,1,0,0,0,0,0,1
1948.0,61467.0,0.0,2.0,2012.9413242009134,69.0,410.0,16.0,114.0,0.0,5.0,49.0,3.0,5.0,2.0,10.0,5.0,3.0,11.0,PhD,Married,0,0,0,0,0,0,0
1979.0,21645.0,1.0,0.0,2012.674885844749,75.0,14.0,0.0,23.0,4.0,5.0,19.0,3.0,3.0,0.0,3.0,9.0,3.0,11.0,Graduation,Together,0,0,0,0,0,0,1
1970.0,55158.0,1.0,1.0,2012.5821917808219,72.0,293.0,0.0,87.0,4.0,11.0,23.0,4.0,7.0,2.0,5.0,7.0,3.0,11.0,PhD,Married,0,0,0,0,0,0,1
1954.0,63564.0,0.0,0.0,2014.0794520547945,0.0,769.0,80.0,252.0,15.0,34.0,65.0,1.0,10.0,10.0,7.0,6.0,3.0,11.0,2n Cycle,Married,1,0,0,0,0,0,1
1975.0,34176.0,0.0,1.0,2014.0602739726028,9.0,11.0,2.0,7.0,4.0,2.0,2.0,1.0,1.0,0.0,3.0,3.0,3.0,11.0,Master,Together,0,0,0,0,0,0,0
1975.0,36627.0,2.0,0.0,2013.5630136986301,78.0,9.0,1.0,5.0,0.0,0.0,1.0,1.0,0.0,0.0,3.0,5.0,3.0,11.0,Graduation,Divorced,0,0,0,0,0,0,0
1976.0,29478.0,1.0,0.0,2014.0465753424658,59.0,8.0,0.0,7.0,3.0,1.0,1.0,1.0,1.0,0.0,3.0,6.0,3.0,11.0,Graduation,Together,0,0,0,0,0,0,0
1972.0,64474.0,0.0,1.0,2013.8102739726028,59.0,381.0,35.0,172.0,56.0,86.0,93.0,2.0,8.0,2.0,10.0,5.0,3.0,11.0,Graduation,Together,0,0,0,0,0,0,0
1963.0,53378.0,1.0,1.0,2012.7324200913242,41.0,489.0,6.0,152.0,8.0,6.0,132.0,10.0,9.0,4.0,6.0,8.0,3.0,11.0,PhD,Married,0,0,0,0,0,0,1
1969.0,67369.0,0.0,1.0,2012.879908675799,81.0,1298.0,0.0,70.0,37.0,14.0,42.0,4.0,7.0,4.0,10.0,4.0,3.0,11.0,Master,Widow,0,1,1,0,0,0,1
1984.0,26646.0,1.0,0.0,2014.1107305936073,26.0,11.0,4.0,20.0,10.0,3.0,5.0,2.0,2.0,0.0,4.0,6.0,3.0,11.0,Graduation,Together,0,0,0,0,0,0,0
1982.0,18492.0,1.0,0.0,2014.4303652968038,75.0,2.0,2.0,2.0,2.0,1.0,1.0,1.0,1.0,0.0,2.0,8.0,3.0,11.0,Master,Together,0,0,0,0,0,0,0
1957.0,40737.0,2.0,1.0,2013.9385844748858,24.0,11.0,0.0,4.0,0.0,0.0,2.0,1.0,1.0,0.0,2.0,8.0,3.0,11.0,PhD,Single,0,0,0,0,0,0,0
1972.0,38578.0,1.0,1.0,2013.4769406392695,2.0,38.0,4.0,22.0,3.0,3.0,3.0,3.0,3.0,0.0,3.0,8.0,3.0,11.0,PhD,Single,0,0,0,0,0,0,0
1968.0,75693.0,0.0,0.0,2012.9331050228311,10.0,797.0,153.0,293.0,72.0,97.0,30.0,1.0,11.0,4.0,6.0,4.0,3.0,11.0,Graduation,Divorced,0,1,1,1,0,0,1
1958.0,35246.0,1.0,1.0,2014.2938356164384,53.0,36.0,0.0,12.0,2.0,2.0,10.0,4.0,3.0,1.0,3.0,5.0,3.0,11.0,Graduation,Divorced,0,0,0,0,0,0,0
1960.0,31454.0,1.0,1.0,2013.5164383561644,40.0,28.0,0.0,11.0,0.0,0.0,9.0,3.0,2.0,0.0,3.0,8.0,3.0,11.0,Graduation,Married,0,0,0,0,0,0,0
1991.0,26868.0,1.0,0.0,2014.3321917808219,52.0,0.0,0.0,1.0,8.0,3.0,2.0,1.0,1.0,0.0,2.0,7.0,3.0,11.0,Basic,Single,0,0,0,0,0,0,0
1964.0,68316.0,0.0,1.0,2012.844292237443,54.0,806.0,80.0,161.0,120.0,11.0,33.0,5.0,10.0,7.0,10.0,6.0,3.0,11.0,2n Cycle,Together,0,0,0,0,0,0,0
1979.0,70337.0,0.0,0.0,2014.0054794520547,75.0,187.0,81.0,149.0,25.0,43.0,91.0,1.0,2.0,2.0,12.0,1.0,3.0,11.0,Graduation,Single,0,0,0,0,0,0,0
1959.0,61180.0,0.0,1.0,2014.3130136986301,70.0,403.0,24.0,29.0,6.0,24.0,218.0,2.0,5.0,5.0,6.0,3.0,3.0,11.0,Graduation,Married,1,0,0,0,0,0,0
1949.0,35416.0,0.0,0.0,2013.4522831050228,62.0,248.0,3.0,81.0,4.0,3.0,51.0,3.0,7.0,1.0,5.0,8.0,3.0,11.0,Master,Divorced,0,0,0,0,0,0,0
1965.0,71613.0,0.0,0.0,2013.6408675799087,26.0,426.0,49.0,127.0,111.0,21.0,42.0,1.0,8.0,2.0,10.0,4.0,3.0,11.0,Graduation,Together,0,0,0,0,0,0,0
1979.0,34350.0,1.0,0.0,2013.8020547945205,81.0,16.0,3.0,15.0,2.0,1.0,11.0,1.0,1.0,0.0,3.0,7.0,3.0,11.0,Graduation,Together,0,0,0,0,0,0,0
1979.0,31605.0,1.0,0.0,2012.893607305936,15.0,74.0,0.0,42.0,2.0,1.0,6.0,2.0,2.0,1.0,4.0,7.0,3.0,11.0,PhD,Married,0,0,0,0,0,0,0
1972.0,83443.0,0.0,0.0,2014.001598173516,89.0,518.0,42.0,742.0,55.0,56.0,84.0,1.0,6.0,10.0,5.0,2.0,3.0,11.0,PhD,Together,0,0,0,0,0,0,0
1967.0,68743.0,0.0,0.0,2012.6655251141551,81.0,1132.0,134.0,384.0,175.0,134.0,115.0,1.0,11.0,5.0,13.0,7.0,3.0,11.0,Graduation,Divorced,0,0,0,0,0,0,0
1957.0,37633.0,1.0,1.0,2012.7214611872148,49.0,13.0,4.0,20.0,0.0,0.0,1.0,2.0,1.0,0.0,3.0,9.0,3.0,11.0,PhD,Married,0,0,0,0,0,0,0
1969.0,94871.0,0.0,2.0,2012.669406392694,99.0,169.0,24.0,553.0,188.0,0.0,144.0,1.0,8.0,5.0,4.0,7.0,3.0,11.0,PhD,Married,0,1,1,0,0,0,1
1948.0,60200.0,0.0,1.0,2013.0054794520547,3.0,502.0,19.0,132.0,0.0,6.0,26.0,6.0,6.0,2.0,11.0,6.0,3.0,11.0,PhD,Single,0,0,0,0,0,0,0
1955.0,42586.0,1.0,1.0,2012.8294520547945,7.0,194.0,2.0,56.0,0.0,0.0,0.0,5.0,4.0,1.0,6.0,8.0,3.0,11.0,Graduation,Together,0,0,0,0,0,0,1
1958.0,51876.0,0.0,0.0,2013.791095890411,88.0,99.0,27.0,102.0,28.0,48.0,6.0,1.0,2.0,2.0,8.0,1.0,3.0,11.0,Graduation,Married,0,0,0,0,0,0,0
1954.0,38998.0,1.0,1.0,2012.8415525114156,92.0,34.0,1.0,14.0,0.0,0.0,5.0,3.0,2.0,0.0,3.0,8.0,3.0,11.0,Graduation,Married,0,0,0,0,1,0,0
1979.0,15287.0,1.0,0.0,2012.777397260274,60.0,1.0,2.0,8.0,4.0,3.0,13.0,2.0,1.0,1.0,2.0,7.0,3.0,11.0,Graduation,Divorced,1,0,0,0,0,0,1
1956.0,91249.0,0.0,0.0,2012.804794520548,84.0,1324.0,27.0,119.0,71.0,108.0,27.0,0.0,7.0,9.0,6.0,4.0,3.0,11.0,Graduation,Single,0,1,1,1,0,1,1
1971.0,39763.0,1.0,0.0,2013.594292237443,9.0,80.0,1.0,60.0,4.0,6.0,16.0,2.0,5.0,1.0,2.0,9.0,3.0,11.0,Master,Single,0,0,0,0,0,0,1
1956.0,60714.0,0.0,0.0,2013.0465753424658,56.0,216.0,162.0,224.0,101.0,92.0,162.0,2.0,7.0,4.0,10.0,5.0,3.0,11.0,Graduation,Single,0,0,0,0,0,0,1
1955.0,41769.0,0.0,1.0,2013.1189497716894,31.0,302.0,29.0,131.0,32.0,0.0,27.0,6.0,8.0,1.0,7.0,8.0,3.0,11.0,2n Cycle,Divorced,0,0,0,0,0,0,0
1972.0,44325.0,0.0,1.0,2013.1858447488585,69.0,516.0,0.0,21.0,0.0,0.0,5.0,4.0,8.0,2.0,7.0,8.0,3.0,11.0,PhD,Married,0,1,0,0,0,0,0
1965.0,69139.0,0.0,1.0,2014.0739726027398,23.0,86.0,12.0,75.0,33.0,15.0,6.0,1.0,4.0,1.0,5.0,4.0,3.0,11.0,Graduation,Married,0,0,0,0,0,0,0
1974.0,61917.0,1.0,1.0,2013.8881278538813,83.0,46.0,4.0,36.0,2.0,2.0,1.0,1.0,2.0,0.0,4.0,5.0,3.0,11.0,PhD,Married,0,0,0,0,0,0,0
1968.0,36065.0,1.0,1.0,2013.251598173516,54.0,18.0,7.0,34.0,10.0,2.0,3.0,3.0,3.0,0.0,3.0,8.0,3.0,11.0,Graduation,Single,0,0,0,0,0,0,0
1961.0,88347.0,0.0,0.0,2013.5082191780823,32.0,1050.0,178.0,555.0,77.0,138.0,118.0,1.0,4.0,7.0,9.0,1.0,3.0,11.0,Graduation,Together,0,0,0,1,0,0,0
1974.0,56715.0,0.0,0.0,2012.9303652968038,52.0,258.0,105.0,239.0,237.0,172.0,9.0,1.0,7.0,3.0,4.0,4.0,3.0,11.0,Graduation,Together,0,0,0,0,0,0,0
1969.0,58086.0,0.0,1.0,2013.054794520548,80.0,708.0,7.0,62.0,0.0,0.0,15.0,2.0,11.0,3.0,7.0,8.0,3.0,11.0,PhD,Divorced,0,0,0,0,0,0,0
1985.0,29760.0,1.0,0.0,2012.6627853881278,87.0,64.0,4.0,68.0,7.0,5.0,17.0,4.0,3.0,1.0,4.0,8.0,3.0,11.0,Graduation,Single,0,0,0,0,0,0,0
1952.0,64831.0,1.0,1.0,2013.4440639269408,51.0,480.0,86.0,249.0,75.0,86.0,144.0,8.0,6.0,3.0,5.0,6.0,3.0,11.0,2n Cycle,Single,0,0,0,0,0,0,0
1962.0,27238.0,1.0,1.0,2013.304794520548,39.0,37.0,0.0,17.0,0.0,0.0,3.0,3.0,3.0,0.0,3.0,9.0,3.0,11.0,PhD,Single,0,0,0,0,0,0,0
1950.0,48070.0,0.0,1.0,2013.035616438356,33.0,373.0,14.0,83.0,6.0,9.0,19.0,3.0,8.0,2.0,6.0,7.0,3.0,11.0,Graduation,Together,0,0,0,0,1,0,0
1955.0,74805.0,0.0,1.0,2013.8497716894976,14.0,209.0,162.0,209.0,41.0,162.0,37.0,5.0,4.0,7.0,10.0,2.0,3.0,11.0,2n Cycle,Together,0,0,0,0,0,0,0
1983.0,22010.0,1.0,0.0,2013.4988584474886,51.0,11.0,2.0,9.0,3.0,0.0,8.0,2.0,2.0,0.0,3.0,8.0,3.0,11.0,Graduation,Together,0,0,0,0,0,0,0
1969.0,76653.0,0.0,0.0,2013.6271689497717,91.0,736.0,63.0,946.0,219.0,189.0,126.0,1.0,4.0,7.0,11.0,2.0,3.0,11.0,Graduation,Together,0,0,1,1,0,0,0
1966.0,65814.0,0.0,1.0,2014.1721461187215,90.0,561.0,14.0,113.0,10.0,14.0,35.0,3.0,8.0,2.0,10.0,5.0,3.0,11.0,PhD,Together,0,0,0,0,0,0,0
1962.0,66565.0,0.0,1.0,2012.9303652968038,80.0,747.0,10.0,161.0,65.0,40.0,42.0,4.0,4.0,2.0,9.0,8.0,3.0,11.0,Graduation,Single,0,0,0,0,0,0,0
1956.0,54450.0,1.0,1.0,2012.7050228310502,0.0,454.0,0.0,171.0,8.0,19.0,32.0,12.0,9.0,2.0,8.0,8.0,3.0,11.0,Graduation,Together,0,0,0,0,0,0,0
1981.0,19414.0,1.0,0.0,2013.7938356164384,32.0,2.0,3.0,12.0,3.0,5.0,7.0,1.0,1.0,0.0,3.0,8.0,3.0,11.0,2n Cycle,Together,0,0,0,0,0,0,0
1978.0,38643.0,1.0,1.0,2013.9127853881278,45.0,22.0,2.0,14.0,0.0,1.0,10.0,2.0,2.0,0.0,3.0,7.0,3.0,11.0,Graduation,Single,0,0,0,0,1,0,0
1947.0,25358.0,0.0,1.0,2013.5602739726028,57.0,19.0,0.0,5.0,0.0,0.0,8.0,2.0,1.0,0.0,3.0,6.0,3.0,11.0,PhD,Widow,0,0,0,0,0,0,0
1979.0,60474.0,0.0,1.0,2013.2527397260274,25.0,265.0,199.0,303.0,234.0,9.0,170.0,7.0,10.0,2.0,12.0,7.0,3.0,11.0,Graduation,Single,0,0,0,0,0,0,0
1988.0,41883.0,1.0,0.0,2013.2187214611872,13.0,32.0,34.0,41.0,73.0,16.0,116.0,3.0,4.0,2.0,3.0,7.0,3.0,11.0,Graduation,Together,0,0,0,0,0,0,0
1976.0,46049.0,1.0,1.0,2013.5575342465754,11.0,342.0,9.0,112.0,19.0,14.0,19.0,10.0,5.0,2.0,9.0,7.0,3.0,11.0,Graduation,Married,0,0,0,0,0,0,1
1947.0,27469.0,0.0,0.0,2012.588812785388,2.0,9.0,1.0,2.0,3.0,2.0,0.0,1.0,0.0,0.0,3.0,6.0,3.0,11.0,Graduation,Married,0,0,0,0,0,0,0
1978.0,22775.0,1.0,0.0,2013.4687214611872,40.0,5.0,1.0,8.0,0.0,0.0,1.0,1.0,1.0,0.0,2.0,8.0,3.0,11.0,Graduation,Together,0,0,0,0,0,0,0
1965.0,76800.0,0.0,0.0,2014.1885844748858,33.0,173.0,26.0,255.0,35.0,71.0,81.0,1.0,4.0,4.0,7.0,1.0,3.0,11.0,2n Cycle,Married,0,0,0,0,0,0,0
1965.0,59754.0,0.0,1.0,2012.919406392694,96.0,115.0,27.0,44.0,4.0,146.0,139.0,3.0,5.0,2.0,6.0,5.0,3.0,11.0,Graduation,Married,0,0,0,0,0,0,1
1964.0,69932.0,0.0,1.0,2013.4495433789955,97.0,412.0,172.0,153.0,150.0,105.0,57.0,2.0,7.0,6.0,11.0,4.0,3.0,11.0,Graduation,Divorced,0,0,0,0,0,0,0
1960.0,63381.0,0.0,1.0,2012.763698630137,78.0,571.0,50.0,142.0,33.0,50.0,159.0,4.0,4.0,5.0,13.0,2.0,3.0,11.0,Graduation,Together,0,0,0,0,0,0,0
1960.0,67716.0,0.0,1.0,2013.027397260274,8.0,530.0,142.0,217.0,62.0,9.0,56.0,4.0,7.0,4.0,13.0,5.0,3.0,11.0,Graduation,Married,0,1,0,0,0,0,0
1952.0,69142.0,0.0,1.0,2014.4961187214612,50.0,448.0,4.0,34.0,6.0,4.0,39.0,3.0,8.0,1.0,7.0,5.0,3.0,11.0,Graduation,Divorced,0,1,0,0,0,0,0
1969.0,46831.0,1.0,1.0,2013.4385844748858,84.0,22.0,2.0,10.0,6.0,4.0,34.0,2.0,1.0,2.0,2.0,4.0,3.0,11.0,2n Cycle,Married,0,0,0,0,0,0,0
1959.0,71232.0,0.0,1.0,2013.9100456621004,91.0,653.0,17.0,170.0,34.0,26.0,17.0,2.0,11.0,2.0,10.0,7.0,3.0,11.0,Graduation,Together,0,0,0,0,0,0,0
1977.0,56628.0,0.0,1.0,2014.2242009132422,30.0,479.0,5.0,82.0,7.0,17.0,171.0,2.0,7.0,6.0,5.0,5.0,3.0,11.0,Graduation,Single,1,0,0,0,0,0,0
1952.0,72228.0,0.0,0.0,2012.907305936073,87.0,631.0,28.0,491.0,30.0,14.0,56.0,1.0,6.0,7.0,8.0,3.0,3.0,11.0,Graduation,Single,0,0,0,0,0,0,0
1980.0,67506.0,0.0,1.0,2014.0054794520547,73.0,90.0,38.0,67.0,33.0,36.0,67.0,1.0,4.0,1.0,6.0,3.0,3.0,11.0,2n Cycle,Single,0,0,0,0,0,0,0
1969.0,74918.0,0.0,0.0,2013.1995433789955,78.0,972.0,59.0,913.0,25.0,19.0,59.0,1.0,5.0,9.0,6.0,3.0,3.0,11.0,Graduation,Together,0,0,1,0,0,0,0
1970.0,44159.0,1.0,0.0,2014.4632420091325,85.0,167.0,2.0,62.0,24.0,13.0,7.0,4.0,4.0,1.0,6.0,5.0,3.0,11.0,Master,Married,0,0,0,0,0,0,0
1968.0,61671.0,0.0,1.0,2014.424885844749,23.0,641.0,7.0,56.0,0.0,0.0,28.0,8.0,10.0,4.0,6.0,8.0,3.0,11.0,Graduation,Divorced,0,1,0,1,0,0,0
1969.0,33581.0,2.0,0.0,2013.021917808219,38.0,11.0,0.0,5.0,0.0,0.0,1.0,1.0,1.0,0.0,2.0,8.0,3.0,11.0,PhD,Married,0,0,0,0,0,0,0
1966.0,82427.0,0.0,0.0,2014.1995433789955,35.0,482.0,147.0,509.0,104.0,107.0,107.0,1.0,3.0,5.0,12.0,1.0,3.0,11.0,Graduation,Together,0,0,1,0,0,0,0
1950.0,76842.0,0.0,0.0,2014.3415525114156,37.0,605.0,10.0,345.0,84.0,54.0,32.0,1.0,1.0,8.0,7.0,0.0,3.0,11.0,PhD,Widow,0,0,0,0,0,0,0
1972.0,30023.0,1.0,0.0,2014.2324200913242,28.0,11.0,0.0,16.0,7.0,6.0,21.0,1.0,2.0,0.0,3.0,8.0,3.0,11.0,Graduation,Married,0,0,0,0,0,0,0
1979.0,20194.0,1.0,0.0,2012.9632420091325,64.0,0.0,4.0,7.0,11.0,10.0,15.0,2.0,2.0,0.0,3.0,6.0,3.0,11.0,Basic,Single,0,0,0,0,0,0,0
1955.0,80317.0,0.0,0.0,2013.6381278538813,64.0,536.0,11.0,387.0,149.0,91.0,57.0,1.0,3.0,4.0,10.0,1.0,3.0,11.0,Graduation,Single,0,0,0,0,0,0,0
1965.0,58692.0,0.0,1.0,2014.2664383561644,21.0,301.0,11.0,61.0,4.0,7.0,11.0,1.0,8.0,2.0,4.0,7.0,3.0,11.0,Graduation,Married,0,0,0,0,0,0,0
1971.0,18793.0,1.0,0.0,2013.0328767123287,14.0,4.0,16.0,20.0,0.0,17.0,20.0,3.0,2.0,0.0,4.0,8.0,3.0,11.0,Graduation,Married,0,0,0,0,0,0,0
1954.0,65324.0,0.0,1.0,2014.0301369863014,0.0,384.0,0.0,102.0,21.0,32.0,5.0,3.0,6.0,2.0,9.0,4.0,3.0,11.0,PhD,Married,0,0,0,0,0,0,0
1956.0,76542.0,0.0,0.0,2013.2488584474886,91.0,794.0,73.0,573.0,0.0,29.0,14.0,1.0,4.0,8.0,10.0,2.0,3.0,11.0,PhD,Together,0,0,0,0,0,0,0
1969.0,72679.0,0.0,1.0,2013.7159817351599,65.0,619.0,54.0,260.0,127.0,54.0,54.0,1.0,4.0,7.0,5.0,1.0,3.0,11.0,Graduation,Single,0,0,0,0,0,0,0
1969.0,26304.0,1.0,0.0,2013.4796803652969,5.0,4.0,1.0,5.0,2.0,0.0,4.0,1.0,1.0,0.0,2.0,7.0,3.0,11.0,Graduation,Married,0,0,0,0,0,0,0
1979.0,15287.0,1.0,0.0,2012.777397260274,60.0,1.0,2.0,8.0,4.0,3.0,13.0,2.0,1.0,1.0,2.0,7.0,3.0,11.0,Graduation,Divorced,1,0,0,0,0,0,1
1955.0,38946.0,0.0,1.0,2013.8157534246575,84.0,116.0,6.0,82.0,6.0,6.0,41.0,2.0,3.0,1.0,6.0,5.0,3.0,11.0,Graduation,Together,0,0,0,0,0,0,0
1973.0,54466.0,1.0,1.0,2014.10799086758,78.0,12.0,0.0,4.0,0.0,0.0,0.0,1.0,1.0,0.0,2.0,5.0,3.0,11.0,PhD,Single,0,0,0,0,0,0,0
1987.0,23830.0,0.0,0.0,2014.102511415525,3.0,1.0,8.0,6.0,4.0,8.0,16.0,1.0,1.0,0.0,3.0,7.0,3.0,11.0,2n Cycle,Single,0,0,0,0,0,0,0
1973.0,92955.0,0.0,0.0,2013.6353881278537,35.0,693.0,21.0,925.0,31.0,24.0,84.0,1.0,6.0,7.0,9.0,2.0,3.0,11.0,Graduation,Married,0,0,1,1,0,0,1
1984.0,40059.0,1.0,0.0,2013.7433789954339,82.0,110.0,29.0,92.0,28.0,10.0,145.0,1.0,6.0,2.0,3.0,8.0,3.0,11.0,Graduation,Married,1,0,0,0,0,0,0
1976.0,5305.0,0.0,1.0,2013.5821917808219,12.0,12.0,4.0,7.0,1.0,3.0,5.0,0.0,1.0,0.0,0.0,13.0,3.0,11.0,Graduation,Married,0,0,0,0,0,0,0
1951.0,67381.0,0.0,1.0,2013.041095890411,67.0,815.0,8.0,53.0,11.0,0.0,70.0,4.0,2.0,2.0,9.0,7.0,3.0,11.0,Master,Married,0,1,0,0,0,0,0
1965.0,42720.0,1.0,1.0,2013.3157534246575,9.0,392.0,5.0,91.0,28.0,26.0,112.0,8.0,7.0,3.0,7.0,8.0,3.0,11.0,Graduation,Single,0,0,0,0,0,0,1
1992.0,83528.0,0.0,0.0,2014.3360730593606,7.0,530.0,117.0,678.0,134.0,44.0,147.0,1.0,4.0,10.0,8.0,1.0,3.0,11.0,Graduation,Single,1,0,0,1,0,0,1
1985.0,92533.0,0.0,0.0,2013.9687214611872,84.0,693.0,21.0,118.0,110.0,147.0,42.0,1.0,6.0,5.0,11.0,2.0,3.0,11.0,Graduation,Married,0,0,1,1,0,0,0
1959.0,71706.0,0.0,1.0,2012.8689497716894,16.0,931.0,56.0,253.0,91.0,98.0,14.0,4.0,9.0,5.0,7.0,5.0,3.0,11.0,Graduation,Together,0,0,0,0,0,0,0
1981.0,24336.0,1.0,0.0,2012.657305936073,82.0,1.0,6.0,2.0,8.0,2.0,12.0,1.0,1.0,0.0,2.0,7.0,3.0,11.0,2n Cycle,Single,0,0,0,0,0,0,0
1967.0,67309.0,1.0,1.0,2013.0630136986301,76.0,515.0,47.0,181.0,149.0,95.0,95.0,15.0,9.0,6.0,9.0,7.0,3.0,11.0,2n Cycle,Together,0,0,0,0,0,0,0
1955.0,61284.0,0.0,0.0,2013.7828767123287,76.0,618.0,15.0,106.0,20.0,7.0,45.0,1.0,11.0,2.0,8.0,6.0,3.0,11.0,PhD,Single,0,1,0,0,0,0,0
1951.0,27450.0,0.0,0.0,2013.291095890411,57.0,37.0,12.0,23.0,8.0,11.0,52.0,1.0,2.0,1.0,3.0,7.0,3.0,11.0,Master,Married,0,0,0,0,0,0,0
1965.0,29672.0,1.0,1.0,2013.1995433789955,6.0,9.0,1.0,3.0,0.0,4.0,8.0,1.0,0.0,0.0,3.0,6.0,3.0,11.0,Graduation,Together,0,0,0,0,0,0,0
1975.0,42160.0,1.0,1.0,2013.4933789954339,26.0,48.0,9.0,45.0,3.0,15.0,20.0,4.0,2.0,1.0,4.0,6.0,3.0,11.0,Graduation,Single,0,0,0,0,0,0,1
1976.0,21675.0,1.0,0.0,2014.4468036529681,55.0,4.0,0.0,16.0,17.0,4.0,4.0,3.0,4.0,0.0,3.0,7.0,3.0,11.0,Graduation,Together,0,0,0,0,0,0,0
1976.0,65104.0,0.0,1.0,2013.8716894977167,4.0,738.0,0.0,232.0,13.0,20.0,50.0,2.0,3.0,5.0,7.0,7.0,3.0,11.0,Master,Together,0,0,0,0,0,0,1
1971.0,35178.0,1.0,0.0,2013.027397260274,10.0,23.0,1.0,13.0,2.0,2.0,18.0,1.0,1.0,1.0,2.0,7.0,3.0,11.0,Master,Married,1,0,0,0,0,0,1
1969.0,65176.0,0.0,1.0,2012.8294520547945,57.0,960.0,28.0,183.0,220.0,70.0,70.0,4.0,9.0,6.0,6.0,6.0,3.0,11.0,Master,Together,0,0,0,0,0,0,0
1970.0,83273.0,1.0,2.0,2012.7351598173516,98.0,433.0,89.0,650.0,16.0,102.0,102.0,10.0,4.0,6.0,9.0,7.0,3.0,11.0,Graduation,Single,0,0,0,0,0,0,0
1965.0,23529.0,0.0,1.0,2013.0191780821917,67.0,9.0,7.0,13.0,3.0,2.0,20.0,1.0,1.0,1.0,2.0,6.0,3.0,11.0,Basic,Single,0,0,0,0,0,0,0
1988.0,23331.0,1.0,0.0,2012.763698630137,97.0,104.0,20.0,101.0,24.0,15.0,5.0,6.0,5.0,1.0,5.0,9.0,3.0,11.0,2n Cycle,Single,0,0,0,0,0,0,0
1972.0,26759.0,1.0,0.0,2014.102511415525,65.0,25.0,3.0,16.0,8.0,5.0,2.0,2.0,2.0,1.0,3.0,6.0,3.0,11.0,Graduation,Divorced,0,0,0,0,0,0,0
1979.0,58025.0,0.0,1.0,2013.9045662100457,81.0,270.0,31.0,88.0,11.0,48.0,22.0,3.0,3.0,2.0,10.0,4.0,3.0,11.0,Graduation,Married,0,0,0,0,0,0,0
1981.0,51111.0,1.0,1.0,2014.4687214611872,83.0,22.0,0.0,19.0,6.0,5.0,3.0,2.0,2.0,0.0,3.0,6.0,3.0,11.0,2n Cycle,Married,0,0,0,0,0,0,0
1950.0,34026.0,1.0,1.0,2013.5970319634703,11.0,18.0,6.0,15.0,12.0,8.0,17.0,3.0,2.0,1.0,3.0,5.0,3.0,11.0,Graduation,Together,0,0,0,0,0,0,0
1954.0,,0.0,1.0,2013.4796803652969,83.0,161.0,0.0,22.0,0.0,0.0,24.0,2.0,4.0,1.0,4.0,6.0,3.0,11.0,Master,Together,0,0,0,0,0,0,0
1978.0,71847.0,0.0,0.0,2012.7242009132422,95.0,737.0,21.0,106.0,55.0,63.0,210.0,0.0,6.0,7.0,9.0,3.0,3.0,11.0,Graduation,Divorced,0,0,0,1,0,0,0
1949.0,72643.0,0.0,0.0,2013.157305936073,60.0,526.0,80.0,553.0,123.0,94.0,53.0,1.0,3.0,10.0,7.0,2.0,3.0,11.0,Graduation,Widow,0,0,0,1,0,0,1
1985.0,33454.0,1.0,0.0,2013.3552511415523,32.0,76.0,10.0,56.0,3.0,1.0,23.0,2.0,4.0,0.0,4.0,8.0,3.0,11.0,PhD,Married,0,0,0,0,0,0,0
1985.0,70596.0,0.0,0.0,2012.763698630137,68.0,347.0,44.0,534.0,17.0,0.0,26.0,1.0,3.0,5.0,12.0,2.0,3.0,11.0,Graduation,Single,0,0,0,0,0,0,0
1968.0,58554.0,1.0,1.0,2012.7378995433792,55.0,368.0,24.0,68.0,38.0,0.0,88.0,6.0,8.0,2.0,6.0,7.0,3.0,11.0,Graduation,Together,0,0,0,0,0,0,0
1972.0,72504.0,0.0,1.0,2013.2664383561644,43.0,604.0,26.0,470.0,123.0,161.0,94.0,2.0,5.0,9.0,6.0,2.0,3.0,11.0,Graduation,Single,0,0,0,0,0,0,0
1965.0,29672.0,1.0,1.0,2013.1995433789955,6.0,9.0,1.0,3.0,0.0,4.0,8.0,1.0,0.0,0.0,3.0,6.0,3.0,11.0,Graduation,Together,0,0,0,0,0,0,0
1981.0,72066.0,0.0,0.0,2014.4796803652969,55.0,1003.0,34.0,536.0,134.0,51.0,34.0,1.0,4.0,6.0,6.0,2.0,3.0,11.0,Graduation,Single,0,0,1,1,0,0,1
1955.0,38725.0,1.0,1.0,2014.3607305936073,52.0,31.0,0.0,6.0,2.0,1.0,5.0,2.0,1.0,0.0,4.0,4.0,3.0,11.0,PhD,Married,0,0,0,0,0,0,0
1975.0,45503.0,1.0,0.0,2013.7351598173516,54.0,97.0,4.0,44.0,6.0,1.0,18.0,1.0,3.0,1.0,4.0,5.0,3.0,11.0,PhD,Married,0,0,0,0,0,0,0
1953.0,56129.0,0.0,1.0,2013.4714611872148,65.0,320.0,48.0,133.0,39.0,72.0,48.0,4.0,6.0,2.0,10.0,4.0,3.0,11.0,Master,Together,0,0,0,0,0,0,0
1972.0,77044.0,0.0,1.0,2013.8239726027398,12.0,625.0,38.0,242.0,50.0,34.0,76.0,2.0,7.0,11.0,11.0,4.0,3.0,11.0,Graduation,Together,1,0,0,0,0,0,0
1978.0,28647.0,1.0,0.0,2013.6408675799087,54.0,19.0,8.0,29.0,0.0,12.0,26.0,1.0,2.0,2.0,2.0,7.0,3.0,11.0,Graduation,Single,1,0,0,0,0,0,1
1979.0,2447.0,1.0,0.0,2013.0164383561644,42.0,1.0,1.0,1725.0,1.0,1.0,1.0,15.0,0.0,28.0,0.0,1.0,3.0,11.0,Graduation,Married,0,0,0,0,0,0,0
1987.0,7500.0,0.0,0.0,2013.0246575342467,94.0,0.0,2.0,3.0,4.0,1.0,5.0,1.0,0.0,0.0,3.0,6.0,3.0,11.0,Graduation,Married,0,0,0,0,0,0,0
1953.0,64108.0,0.0,1.0,2013.2296803652969,8.0,948.0,10.0,86.0,13.0,21.0,21.0,4.0,6.0,9.0,11.0,5.0,3.0,11.0,PhD,Single,0,0,0,0,0,0,0
1972.0,43269.0,1.0,0.0,2013.7105022831051,61.0,10.0,1.0,7.0,0.0,0.0,1.0,1.0,1.0,0.0,2.0,8.0,3.0,11.0,PhD,Married,0,0,0,0,0,0,0
1971.0,91700.0,0.0,0.0,2013.0465753424658,58.0,576.0,172.0,961.0,125.0,115.0,19.0,1.0,8.0,6.0,5.0,3.0,3.0,11.0,Graduation,Single,0,0,0,0,0,0,1
1962.0,47175.0,1.0,1.0,2012.8267123287671,81.0,167.0,2.0,44.0,6.0,2.0,19.0,7.0,4.0,2.0,4.0,8.0,3.0,11.0,Master,Together,1,0,0,0,0,0,1
1971.0,38232.0,1.0,1.0,2014.0465753424658,84.0,43.0,5.0,28.0,7.0,6.0,33.0,4.0,3.0,1.0,3.0,5.0,3.0,11.0,Graduation,Together,0,0,0,0,0,0,0
1967.0,28420.0,1.0,0.0,2013.9824200913242,36.0,4.0,2.0,5.0,2.0,0.0,0.0,1.0,1.0,0.0,2.0,6.0,3.0,11.0,PhD,Divorced,0,0,0,0,0,0,0
1985.0,40101.0,1.0,0.0,2012.7883561643835,73.0,171.0,3.0,129.0,26.0,24.0,62.0,4.0,6.0,1.0,6.0,7.0,3.0,11.0,Master,Together,0,0,0,0,0,0,0
1977.0,28769.0,1.0,0.0,2012.9659817351599,76.0,41.0,5.0,129.0,10.0,3.0,3.0,3.0,4.0,1.0,4.0,9.0,3.0,11.0,Graduation,Single,0,0,0,0,0,0,0
1963.0,32632.0,0.0,0.0,2012.588812785388,32.0,63.0,151.0,137.0,153.0,19.0,53.0,2.0,4.0,4.0,8.0,5.0,3.0,11.0,2n Cycle,Married,0,0,0,0,0,0,0
1975.0,86836.0,0.0,0.0,2012.6995433789955,7.0,179.0,21.0,273.0,0.0,21.0,63.0,1.0,6.0,10.0,6.0,5.0,3.0,11.0,PhD,Married,1,0,1,1,0,0,1
1983.0,23536.0,1.0,0.0,2014.4276255707764,53.0,6.0,0.0,3.0,0.0,0.0,1.0,1.0,0.0,0.0,3.0,3.0,3.0,11.0,PhD,Married,0,0,0,0,0,0,0
1971.0,38590.0,1.0,0.0,2013.3744292237443,65.0,3.0,1.0,8.0,4.0,3.0,3.0,1.0,1.0,0.0,2.0,8.0,3.0,11.0,Graduation,Together,0,0,0,0,0,0,0
1954.0,93404.0,1.0,2.0,2013.352511415525,97.0,1279.0,15.0,287.0,20.0,0.0,15.0,3.0,3.0,4.0,7.0,5.0,3.0,11.0,Graduation,Married,0,1,1,0,0,0,0
1956.0,79456.0,0.0,0.0,2012.643607305936,12.0,565.0,42.0,548.0,64.0,83.0,99.0,1.0,5.0,6.0,4.0,3.0,3.0,11.0,Graduation,Married,0,0,0,0,0,0,1
1971.0,86979.0,0.0,0.0,2013.852511415525,67.0,584.0,100.0,835.0,65.0,83.0,35.0,1.0,5.0,5.0,5.0,2.0,3.0,11.0,PhD,Divorced,1,0,0,0,0,0,1
1975.0,33249.0,1.0,0.0,2013.1381278538813,11.0,6.0,10.0,21.0,19.0,14.0,42.0,2.0,2.0,1.0,3.0,6.0,3.0,11.0,Graduation,Single,0,0,0,0,0,0,0
1951.0,86610.0,0.0,0.0,2013.6803652968038,66.0,446.0,107.0,768.0,33.0,196.0,53.0,1.0,5.0,6.0,6.0,2.0,3.0,11.0,Graduation,Together,0,0,0,0,0,0,0
1985.0,7500.0,1.0,0.0,2012.5860730593606,98.0,5.0,17.0,17.0,13.0,14.0,34.0,4.0,2.0,1.0,3.0,9.0,3.0,11.0,2n Cycle,Together,0,0,0,0,0,0,0
1951.0,39767.0,0.0,0.0,2013.5575342465754,18.0,113.0,61.0,204.0,34.0,26.0,47.0,2.0,7.0,1.0,7.0,8.0,3.0,11.0,Master,Together,0,0,0,0,0,0,0
1975.0,44319.0,1.0,1.0,2014.2965753424658,18.0,26.0,0.0,8.0,0.0,0.0,3.0,2.0,2.0,0.0,3.0,5.0,3.0,11.0,Master,Married,0,0,0,0,0,0,0
1992.0,15253.0,1.0,0.0,2013.8267123287671,13.0,1.0,3.0,3.0,8.0,1.0,13.0,2.0,1.0,0.0,3.0,7.0,3.0,11.0,Basic,Single,0,0,0,0,0,0,0
1972.0,76234.0,0.0,1.0,2014.0997716894976,21.0,519.0,50.0,167.0,130.0,0.0,41.0,1.0,8.0,3.0,11.0,3.0,3.0,11.0,Master,Married,0,1,0,0,0,0,0
1970.0,36138.0,1.0,1.0,2013.5438356164384,48.0,130.0,0.0,16.0,0.0,0.0,5.0,5.0,3.0,1.0,4.0,7.0,3.0,11.0,Master,Married,0,1,0,0,0,0,0
1959.0,79823.0,0.0,1.0,2014.251598173516,6.0,835.0,73.0,380.0,114.0,73.0,43.0,1.0,6.0,9.0,7.0,2.0,3.0,11.0,Graduation,Married,0,1,0,0,0,0,0
1971.0,37150.0,1.0,0.0,2012.6968036529681,80.0,167.0,37.0,64.0,49.0,34.0,116.0,8.0,4.0,3.0,6.0,7.0,3.0,11.0,Graduation,Married,0,0,0,0,0,0,0
1973.0,35860.0,1.0,1.0,2014.3853881278537,37.0,15.0,0.0,8.0,4.0,2.0,20.0,2.0,1.0,1.0,2.0,5.0,3.0,11.0,PhD,Alone,1,0,0,0,0,0,1
1972.0,38578.0,1.0,1.0,2013.4769406392695,2.0,38.0,4.0,22.0,3.0,3.0,3.0,3.0,3.0,0.0,3.0,8.0,3.0,11.0,PhD,Single,0,0,0,0,0,0,1
1977.0,54809.0,1.0,1.0,2013.6968036529681,0.0,63.0,6.0,57.0,13.0,13.0,22.0,4.0,2.0,1.0,5.0,4.0,3.0,11.0,Graduation,Married,0,0,0,0,0,0,1
1976.0,33181.0,1.0,0.0,2014.0082191780823,90.0,9.0,0.0,3.0,0.0,0.0,4.0,1.0,1.0,0.0,2.0,6.0,3.0,11.0,Master,Married,1,0,0,0,0,0,0
1966.0,79946.0,0.0,0.0,2014.366210045662,19.0,395.0,183.0,565.0,166.0,141.0,28.0,1.0,5.0,11.0,5.0,3.0,3.0,11.0,Graduation,Widow,0,0,0,0,0,0,0
1953.0,47703.0,0.0,1.0,2013.4127853881278,95.0,359.0,0.0,134.0,13.0,26.0,123.0,4.0,6.0,3.0,8.0,5.0,3.0,11.0,Graduation,Married,0,0,0,0,0,0,0
1973.0,60432.0,0.0,1.0,2014.1913242009134,61.0,365.0,3.0,15.0,4.0,3.0,11.0,5.0,7.0,2.0,5.0,6.0,3.0,11.0,Master,Married,0,0,0,0,0,0,0
1950.0,80763.0,0.0,0.0,2013.6244292237443,17.0,674.0,168.0,108.0,192.0,42.0,231.0,1.0,5.0,11.0,6.0,3.0,3.0,11.0,Graduation,Married,0,0,1,1,0,0,1
1961.0,16860.0,1.0,1.0,2012.6995433789955,19.0,10.0,4.0,4.0,3.0,3.0,14.0,3.0,1.0,1.0,3.0,7.0,3.0,11.0,Graduation,Married,0,0,0,0,0,0,0
1968.0,34916.0,2.0,0.0,2013.3744292237443,89.0,51.0,23.0,82.0,33.0,0.0,42.0,4.0,5.0,1.0,3.0,9.0,3.0,11.0,Graduation,Together,0,0,0,0,0,0,0
1956.0,28839.0,1.0,1.0,2014.1968036529681,86.0,24.0,0.0,7.0,0.0,0.0,1.0,2.0,2.0,0.0,3.0,5.0,3.0,11.0,Master,Together,0,0,0,0,0,0,0
1971.0,25721.0,1.0,0.0,2013.3908675799087,75.0,1.0,3.0,6.0,3.0,6.0,15.0,1.0,1.0,1.0,2.0,7.0,3.0,11.0,Graduation,Married,0,0,0,0,0,0,1
1989.0,17487.0,1.0,0.0,2013.2159817351599,37.0,0.0,0.0,1.0,7.0,4.0,6.0,1.0,1.0,0.0,2.0,7.0,3.0,11.0,Basic,Married,0,0,0,0,0,0,0
1981.0,56981.0,0.0,0.0,2014.0684931506848,91.0,908.0,48.0,217.0,32.0,12.0,24.0,1.0,2.0,3.0,13.0,6.0,3.0,11.0,Graduation,Divorced,0,1,0,0,0,0,0
1943.0,77598.0,0.0,0.0,2013.7527397260274,53.0,1193.0,33.0,281.0,129.0,66.0,33.0,1.0,7.0,5.0,13.0,3.0,3.0,11.0,Master,Single,0,0,1,0,0,0,0
1970.0,69084.0,1.0,0.0,2013.8853881278537,43.0,1181.0,107.0,199.0,39.0,30.0,30.0,2.0,7.0,3.0,13.0,8.0,3.0,11.0,PhD,Married,0,0,0,0,0,0,0
1970.0,53187.0,1.0,0.0,2013.8212328767124,66.0,211.0,2.0,30.0,7.0,7.0,10.0,2.0,4.0,1.0,6.0,5.0,3.0,11.0,Graduation,Together,0,0,0,0,0,0,0
1972.0,24762.0,1.0,0.0,2014.1107305936073,16.0,6.0,10.0,12.0,3.0,15.0,40.0,3.0,3.0,1.0,2.0,8.0,3.0,11.0,Graduation,Single,1,0,0,0,0,0,1
1979.0,54210.0,0.0,1.0,2013.3881278538813,18.0,70.0,54.0,109.0,80.0,9.0,45.0,2.0,4.0,1.0,7.0,5.0,3.0,11.0,2n Cycle,Married,0,0,0,0,0,0,0
1972.0,21359.0,1.0,0.0,2013.304794520548,1.0,12.0,2.0,17.0,6.0,1.0,10.0,2.0,2.0,0.0,3.0,8.0,3.0,11.0,Graduation,Single,0,0,0,0,0,0,1
1958.0,71691.0,0.0,0.0,2014.2132420091325,0.0,336.0,130.0,411.0,240.0,32.0,43.0,1.0,4.0,7.0,5.0,2.0,3.0,11.0,PhD,Single,0,0,0,0,0,0,1
1976.0,162397.0,1.0,1.0,2013.424885844749,31.0,85.0,1.0,16.0,2.0,1.0,2.0,0.0,0.0,0.0,1.0,1.0,3.0,11.0,PhD,Together,0,0,0,0,0,0,0
1966.0,57811.0,0.0,1.0,2013.4824200913242,49.0,545.0,7.0,114.0,37.0,21.0,78.0,5.0,7.0,2.0,11.0,5.0,3.0,11.0,Graduation,Together,0,1,0,0,0,0,0
1957.0,23539.0,0.0,0.0,2014.1600456621004,13.0,4.0,24.0,11.0,16.0,1.0,25.0,1.0,2.0,0.0,4.0,6.0,3.0,11.0,Graduation,Married,0,0,0,0,0,0,0
1961.0,45938.0,0.0,0.0,2013.8415525114156,46.0,273.0,11.0,178.0,62.0,83.0,29.0,2.0,8.0,4.0,6.0,6.0,3.0,11.0,Graduation,Single,0,0,0,0,0,0,0
1989.0,38683.0,1.0,0.0,2012.7609589041097,80.0,46.0,35.0,69.0,84.0,41.0,66.0,6.0,4.0,1.0,6.0,7.0,3.0,11.0,2n Cycle,Together,0,0,0,0,0,0,0
1952.0,77610.0,0.0,1.0,2012.8294520547945,70.0,1245.0,33.0,332.0,21.0,33.0,16.0,2.0,4.0,7.0,4.0,7.0,3.0,11.0,PhD,Married,0,0,0,0,0,0,0
1960.0,87305.0,0.0,0.0,2012.7296803652969,19.0,345.0,25.0,501.0,63.0,138.0,80.0,1.0,5.0,3.0,8.0,2.0,3.0,11.0,2n Cycle,Divorced,0,0,1,0,0,0,1
1953.0,56129.0,0.0,1.0,2013.4714611872148,65.0,320.0,48.0,133.0,39.0,72.0,48.0,4.0,6.0,2.0,10.0,4.0,3.0,11.0,Master,Together,0,0,0,0,0,0,0
1956.0,84117.0,0.0,0.0,2014.3634703196346,60.0,611.0,76.0,749.0,59.0,45.0,26.0,1.0,7.0,10.0,6.0,2.0,3.0,11.0,PhD,Married,0,0,1,0,0,0,0
1949.0,80360.0,0.0,0.0,2013.174885844749,56.0,1493.0,86.0,454.0,112.0,43.0,43.0,2.0,4.0,4.0,5.0,2.0,3.0,11.0,PhD,Married,0,1,1,1,0,0,0
1959.0,52854.0,1.0,1.0,2014.2324200913242,43.0,105.0,0.0,10.0,0.0,1.0,0.0,2.0,2.0,1.0,4.0,5.0,3.0,11.0,PhD,Married,0,0,0,0,0,0,0
1975.0,79174.0,0.0,0.0,2013.0301369863014,2.0,1074.0,37.0,518.0,193.0,92.0,129.0,1.0,5.0,6.0,7.0,2.0,3.0,11.0,PhD,Married,0,0,1,1,0,0,1
1977.0,31353.0,1.0,1.0,2013.9961187214612,24.0,10.0,0.0,10.0,3.0,1.0,7.0,2.0,1.0,1.0,2.0,8.0,3.0,11.0,Graduation,Married,0,0,0,0,0,0,0
1951.0,94642.0,0.0,0.0,2014.116210045662,35.0,879.0,143.0,797.0,106.0,143.0,143.0,0.0,5.0,7.0,9.0,1.0,3.0,11.0,Graduation,Married,0,0,1,1,0,0,0
1965.0,32727.0,0.0,0.0,2012.6600456621004,38.0,167.0,13.0,180.0,86.0,13.0,70.0,2.0,7.0,3.0,5.0,8.0,3.0,11.0,PhD,Together,0,0,0,0,0,0,0
1965.0,46891.0,0.0,1.0,2013.669406392694,91.0,43.0,12.0,23.0,29.0,15.0,61.0,1.0,2.0,1.0,4.0,4.0,3.0,11.0,2n Cycle,Married,0,0,0,0,0,0,0
1964.0,49096.0,1.0,1.0,2013.7324200913242,15.0,144.0,1.0,32.0,2.0,1.0,7.0,4.0,4.0,1.0,4.0,7.0,3.0,11.0,Graduation,Married,0,0,0,0,0,0,0
1975.0,54730.0,0.0,1.0,2013.6244292237443,64.0,318.0,3.0,17.0,4.0,7.0,56.0,5.0,4.0,1.0,8.0,4.0,3.0,11.0,Master,Married,0,0,0,0,0,0,0
1947.0,81574.0,0.0,0.0,2014.3267123287671,89.0,1252.0,0.0,465.0,46.0,35.0,0.0,1.0,4.0,5.0,8.0,1.0,3.0,11.0,PhD,Together,0,1,1,0,0,0,0
1968.0,41728.0,1.0,0.0,2013.3990867579907,92.0,13.0,6.0,15.0,3.0,5.0,13.0,1.0,2.0,0.0,2.0,10.0,3.0,11.0,Graduation,Together,0,0,0,0,0,0,0
1968.0,41335.0,1.0,0.0,2013.9878995433792,24.0,112.0,19.0,21.0,16.0,14.0,5.0,3.0,4.0,1.0,4.0,7.0,3.0,11.0,Master,Divorced,0,0,0,0,0,0,0
1946.0,51012.0,0.0,0.0,2013.2993150684931,86.0,102.0,9.0,63.0,2.0,9.0,24.0,1.0,4.0,1.0,4.0,6.0,3.0,11.0,PhD,Married,0,0,0,0,0,0,0
1973.0,65333.0,0.0,1.0,2014.0465753424658,58.0,654.0,7.0,92.0,0.0,15.0,30.0,7.0,9.0,4.0,8.0,6.0,3.0,11.0,Graduation,Single,0,1,1,0,0,0,0
1959.0,23295.0,0.0,0.0,2013.535616438356,72.0,0.0,0.0,1.0,2.0,12.0,5.0,1.0,1.0,0.0,2.0,8.0,3.0,11.0,Graduation,Divorced,0,0,0,0,0,0,0
1980.0,44010.0,1.0,0.0,2012.785616438356,46.0,186.0,36.0,234.0,86.0,72.0,48.0,6.0,10.0,2.0,6.0,9.0,3.0,11.0,Graduation,Together,0,0,0,0,0,0,0
1970.0,28164.0,1.0,0.0,2013.344292237443,23.0,3.0,18.0,26.0,11.0,8.0,12.0,3.0,2.0,0.0,4.0,7.0,3.0,11.0,Graduation,Married,0,0,0,0,0,0,0
1972.0,70116.0,0.0,0.0,2013.0712328767124,73.0,707.0,44.0,603.0,95.0,58.0,29.0,1.0,2.0,8.0,12.0,1.0,3.0,11.0,PhD,Married,0,0,0,0,0,0,0
1969.0,35924.0,1.0,1.0,2014.2296803652969,56.0,8.0,0.0,14.0,2.0,3.0,7.0,1.0,1.0,0.0,3.0,5.0,3.0,11.0,Master,Together,0,0,0,0,0,0,0
1986.0,91820.0,0.0,0.0,2013.8963470319634,72.0,410.0,73.0,747.0,76.0,161.0,30.0,0.0,5.0,5.0,12.0,1.0,3.0,11.0,PhD,Together,0,0,0,0,0,0,0
1950.0,50616.0,0.0,1.0,2014.285616438356,71.0,30.0,2.0,25.0,0.0,1.0,9.0,1.0,1.0,1.0,4.0,2.0,3.0,11.0,PhD,Together,0,0,0,0,0,0,0
1974.0,26751.0,2.0,0.0,2014.393607305936,26.0,1.0,1.0,5.0,0.0,3.0,1.0,1.0,1.0,0.0,2.0,8.0,3.0,11.0,Graduation,Married,0,0,0,0,0,0,0
1977.0,35790.0,1.0,0.0,2013.0054794520547,54.0,12.0,6.0,20.0,30.0,1.0,3.0,2.0,2.0,0.0,3.0,7.0,3.0,11.0,Graduation,Single,0,0,0,0,0,0,0
1955.0,67225.0,0.0,1.0,2013.9045662100457,4.0,315.0,35.0,322.0,46.0,7.0,143.0,3.0,7.0,2.0,11.0,5.0,3.0,11.0,Graduation,Married,0,0,0,0,0,0,0
1985.0,19986.0,1.0,0.0,2013.8716894977167,74.0,3.0,6.0,5.0,0.0,2.0,6.0,1.0,0.0,0.0,3.0,7.0,3.0,11.0,Graduation,Married,0,0,0,0,0,0,0
1963.0,34213.0,1.0,1.0,2012.6858447488585,2.0,50.0,4.0,28.0,6.0,3.0,26.0,3.0,3.0,1.0,2.0,9.0,3.0,11.0,Graduation,Widow,0,0,0,0,0,0,1
1973.0,32644.0,1.0,0.0,2013.0438356164384,38.0,239.0,3.0,141.0,0.0,7.0,23.0,4.0,7.0,1.0,6.0,8.0,3.0,11.0,PhD,Married,1,0,0,0,0,0,0
1975.0,60554.0,1.0,0.0,2013.60799086758,8.0,588.0,7.0,76.0,110.0,15.0,15.0,2.0,8.0,4.0,9.0,6.0,3.0,11.0,PhD,Divorced,0,0,0,0,0,0,0
1965.0,44300.0,1.0,1.0,2013.4796803652969,65.0,30.0,0.0,9.0,0.0,0.0,3.0,2.0,1.0,0.0,3.0,6.0,3.0,11.0,Graduation,Married,0,0,0,0,0,0,0
1962.0,58646.0,0.0,1.0,2013.4440639269408,3.0,62.0,1.0,44.0,6.0,5.0,22.0,1.0,2.0,1.0,4.0,4.0,3.0,11.0,Master,Married,0,0,0,0,0,0,0
1952.0,83844.0,0.0,0.0,2013.366210045662,57.0,901.0,31.0,345.0,75.0,31.0,191.0,1.0,4.0,4.0,11.0,1.0,3.0,11.0,Graduation,Together,0,0,1,0,0,0,0
1952.0,51537.0,0.0,1.0,2012.9413242009134,27.0,787.0,20.0,204.0,0.0,0.0,92.0,3.0,2.0,2.0,11.0,8.0,3.0,11.0,Graduation,Divorced,0,0,0,0,0,0,0
1980.0,33228.0,1.0,0.0,2014.0630136986301,28.0,22.0,2.0,31.0,7.0,4.0,5.0,1.0,2.0,0.0,3.0,7.0,3.0,11.0,Graduation,Married,0,0,0,0,0,0,0
1969.0,81657.0,0.0,0.0,2014.0602739726028,69.0,364.0,40.0,425.0,158.0,60.0,50.0,1.0,3.0,4.0,8.0,1.0,3.0,11.0,Graduation,Single,0,0,0,0,0,0,0
1952.0,63998.0,0.0,0.0,2013.9714611872148,42.0,176.0,29.0,818.0,0.0,33.0,112.0,1.0,7.0,6.0,11.0,4.0,3.0,11.0,2n Cycle,Divorced,0,0,0,0,0,0,1
1968.0,43795.0,0.0,1.0,2013.7938356164384,11.0,314.0,11.0,53.0,4.0,3.0,107.0,3.0,7.0,3.0,4.0,7.0,3.0,11.0,Master,Together,0,1,0,0,0,0,1
1990.0,35765.0,1.0,0.0,2013.9468036529681,86.0,22.0,3.0,30.0,0.0,5.0,15.0,2.0,2.0,0.0,4.0,6.0,3.0,11.0,Graduation,Married,0,0,0,0,0,0,0
1964.0,64140.0,0.0,2.0,2013.7296803652969,71.0,1459.0,0.0,61.0,0.0,15.0,215.0,5.0,2.0,5.0,6.0,5.0,3.0,11.0,PhD,Divorced,1,0,1,0,0,1,1
1951.0,67680.0,0.0,1.0,2013.4468036529681,8.0,546.0,0.0,48.0,0.0,6.0,6.0,1.0,7.0,3.0,8.0,5.0,3.0,11.0,PhD,Widow,0,0,0,0,0,0,0
1958.0,75154.0,0.0,1.0,2012.6776255707764,79.0,543.0,10.0,205.0,160.0,143.0,82.0,1.0,6.0,3.0,6.0,3.0,3.0,11.0,Master,Single,0,0,0,0,0,0,1
1986.0,80910.0,0.0,0.0,2012.8349315068492,71.0,160.0,80.0,369.0,67.0,39.0,41.0,1.0,3.0,3.0,8.0,1.0,3.0,11.0,2n Cycle,Single,0,0,0,0,0,0,0
1961.0,79410.0,0.0,0.0,2014.4127853881278,19.0,658.0,80.0,483.0,123.0,13.0,13.0,1.0,3.0,2.0,5.0,1.0,3.0,11.0,Graduation,Married,0,0,0,0,0,0,0
1978.0,33039.0,1.0,0.0,2013.6913242009134,4.0,30.0,8.0,12.0,8.0,8.0,12.0,1.0,2.0,0.0,4.0,5.0,3.0,11.0,Graduation,Married,0,0,0,0,0,0,0
1952.0,83844.0,0.0,0.0,2013.366210045662,57.0,901.0,31.0,345.0,75.0,31.0,191.0,1.0,4.0,4.0,11.0,1.0,3.0,11.0,Graduation,Together,0,0,1,0,0,0,0
1969.0,79734.0,0.0,0.0,2014.4933789954339,72.0,572.0,8.0,232.0,23.0,62.0,17.0,1.0,4.0,3.0,6.0,1.0,3.0,11.0,Master,Married,0,0,0,1,0,0,0
1972.0,78075.0,0.0,0.0,2014.263698630137,72.0,572.0,8.0,259.0,34.0,35.0,80.0,1.0,3.0,5.0,5.0,1.0,3.0,11.0,PhD,Married,0,0,0,0,0,0,0
1959.0,87771.0,0.0,1.0,2013.393607305936,61.0,1492.0,38.0,287.0,50.0,57.0,33.0,1.0,5.0,10.0,4.0,6.0,3.0,11.0,Graduation,Together,0,1,1,1,0,1,1
1951.0,34838.0,1.0,1.0,2013.0520547945205,62.0,28.0,23.0,29.0,29.0,14.0,47.0,3.0,2.0,1.0,4.0,6.0,3.0,11.0,Graduation,Married,0,0,0,0,0,0,0
1974.0,44989.0,0.0,1.0,2012.6995433789955,26.0,98.0,0.0,106.0,49.0,10.0,106.0,5.0,5.0,1.0,5.0,6.0,3.0,11.0,Graduation,Married,0,0,0,0,0,0,0
1951.0,15033.0,0.0,0.0,2014.2938356164384,37.0,0.0,4.0,5.0,6.0,0.0,4.0,1.0,1.0,0.0,3.0,3.0,3.0,11.0,Graduation,Single,0,0,0,0,0,0,0
1972.0,26290.0,1.0,1.0,2013.0328767123287,49.0,15.0,8.0,16.0,11.0,5.0,22.0,4.0,2.0,0.0,4.0,6.0,3.0,11.0,Graduation,Together,0,0,0,0,0,0,0
1974.0,75702.0,0.0,1.0,2012.7883561643835,87.0,1073.0,0.0,629.0,145.0,37.0,37.0,1.0,10.0,5.0,13.0,6.0,3.0,11.0,Graduation,Together,0,0,1,0,0,0,0
1979.0,15862.0,1.0,0.0,2013.4906392694065,26.0,1.0,1.0,4.0,11.0,9.0,10.0,1.0,1.0,0.0,3.0,8.0,3.0,11.0,Basic,Single,0,0,0,0,0,0,0
1950.0,55517.0,1.0,1.0,2012.7406392694065,53.0,483.0,0.0,108.0,0.0,6.0,36.0,5.0,11.0,1.0,6.0,9.0,3.0,11.0,PhD,Married,0,0,0,0,0,0,1
1979.0,27922.0,1.0,0.0,2014.3607305936073,80.0,11.0,0.0,13.0,2.0,4.0,11.0,1.0,2.0,0.0,3.0,4.0,3.0,11.0,PhD,Together,0,0,0,0,0,0,0
1966.0,47472.0,1.0,1.0,2013.7105022831051,39.0,56.0,0.0,11.0,0.0,0.0,8.0,2.0,2.0,0.0,4.0,5.0,3.0,11.0,PhD,Together,0,0,0,0,0,0,0
1968.0,73455.0,0.0,0.0,2013.8267123287671,98.0,901.0,61.0,757.0,186.0,163.0,20.0,1.0,6.0,5.0,10.0,3.0,3.0,11.0,Graduation,Widow,0,1,0,0,0,0,0
1986.0,26816.0,0.0,0.0,2012.629908675799,50.0,5.0,1.0,6.0,3.0,4.0,3.0,1.0,0.0,0.0,3.0,4.0,3.0,11.0,Graduation,Single,0,0,0,0,0,0,0
1978.0,52513.0,0.0,0.0,2012.6776255707764,84.0,367.0,17.0,241.0,104.0,188.0,232.0,2.0,9.0,5.0,9.0,7.0,3.0,11.0,2n Cycle,Together,0,0,0,0,0,0,0
1985.0,70596.0,0.0,0.0,2012.763698630137,68.0,347.0,44.0,534.0,17.0,0.0,26.0,1.0,3.0,5.0,12.0,2.0,3.0,11.0,Graduation,Single,0,0,0,0,0,0,0
1971.0,42403.0,1.0,0.0,2013.9468036529681,18.0,22.0,1.0,11.0,0.0,5.0,3.0,1.0,1.0,0.0,3.0,8.0,3.0,11.0,PhD,Married,0,0,0,0,0,0,0
1960.0,65695.0,0.0,1.0,2014.0849315068492,50.0,371.0,32.0,189.0,0.0,58.0,6.0,2.0,5.0,4.0,10.0,4.0,3.0,11.0,PhD,Married,0,0,0,0,0,0,0
1993.0,70515.0,0.0,0.0,2013.8075342465754,12.0,420.0,0.0,452.0,182.0,64.0,140.0,1.0,6.0,6.0,4.0,2.0,3.0,11.0,Graduation,Single,0,0,0,0,0,0,1
1974.0,18393.0,1.0,0.0,2014.2461187214612,2.0,7.0,10.0,13.0,16.0,0.0,4.0,2.0,3.0,0.0,3.0,8.0,3.0,11.0,Basic,Married,0,0,0,0,0,0,0
1946.0,44124.0,0.0,1.0,2013.3634703196346,62.0,284.0,0.0,55.0,0.0,6.0,52.0,4.0,6.0,2.0,5.0,8.0,3.0,11.0,PhD,Together,0,0,0,0,0,0,0
1943.0,,0.0,0.0,2013.8321917808219,75.0,532.0,126.0,490.0,164.0,126.0,126.0,1.0,5.0,5.0,11.0,1.0,3.0,11.0,Master,Widow,0,0,1,0,0,0,1
1949.0,70165.0,0.0,0.0,2013.7269406392695,60.0,161.0,0.0,253.0,199.0,191.0,122.0,1.0,3.0,7.0,11.0,1.0,3.0,11.0,Graduation,Widow,0,0,0,0,0,0,0
1963.0,80124.0,0.0,0.0,2014.4878995433792,47.0,483.0,84.0,398.0,205.0,84.0,241.0,1.0,3.0,7.0,8.0,1.0,3.0,11.0,Graduation,Married,1,0,0,0,0,0,0
1982.0,41039.0,0.0,0.0,2013.5684931506848,32.0,34.0,11.0,137.0,179.0,61.0,45.0,1.0,8.0,1.0,5.0,8.0,3.0,11.0,2n Cycle,Together,0,0,0,0,0,0,0
1978.0,67023.0,0.0,0.0,2014.1776255707764,93.0,444.0,44.0,382.0,11.0,8.0,17.0,1.0,3.0,7.0,13.0,2.0,3.0,11.0,Graduation,Married,0,0,0,0,1,0,0
1994.0,80134.0,0.0,0.0,2014.1216894977167,11.0,966.0,26.0,282.0,52.0,26.0,26.0,1.0,2.0,7.0,11.0,5.0,3.0,11.0,Graduation,Together,0,1,1,1,0,1,0
1987.0,17323.0,0.0,0.0,2012.777397260274,38.0,3.0,14.0,17.0,6.0,1.0,5.0,1.0,1.0,0.0,3.0,8.0,3.0,11.0,Graduation,Married,0,0,0,0,0,0,0
1977.0,31056.0,1.0,0.0,2013.0602739726028,99.0,5.0,10.0,13.0,3.0,8.0,16.0,1.0,1.0,0.0,3.0,8.0,3.0,11.0,2n Cycle,Married,0,0,0,0,0,0,0
1975.0,31160.0,1.0,0.0,2013.7105022831051,59.0,16.0,3.0,25.0,6.0,1.0,13.0,2.0,2.0,0.0,3.0,8.0,3.0,11.0,Master,Single,0,0,0,0,0,0,0
1979.0,36781.0,1.0,0.0,2014.277397260274,16.0,29.0,1.0,17.0,0.0,3.0,13.0,1.0,2.0,1.0,2.0,8.0,3.0,11.0,Graduation,Married,0,0,0,0,0,0,1
1990.0,74214.0,0.0,0.0,2012.6545662100457,3.0,863.0,83.0,547.0,86.0,99.0,33.0,1.0,8.0,2.0,5.0,5.0,3.0,11.0,PhD,Married,0,0,0,0,0,0,0
1952.0,55951.0,0.0,1.0,2012.6463470319634,62.0,1241.0,0.0,80.0,0.0,13.0,40.0,3.0,3.0,6.0,11.0,8.0,3.0,11.0,Master,Together,0,1,0,0,0,1,0
1982.0,6560.0,0.0,0.0,2013.9495433789955,2.0,67.0,11.0,26.0,4.0,3.0,262.0,0.0,1.0,0.0,1.0,17.0,3.0,11.0,Master,Single,0,0,0,0,0,0,0
1969.0,56242.0,0.0,1.0,2013.174885844749,72.0,689.0,8.0,167.0,11.0,8.0,88.0,5.0,8.0,4.0,11.0,6.0,3.0,11.0,PhD,Married,0,0,0,0,0,0,0
1958.0,78331.0,0.0,1.0,2014.0630136986301,97.0,756.0,138.0,354.0,160.0,169.0,61.0,2.0,10.0,6.0,7.0,4.0,3.0,11.0,Graduation,Divorced,0,0,0,0,0,0,0
1952.0,47958.0,0.0,1.0,2013.0520547945205,8.0,268.0,11.0,88.0,15.0,3.0,22.0,2.0,6.0,3.0,5.0,5.0,3.0,11.0,Graduation,Single,0,0,0,0,0,0,0
1985.0,22327.0,1.0,0.0,2013.588812785388,94.0,5.0,4.0,8.0,2.0,0.0,5.0,1.0,1.0,0.0,3.0,5.0,3.0,11.0,Graduation,Single,0,0,0,0,0,0,0
1979.0,45057.0,1.0,0.0,2013.919406392694,80.0,37.0,0.0,7.0,3.0,0.0,3.0,1.0,2.0,0.0,3.0,5.0,3.0,11.0,Master,Married,0,0,0,0,0,0,0
1982.0,75777.0,0.0,0.0,2013.5109589041097,12.0,712.0,26.0,538.0,69.0,13.0,80.0,1.0,3.0,6.0,11.0,1.0,3.0,11.0,Master,Single,0,1,1,0,0,0,1
1952.0,57247.0,0.0,1.0,2013.6052511415523,50.0,99.0,4.0,32.0,37.0,54.0,6.0,2.0,2.0,1.0,7.0,2.0,3.0,11.0,2n Cycle,Together,0,0,0,0,0,0,0
1951.0,78497.0,0.0,0.0,2013.919406392694,44.0,207.0,26.0,447.0,75.0,0.0,223.0,1.0,5.0,7.0,12.0,2.0,3.0,11.0,2n Cycle,Married,0,0,0,1,0,0,0
1968.0,38236.0,1.0,1.0,2013.7214611872148,2.0,58.0,0.0,18.0,2.0,0.0,10.0,4.0,3.0,0.0,4.0,7.0,3.0,11.0,PhD,Single,0,0,0,0,0,0,0
1986.0,22518.0,1.0,0.0,2012.8102739726028,36.0,11.0,7.0,12.0,2.0,2.0,27.0,2.0,2.0,1.0,2.0,5.0,3.0,11.0,Graduation,Married,1,0,0,0,0,0,1
1955.0,75261.0,0.0,0.0,2013.3130136986301,17.0,1239.0,17.0,413.0,23.0,34.0,17.0,1.0,5.0,6.0,5.0,2.0,3.0,11.0,PhD,Together,0,1,1,0,0,0,1
1965.0,36317.0,0.0,1.0,2013.393607305936,53.0,87.0,3.0,25.0,3.0,2.0,13.0,2.0,3.0,0.0,4.0,7.0,3.0,11.0,Graduation,Together,0,0,0,0,0,0,0
1973.0,20427.0,1.0,0.0,2014.2324200913242,63.0,5.0,0.0,4.0,0.0,0.0,1.0,1.0,1.0,0.0,2.0,8.0,3.0,11.0,PhD,Together,0,0,0,0,0,0,0
1970.0,66731.0,0.0,1.0,2012.6995433789955,33.0,371.0,159.0,194.0,58.0,106.0,141.0,4.0,4.0,3.0,6.0,3.0,3.0,11.0,Graduation,Widow,0,0,0,0,0,0,0
1979.0,13533.0,1.0,0.0,2013.1940639269408,45.0,12.0,3.0,8.0,8.0,0.0,17.0,2.0,2.0,0.0,3.0,7.0,3.0,11.0,2n Cycle,Divorced,0,0,0,0,0,0,0
1991.0,89891.0,0.0,0.0,2013.291095890411,17.0,412.0,22.0,132.0,59.0,28.0,183.0,1.0,11.0,6.0,8.0,4.0,3.0,11.0,Graduation,Together,0,0,1,0,0,0,0
1975.0,79205.0,0.0,0.0,2012.6627853881278,73.0,504.0,23.0,117.0,179.0,28.0,44.0,1.0,6.0,5.0,4.0,4.0,3.0,11.0,Graduation,Married,0,0,0,1,0,0,1
1971.0,29732.0,1.0,0.0,2014.2351598173516,23.0,25.0,0.0,8.0,0.0,1.0,4.0,1.0,2.0,0.0,2.0,9.0,3.0,11.0,PhD,Together,0,0,0,0,0,0,0
1975.0,57036.0,0.0,1.0,2012.9468036529681,33.0,1171.0,43.0,219.0,19.0,14.0,47.0,4.0,6.0,3.0,13.0,9.0,3.0,11.0,2n Cycle,Married,1,0,0,0,0,0,0
1986.0,69867.0,0.0,0.0,2013.2554794520547,30.0,196.0,0.0,512.0,33.0,130.0,54.0,1.0,3.0,5.0,8.0,1.0,3.0,11.0,PhD,Single,0,0,0,1,0,0,1
1990.0,18222.0,0.0,0.0,2013.001598173516,70.0,12.0,4.0,19.0,12.0,6.0,14.0,1.0,2.0,0.0,3.0,8.0,3.0,11.0,Graduation,Married,0,0,0,0,0,0,0
1970.0,20587.0,1.0,0.0,2014.3634703196346,39.0,2.0,3.0,6.0,4.0,1.0,9.0,1.0,1.0,1.0,2.0,7.0,3.0,11.0,Graduation,Single,0,0,0,0,0,0,0
1956.0,54603.0,1.0,1.0,2013.5246575342467,85.0,145.0,13.0,46.0,17.0,2.0,4.0,6.0,4.0,2.0,4.0,7.0,3.0,11.0,Master,Together,0,0,0,0,0,0,0
1984.0,34738.0,1.0,0.0,2014.3634703196346,51.0,3.0,2.0,10.0,3.0,0.0,2.0,1.0,1.0,0.0,3.0,6.0,3.0,11.0,Graduation,Single,0,0,0,0,0,0,0
1974.0,38410.0,0.0,0.0,2012.7050228310502,65.0,153.0,64.0,123.0,116.0,64.0,14.0,2.0,5.0,2.0,9.0,6.0,3.0,11.0,PhD,Married,0,0,0,0,0,0,1
1981.0,27733.0,1.0,0.0,2013.6545662100457,16.0,0.0,7.0,5.0,26.0,2.0,17.0,2.0,2.0,0.0,3.0,7.0,3.0,11.0,2n Cycle,Married,0,0,0,0,0,0,0
1975.0,11448.0,0.0,0.0,2013.9577625570778,16.0,0.0,0.0,0.0,6.0,2.0,6.0,1.0,1.0,0.0,2.0,6.0,3.0,11.0,2n Cycle,Divorced,0,0,0,0,0,0,0
1989.0,75433.0,1.0,0.0,2014.263698630137,28.0,800.0,0.0,297.0,0.0,34.0,57.0,2.0,2.0,5.0,10.0,6.0,3.0,11.0,Graduation,Married,0,1,0,1,0,0,0
1953.0,37716.0,0.0,1.0,2014.3075342465754,4.0,97.0,1.0,41.0,6.0,2.0,41.0,2.0,4.0,1.0,3.0,7.0,3.0,11.0,Graduation,Married,0,0,0,0,0,0,0
1954.0,76773.0,0.0,0.0,2013.151826484018,79.0,516.0,56.0,449.0,86.0,33.0,16.0,1.0,2.0,2.0,11.0,1.0,3.0,11.0,Graduation,Divorced,0,0,0,0,0,0,0
1949.0,49912.0,0.0,1.0,2012.6858447488585,5.0,520.0,8.0,223.0,32.0,49.0,42.0,4.0,10.0,5.0,7.0,8.0,3.0,11.0,Master,Together,1,0,0,0,0,0,1
1973.0,,0.0,0.0,2013.8963470319634,87.0,445.0,37.0,359.0,98.0,28.0,18.0,1.0,2.0,4.0,8.0,1.0,3.0,11.0,Master,Together,0,0,0,0,0,0,0
1971.0,34600.0,1.0,1.0,2013.0027397260274,8.0,199.0,33.0,60.0,8.0,3.0,15.0,5.0,5.0,2.0,5.0,8.0,3.0,11.0,Graduation,Together,0,0,0,0,0,0,1
1977.0,74985.0,0.0,0.0,2012.6968036529681,8.0,587.0,51.0,898.0,247.0,0.0,86.0,1.0,3.0,6.0,7.0,2.0,3.0,11.0,Graduation,Married,0,0,0,0,0,0,0
1956.0,35340.0,1.0,1.0,2014.4961187214612,1.0,27.0,0.0,12.0,0.0,1.0,5.0,2.0,2.0,0.0,3.0,5.0,3.0,11.0,PhD,Widow,0,0,0,0,0,0,0
1977.0,59601.0,0.0,1.0,2013.5684931506848,14.0,691.0,7.0,69.0,0.0,7.0,23.0,4.0,2.0,2.0,7.0,8.0,3.0,11.0,2n Cycle,Divorced,0,1,0,0,0,0,0
1965.0,40637.0,1.0,1.0,2013.5465753424658,72.0,22.0,0.0,13.0,0.0,0.0,3.0,2.0,1.0,0.0,3.0,7.0,3.0,11.0,PhD,Single,0,0,0,0,0,0,0
1993.0,79244.0,0.0,0.0,2012.9687214611872,58.0,471.0,102.0,125.0,212.0,61.0,245.0,1.0,4.0,10.0,7.0,1.0,3.0,11.0,Graduation,Absurd,0,0,1,1,0,0,1
1982.0,43815.0,1.0,0.0,2013.263698630137,53.0,14.0,10.0,29.0,4.0,7.0,15.0,1.0,2.0,0.0,3.0,6.0,3.0,11.0,Master,Married,0,0,0,0,0,0,0
1984.0,32414.0,0.0,0.0,2013.5109589041097,11.0,20.0,6.0,5.0,0.0,9.0,12.0,1.0,1.0,0.0,3.0,7.0,3.0,11.0,2n Cycle,Together,1,0,0,0,0,0,0
1961.0,60544.0,1.0,1.0,2012.651826484018,92.0,201.0,2.0,43.0,3.0,5.0,35.0,4.0,5.0,1.0,5.0,6.0,3.0,11.0,Graduation,Married,0,0,0,0,0,0,0
1970.0,50447.0,2.0,0.0,2014.3075342465754,4.0,85.0,7.0,24.0,2.0,3.0,27.0,1.0,3.0,1.0,3.0,6.0,3.0,11.0,Graduation,Married,0,0,0,0,0,0,0
1972.0,38808.0,1.0,0.0,2012.6545662100457,21.0,125.0,17.0,52.0,3.0,19.0,30.0,4.0,5.0,1.0,4.0,8.0,3.0,11.0,Graduation,Single,1,0,0,0,0,0,1
1979.0,71626.0,0.0,0.0,2012.8360730593606,94.0,546.0,72.0,376.0,94.0,145.0,72.0,1.0,5.0,5.0,8.0,3.0,3.0,11.0,Graduation,Married,0,1,0,0,0,0,0
1975.0,76068.0,0.0,1.0,2012.9127853881278,67.0,1115.0,12.0,128.0,33.0,12.0,76.0,1.0,2.0,3.0,4.0,6.0,3.0,11.0,Graduation,Married,0,1,0,0,0,1,0
1978.0,66373.0,1.0,1.0,2013.4495433789955,57.0,328.0,9.0,124.0,12.0,24.0,109.0,7.0,4.0,2.0,10.0,3.0,3.0,11.0,Graduation,Married,0,0,0,0,0,0,0
1978.0,44359.0,1.0,1.0,2014.4632420091325,19.0,20.0,0.0,14.0,7.0,3.0,1.0,3.0,2.0,0.0,4.0,3.0,3.0,11.0,Graduation,Married,0,0,0,0,0,0,0
1975.0,57338.0,0.0,1.0,2014.3294520547945,96.0,143.0,6.0,52.0,11.0,8.0,17.0,2.0,4.0,1.0,5.0,5.0,3.0,11.0,Graduation,Single,0,0,0,0,0,0,0
1967.0,57136.0,0.0,0.0,2013.3826484018264,18.0,267.0,140.0,599.0,34.0,12.0,127.0,1.0,7.0,5.0,7.0,6.0,3.0,11.0,Graduation,Divorced,0,0,0,0,0,0,1
1963.0,52278.0,0.0,1.0,2013.0684931506848,24.0,953.0,0.0,71.0,0.0,0.0,174.0,6.0,10.0,5.0,10.0,8.0,3.0,11.0,PhD,Widow,0,0,0,0,0,0,0
1953.0,53653.0,0.0,0.0,2012.852511415525,29.0,815.0,10.0,239.0,28.0,10.0,108.0,2.0,10.0,4.0,12.0,6.0,3.0,11.0,Graduation,Widow,0,0,0,0,0,0,0
1965.0,75276.0,0.0,0.0,2012.7406392694065,2.0,610.0,105.0,125.0,137.0,42.0,21.0,1.0,9.0,4.0,9.0,5.0,3.0,11.0,Graduation,Together,0,0,0,0,0,0,0
1981.0,35523.0,1.0,0.0,2013.7582191780823,8.0,11.0,5.0,22.0,12.0,5.0,11.0,2.0,3.0,0.0,3.0,7.0,3.0,11.0,2n Cycle,Married,0,0,0,0,0,0,0
1975.0,61905.0,0.0,1.0,2014.094292237443,2.0,167.0,0.0,43.0,6.0,2.0,13.0,2.0,4.0,2.0,4.0,5.0,3.0,11.0,PhD,Together,0,0,0,0,0,0,0
1957.0,21994.0,0.0,1.0,2012.9824200913242,4.0,9.0,0.0,6.0,3.0,1.0,3.0,1.0,0.0,0.0,3.0,5.0,3.0,11.0,Graduation,Together,0,0,0,0,0,0,0
1972.0,46344.0,0.0,1.0,2012.9550228310502,28.0,233.0,20.0,57.0,8.0,20.0,91.0,4.0,7.0,1.0,5.0,7.0,3.0,11.0,2n Cycle,Together,0,0,0,0,0,0,0
1956.0,54252.0,1.0,1.0,2013.4100456621004,25.0,178.0,4.0,26.0,8.0,4.0,44.0,5.0,4.0,1.0,5.0,6.0,3.0,11.0,Graduation,Single,0,0,0,0,0,0,0
1957.0,64849.0,0.0,0.0,2012.8689497716894,42.0,652.0,48.0,350.0,94.0,84.0,108.0,1.0,9.0,3.0,6.0,5.0,3.0,11.0,Graduation,Single,0,0,0,0,0,0,1
1971.0,52914.0,0.0,1.0,2013.0191780821917,32.0,254.0,10.0,44.0,30.0,10.0,227.0,2.0,7.0,3.0,3.0,7.0,3.0,11.0,Graduation,Married,1,0,0,0,0,0,0
1991.0,42691.0,0.0,0.0,2013.6271689497717,48.0,179.0,2.0,64.0,38.0,17.0,58.0,1.0,5.0,1.0,6.0,5.0,3.0,11.0,Graduation,Married,0,0,0,0,0,0,0
1959.0,59052.0,0.0,1.0,2013.879908675799,29.0,230.0,35.0,75.0,63.0,57.0,31.0,3.0,7.0,1.0,7.0,5.0,3.0,11.0,2n Cycle,Divorced,0,0,0,0,0,0,0
1956.0,15759.0,0.0,0.0,2013.6803652968038,12.0,1.0,2.0,5.0,6.0,0.0,3.0,1.0,1.0,0.0,2.0,7.0,3.0,11.0,Graduation,Married,0,0,0,0,0,0,0
1972.0,24434.0,2.0,0.0,2014.3826484018264,9.0,3.0,2.0,8.0,20.0,0.0,17.0,2.0,2.0,1.0,2.0,7.0,3.0,11.0,Graduation,Married,0,0,0,0,0,0,0
1960.0,29440.0,1.0,1.0,2013.6134703196346,95.0,17.0,8.0,14.0,10.0,4.0,3.0,2.0,1.0,0.0,4.0,7.0,3.0,11.0,Graduation,Married,0,0,0,0,0,0,0
1963.0,68118.0,0.0,1.0,2013.7993150684931,51.0,595.0,23.0,123.0,10.0,23.0,154.0,2.0,8.0,9.0,4.0,6.0,3.0,11.0,Graduation,Divorced,0,0,0,0,0,0,0
1969.0,56796.0,0.0,1.0,2013.1271689497717,24.0,656.0,38.0,161.0,62.0,47.0,37.0,3.0,8.0,9.0,7.0,7.0,3.0,11.0,Graduation,Married,0,0,0,0,0,0,0
1965.0,35791.0,2.0,1.0,2013.3497716894976,94.0,27.0,0.0,5.0,0.0,0.0,3.0,2.0,1.0,0.0,3.0,8.0,3.0,11.0,Master,Single,0,0,0,0,0,0,0
1969.0,42231.0,1.0,1.0,2014.2351598173516,99.0,24.0,0.0,8.0,0.0,1.0,4.0,1.0,1.0,0.0,3.0,5.0,3.0,11.0,Graduation,Married,0,0,0,0,0,0,0
1978.0,42554.0,1.0,1.0,2013.0328767123287,93.0,29.0,1.0,11.0,0.0,0.0,0.0,2.0,2.0,0.0,3.0,4.0,3.0,11.0,Graduation,Together,0,0,0,0,0,0,0
1977.0,61996.0,0.0,1.0,2013.0849315068492,27.0,1050.0,12.0,144.0,0.0,0.0,24.0,3.0,6.0,4.0,8.0,5.0,3.0,11.0,PhD,Married,0,1,0,1,0,1,1
1975.0,19789.0,1.0,0.0,2013.8881278538813,24.0,2.0,5.0,9.0,28.0,6.0,28.0,3.0,2.0,1.0,3.0,5.0,3.0,11.0,2n Cycle,Together,1,0,0,0,0,0,0
1970.0,,0.0,1.0,2013.2527397260274,39.0,187.0,5.0,65.0,26.0,20.0,14.0,2.0,4.0,2.0,6.0,5.0,3.0,11.0,Master,Together,0,0,0,0,0,0,0
1972.0,40321.0,1.0,1.0,2013.5794520547945,59.0,44.0,4.0,21.0,6.0,0.0,27.0,2.0,3.0,0.0,3.0,7.0,3.0,11.0,Graduation,Married,0,0,0,0,0,0,0
1978.0,38702.0,1.0,0.0,2013.5860730593606,71.0,13.0,11.0,24.0,13.0,8.0,40.0,2.0,3.0,0.0,4.0,6.0,3.0,11.0,2n Cycle,Together,0,0,0,0,0,0,0
1964.0,45906.0,0.0,1.0,2013.352511415525,20.0,305.0,3.0,27.0,4.0,3.0,144.0,2.0,5.0,4.0,4.0,5.0,3.0,11.0,Graduation,Single,1,0,0,0,0,0,0
1958.0,42315.0,0.0,1.0,2013.5328767123287,90.0,67.0,15.0,80.0,17.0,11.0,80.0,3.0,1.0,4.0,4.0,3.0,3.0,11.0,Master,Together,0,0,0,0,0,0,0
1972.0,31907.0,0.0,0.0,2013.1776255707764,75.0,33.0,87.0,64.0,175.0,16.0,74.0,1.0,6.0,1.0,6.0,7.0,3.0,11.0,Graduation,Single,0,0,0,0,0,0,0
1960.0,54197.0,0.0,1.0,2014.2582191780823,16.0,162.0,6.0,37.0,6.0,13.0,13.0,2.0,1.0,3.0,6.0,1.0,3.0,11.0,Master,Married,0,0,0,0,0,0,0
1973.0,39435.0,1.0,0.0,2013.5997716894976,16.0,71.0,0.0,18.0,0.0,0.0,13.0,1.0,3.0,1.0,2.0,7.0,3.0,11.0,PhD,Together,0,0,0,0,0,0,0
1958.0,33438.0,1.0,1.0,2013.7269406392695,81.0,62.0,1.0,16.0,3.0,2.0,6.0,4.0,2.0,1.0,4.0,5.0,3.0,11.0,PhD,Widow,0,0,0,0,0,0,0
1971.0,33316.0,1.0,1.0,2013.7609589041097,34.0,79.0,1.0,31.0,4.0,4.0,12.0,3.0,2.0,1.0,4.0,6.0,3.0,11.0,Master,Single,0,0,0,0,0,0,0
1970.0,93790.0,0.0,0.0,2014.116210045662,16.0,1302.0,68.0,731.0,89.0,114.0,45.0,0.0,6.0,7.0,12.0,2.0,3.0,11.0,Graduation,Single,0,1,1,1,0,0,1
1952.0,8820.0,1.0,1.0,2013.2269406392695,52.0,12.0,0.0,13.0,4.0,2.0,4.0,4.0,3.0,0.0,3.0,8.0,3.0,11.0,Master,Single,0,0,0,0,0,0,0
1977.0,157146.0,0.0,0.0,2013.3294520547945,13.0,1.0,0.0,1725.0,2.0,1.0,1.0,0.0,0.0,28.0,0.0,1.0,3.0,11.0,Graduation,Together,0,0,0,0,0,0,0
1985.0,20559.0,1.0,0.0,2013.1995433789955,88.0,13.0,1.0,29.0,3.0,0.0,7.0,2.0,2.0,0.0,3.0,8.0,3.0,11.0,Master,Married,0,0,0,0,0,0,0
1982.0,70038.0,0.0,0.0,2013.8184931506848,54.0,587.0,54.0,348.0,71.0,54.0,130.0,1.0,4.0,4.0,8.0,2.0,3.0,11.0,PhD,Together,0,0,0,0,0,0,0
1978.0,57113.0,1.0,1.0,2013.0997716894976,45.0,182.0,4.0,33.0,0.0,2.0,42.0,6.0,4.0,1.0,5.0,7.0,3.0,11.0,Graduation,Married,0,0,0,0,0,0,0
1968.0,51287.0,1.0,1.0,2014.2527397260274,10.0,117.0,0.0,22.0,13.0,0.0,30.0,3.0,4.0,1.0,3.0,7.0,3.0,11.0,Graduation,Married,0,0,0,0,0,0,0
1962.0,76624.0,0.0,1.0,2014.3990867579907,68.0,411.0,106.0,147.0,54.0,115.0,66.0,1.0,5.0,10.0,7.0,1.0,3.0,11.0,Graduation,Single,1,0,0,0,0,0,0
1968.0,42564.0,0.0,1.0,2013.0054794520547,28.0,324.0,48.0,186.0,39.0,18.0,198.0,6.0,6.0,8.0,4.0,7.0,3.0,11.0,PhD,Divorced,1,0,0,0,0,0,1
1980.0,61014.0,0.0,1.0,2012.6134703196346,17.0,269.0,129.0,495.0,182.0,43.0,29.0,4.0,9.0,3.0,4.0,7.0,3.0,11.0,Graduation,Married,0,0,0,0,0,0,0
1980.0,37406.0,1.0,0.0,2013.777397260274,18.0,2.0,0.0,8.0,2.0,2.0,3.0,1.0,1.0,0.0,2.0,8.0,3.0,11.0,Graduation,Married,0,0,0,0,0,0,1
1969.0,42169.0,1.0,1.0,2013.8020547945205,20.0,19.0,0.0,9.0,0.0,0.0,2.0,2.0,1.0,0.0,3.0,8.0,3.0,11.0,Master,Married,0,0,0,0,0,0,0
1955.0,65748.0,0.0,1.0,2013.291095890411,58.0,172.0,73.0,93.0,95.0,78.0,34.0,2.0,2.0,4.0,10.0,1.0,3.0,11.0,Graduation,Together,0,0,0,0,1,0,0
1992.0,34935.0,0.0,0.0,2013.4742009132422,71.0,34.0,4.0,66.0,3.0,10.0,20.0,1.0,2.0,1.0,4.0,7.0,3.0,11.0,Graduation,Married,0,0,0,0,0,0,0
1971.0,26850.0,1.0,1.0,2014.2993150684931,10.0,31.0,1.0,13.0,7.0,2.0,9.0,4.0,2.0,1.0,4.0,4.0,3.0,11.0,2n Cycle,Together,0,0,0,0,0,0,0
1955.0,53863.0,0.0,1.0,2014.379908675799,4.0,399.0,4.0,30.0,6.0,4.0,30.0,3.0,7.0,1.0,7.0,7.0,3.0,11.0,Graduation,Together,0,1,0,0,0,0,0
1964.0,18701.0,1.0,1.0,2013.4276255707764,95.0,12.0,4.0,2.0,10.0,6.0,10.0,4.0,2.0,0.0,4.0,5.0,3.0,11.0,Graduation,Single,0,0,0,0,0,0,0
1953.0,70503.0,0.0,0.0,2012.7488584474886,73.0,1379.0,33.0,216.0,0.0,33.0,66.0,1.0,2.0,4.0,9.0,6.0,3.0,11.0,Graduation,Married,0,1,1,0,0,0,0
1972.0,62010.0,0.0,1.0,2012.8130136986301,93.0,371.0,22.0,39.0,6.0,0.0,92.0,4.0,6.0,2.0,7.0,5.0,3.0,11.0,PhD,Married,0,0,0,0,0,0,0
1961.0,61794.0,0.0,1.0,2013.7050228310502,74.0,264.0,47.0,188.0,54.0,47.0,11.0,2.0,4.0,4.0,10.0,2.0,3.0,11.0,Master,Married,0,0,0,0,0,0,0
1972.0,74716.0,0.0,1.0,2013.6995433789955,92.0,133.0,27.0,421.0,13.0,195.0,71.0,2.0,7.0,3.0,5.0,4.0,3.0,11.0,Graduation,Married,0,0,0,0,0,0,0
1967.0,62981.0,0.0,0.0,2013.2132420091325,21.0,796.0,14.0,590.0,38.0,44.0,0.0,1.0,4.0,5.0,13.0,3.0,3.0,11.0,PhD,Together,0,1,0,0,0,0,0
1968.0,19514.0,1.0,1.0,2014.0712328767124,47.0,14.0,3.0,21.0,2.0,1.0,28.0,4.0,3.0,1.0,2.0,8.0,3.0,11.0,Graduation,Married,1,0,0,0,0,0,0
1970.0,40548.0,0.0,1.0,2012.777397260274,31.0,110.0,0.0,5.0,2.0,0.0,3.0,2.0,2.0,1.0,4.0,5.0,3.0,11.0,Graduation,Together,0,1,0,0,0,0,0
1970.0,67419.0,0.0,1.0,2013.0438356164384,29.0,846.0,84.0,352.0,91.0,56.0,42.0,4.0,9.0,4.0,8.0,5.0,3.0,11.0,Graduation,Together,0,0,0,0,0,0,0
1987.0,73395.0,0.0,0.0,2014.2159817351599,94.0,272.0,7.0,80.0,20.0,7.0,11.0,1.0,4.0,4.0,6.0,2.0,3.0,11.0,Master,Married,0,0,0,0,0,0,0
1962.0,51195.0,1.0,1.0,2013.2527397260274,46.0,230.0,14.0,156.0,82.0,24.0,58.0,8.0,9.0,2.0,5.0,8.0,3.0,11.0,Graduation,Together,0,0,0,0,0,0,0
1967.0,56320.0,0.0,1.0,2013.271917808219,11.0,201.0,53.0,172.0,116.0,77.0,83.0,3.0,5.0,4.0,9.0,4.0,3.0,11.0,PhD,Married,0,0,0,0,0,0,0
1989.0,9255.0,1.0,0.0,2013.9714611872148,91.0,9.0,0.0,7.0,2.0,0.0,4.0,1.0,1.0,1.0,2.0,8.0,3.0,11.0,Graduation,Single,0,0,0,0,0,0,0
1962.0,31497.0,0.0,1.0,2012.9331050228311,22.0,108.0,1.0,28.0,13.0,1.0,4.0,2.0,3.0,1.0,4.0,8.0,3.0,11.0,PhD,Together,0,0,0,0,0,0,0
1970.0,65968.0,0.0,1.0,2014.366210045662,12.0,376.0,9.0,83.0,19.0,4.0,4.0,2.0,5.0,4.0,7.0,3.0,3.0,11.0,PhD,Together,0,0,0,0,0,0,0
1973.0,60208.0,1.0,1.0,2012.7691780821917,13.0,488.0,23.0,71.0,15.0,0.0,59.0,11.0,8.0,3.0,7.0,7.0,3.0,11.0,Graduation,Widow,0,1,0,0,0,0,1
1949.0,54591.0,0.0,1.0,2013.5970319634703,63.0,376.0,4.0,94.0,12.0,9.0,24.0,3.0,6.0,2.0,8.0,5.0,3.0,11.0,Graduation,Together,0,0,0,0,0,0,0
1968.0,34053.0,0.0,1.0,2012.6940639269408,14.0,63.0,0.0,21.0,7.0,0.0,12.0,1.0,3.0,0.0,3.0,8.0,3.0,11.0,Master,Together,0,0,0,0,0,0,0
1945.0,113734.0,0.0,0.0,2014.4100456621004,9.0,6.0,2.0,3.0,1.0,262.0,3.0,0.0,27.0,0.0,0.0,1.0,3.0,11.0,PhD,Single,0,0,0,0,0,0,0
1983.0,78687.0,0.0,0.0,2012.60799086758,13.0,817.0,185.0,687.0,145.0,55.0,241.0,1.0,4.0,6.0,8.0,2.0,3.0,11.0,Graduation,Together,0,0,1,0,0,0,1
1971.0,44421.0,1.0,1.0,2013.1244292237443,53.0,110.0,5.0,59.0,7.0,1.0,7.0,5.0,5.0,0.0,4.0,8.0,3.0,11.0,Graduation,Divorced,0,0,0,0,0,0,0
1982.0,84169.0,0.0,0.0,2013.602511415525,9.0,1478.0,19.0,403.0,0.0,19.0,0.0,1.0,7.0,6.0,6.0,3.0,3.0,11.0,PhD,Married,0,1,1,0,0,0,1
1951.0,32871.0,1.0,1.0,2013.1913242009134,28.0,22.0,2.0,12.0,0.0,2.0,5.0,1.0,1.0,0.0,3.0,4.0,3.0,11.0,Graduation,Married,0,0,0,0,0,0,0
1983.0,28359.0,1.0,0.0,2013.8239726027398,35.0,6.0,0.0,5.0,2.0,1.0,2.0,1.0,1.0,0.0,2.0,7.0,3.0,11.0,Graduation,Together,0,0,0,0,0,0,0
1974.0,21255.0,1.0,0.0,2014.0575342465754,56.0,29.0,0.0,25.0,2.0,2.0,3.0,4.0,2.0,1.0,4.0,4.0,3.0,11.0,Master,Together,0,0,0,0,0,0,0
1962.0,42769.0,0.0,1.0,2013.7828767123287,15.0,71.0,0.0,13.0,3.0,1.0,0.0,2.0,1.0,1.0,4.0,4.0,3.0,11.0,PhD,Married,0,0,0,0,0,0,0
1983.0,39922.0,1.0,0.0,2013.1216894977167,30.0,29.0,12.0,59.0,19.0,1.0,36.0,2.0,3.0,0.0,4.0,8.0,3.0,11.0,Graduation,Married,0,0,0,0,0,0,0
1974.0,48186.0,1.0,0.0,2014.2214611872148,39.0,97.0,3.0,66.0,12.0,7.0,34.0,3.0,4.0,1.0,4.0,7.0,3.0,11.0,Graduation,Together,0,0,0,0,0,0,0
1969.0,43638.0,0.0,1.0,2012.5997716894976,37.0,63.0,10.0,83.0,7.0,19.0,19.0,2.0,4.0,1.0,4.0,7.0,3.0,11.0,Graduation,Widow,0,0,0,0,0,0,0
1959.0,35701.0,0.0,0.0,2013.2187214611872,36.0,21.0,1.0,9.0,7.0,3.0,5.0,1.0,1.0,0.0,3.0,6.0,3.0,11.0,Graduation,Married,0,0,0,0,0,0,0
1949.0,48150.0,0.0,1.0,2013.4385844748858,24.0,173.0,2.0,39.0,3.0,2.0,47.0,3.0,5.0,1.0,4.0,7.0,3.0,11.0,Master,Married,0,0,0,0,0,0,0
1984.0,35196.0,1.0,0.0,2012.8689497716894,68.0,75.0,12.0,141.0,43.0,39.0,187.0,6.0,6.0,1.0,5.0,8.0,3.0,11.0,Graduation,Together,0,0,0,0,0,0,1
1970.0,23162.0,1.0,1.0,2013.9742009132422,82.0,8.0,3.0,9.0,19.0,4.0,22.0,3.0,1.0,1.0,3.0,6.0,3.0,11.0,2n Cycle,Married,0,0,0,0,0,0,0
1953.0,59354.0,0.0,2.0,2014.3157534246575,59.0,295.0,21.0,78.0,39.0,13.0,13.0,1.0,4.0,4.0,7.0,3.0,3.0,11.0,Master,Married,0,0,0,0,0,0,0
1973.0,35688.0,2.0,1.0,2012.643607305936,94.0,73.0,3.0,90.0,12.0,1.0,32.0,7.0,4.0,1.0,4.0,8.0,3.0,11.0,2n Cycle,Married,0,0,0,0,0,0,0
1976.0,72309.0,0.0,0.0,2013.1968036529681,64.0,960.0,0.0,883.0,50.0,38.0,0.0,1.0,5.0,6.0,8.0,3.0,3.0,11.0,Master,Single,0,0,0,1,0,0,1
1974.0,31560.0,1.0,0.0,2013.4824200913242,98.0,62.0,1.0,20.0,4.0,0.0,7.0,2.0,2.0,1.0,3.0,8.0,3.0,11.0,PhD,Single,0,0,0,0,0,0,0
1976.0,46310.0,1.0,0.0,2012.924885844749,99.0,185.0,2.0,88.0,15.0,5.0,14.0,2.0,6.0,1.0,5.0,8.0,3.0,11.0,Graduation,Divorced,0,0,0,0,0,0,0
1966.0,33564.0,0.0,1.0,2014.4824200913242,51.0,61.0,0.0,3.0,0.0,0.0,7.0,1.0,1.0,1.0,3.0,5.0,3.0,11.0,Master,Together,0,0,0,0,0,0,0
1958.0,75342.0,0.0,1.0,2013.3497716894976,38.0,204.0,97.0,97.0,21.0,118.0,26.0,1.0,5.0,2.0,10.0,4.0,3.0,11.0,2n Cycle,Single,0,0,0,0,0,0,0
1949.0,62845.0,1.0,1.0,2012.7527397260274,3.0,1099.0,0.0,45.0,0.0,0.0,34.0,11.0,3.0,4.0,10.0,8.0,3.0,11.0,Master,Married,0,1,0,0,0,0,1
1970.0,84835.0,0.0,0.0,2014.4605022831051,0.0,189.0,104.0,379.0,111.0,189.0,218.0,1.0,4.0,4.0,6.0,1.0,3.0,11.0,Graduation,Divorced,0,0,0,0,0,0,1
1986.0,83512.0,0.0,0.0,2014.4632420091325,31.0,1060.0,61.0,835.0,80.0,20.0,101.0,1.0,4.0,7.0,10.0,1.0,3.0,11.0,Graduation,Married,1,0,1,1,0,1,1
1971.0,71819.0,0.0,1.0,2013.6600456621004,70.0,1224.0,28.0,140.0,0.0,14.0,168.0,3.0,3.0,3.0,5.0,6.0,3.0,11.0,Graduation,Together,0,1,1,0,0,0,0
1988.0,25008.0,1.0,0.0,2014.088812785388,72.0,2.0,8.0,8.0,6.0,1.0,9.0,2.0,1.0,0.0,3.0,8.0,3.0,11.0,Graduation,Single,0,0,0,0,0,0,0
1962.0,46102.0,2.0,1.0,2014.1940639269408,3.0,14.0,0.0,1.0,0.0,0.0,1.0,1.0,1.0,0.0,2.0,7.0,3.0,11.0,Graduation,Divorced,0,0,0,0,0,0,0
1975.0,56243.0,1.0,2.0,2013.9988584474886,26.0,347.0,0.0,35.0,4.0,3.0,7.0,6.0,4.0,2.0,8.0,5.0,3.0,11.0,Graduation,Single,0,0,0,0,0,0,0
1972.0,40321.0,1.0,1.0,2013.5794520547945,59.0,44.0,4.0,21.0,6.0,0.0,27.0,2.0,3.0,0.0,3.0,7.0,3.0,11.0,Graduation,Married,0,0,0,0,0,0,0
1981.0,42162.0,1.0,0.0,2013.8853881278537,31.0,46.0,7.0,59.0,2.0,4.0,27.0,2.0,3.0,1.0,3.0,6.0,3.0,11.0,Graduation,Together,1,0,0,0,0,0,1
1967.0,32557.0,1.0,0.0,2014.1490867579907,13.0,34.0,3.0,29.0,0.0,4.0,10.0,3.0,2.0,1.0,3.0,5.0,3.0,11.0,Master,Single,0,0,0,0,0,0,1
1986.0,29999.0,1.0,0.0,2013.1189497716894,22.0,68.0,7.0,59.0,10.0,5.0,11.0,4.0,3.0,1.0,4.0,8.0,3.0,11.0,PhD,Single,0,0,0,0,0,0,0
1990.0,30093.0,0.0,0.0,2013.521917808219,19.0,2.0,6.0,28.0,13.0,4.0,16.0,1.0,2.0,0.0,3.0,7.0,3.0,11.0,Graduation,Married,0,0,0,0,0,0,0
1958.0,30523.0,2.0,1.0,2013.5027397260274,0.0,5.0,0.0,3.0,0.0,0.0,5.0,1.0,1.0,0.0,2.0,7.0,3.0,11.0,Master,Single,0,0,0,0,0,0,0
1954.0,42607.0,0.0,1.0,2013.879908675799,30.0,156.0,29.0,56.0,30.0,32.0,47.0,2.0,3.0,2.0,7.0,3.0,3.0,11.0,2n Cycle,Single,0,0,0,0,0,0,0
1975.0,41658.0,1.0,1.0,2012.85799086758,30.0,8.0,4.0,12.0,15.0,4.0,29.0,2.0,1.0,1.0,2.0,4.0,3.0,11.0,2n Cycle,Single,0,0,0,0,0,0,0
1986.0,34320.0,1.0,0.0,2014.1271689497717,66.0,4.0,1.0,9.0,3.0,0.0,0.0,1.0,1.0,0.0,2.0,8.0,3.0,11.0,PhD,Together,0,0,0,0,0,0,0
1951.0,49090.0,0.0,1.0,2013.5520547945205,45.0,494.0,5.0,82.0,7.0,0.0,100.0,3.0,7.0,2.0,9.0,7.0,3.0,11.0,Graduation,Single,0,0,0,0,0,0,0
1971.0,60585.0,1.0,1.0,2013.4824200913242,17.0,267.0,42.0,309.0,55.0,42.0,21.0,10.0,7.0,4.0,9.0,5.0,3.0,11.0,PhD,Married,0,0,0,0,0,0,1
1955.0,76998.0,0.0,1.0,2013.0301369863014,85.0,1449.0,89.0,161.0,69.0,35.0,107.0,2.0,11.0,8.0,8.0,6.0,3.0,11.0,Graduation,Married,0,0,1,0,0,0,0
1967.0,44931.0,0.0,1.0,2014.0493150684931,0.0,78.0,0.0,11.0,0.0,0.0,7.0,1.0,2.0,1.0,3.0,5.0,3.0,11.0,Graduation,Together,0,0,0,0,0,0,0
1955.0,52750.0,0.0,1.0,2013.094292237443,72.0,393.0,0.0,239.0,90.0,69.0,69.0,6.0,5.0,7.0,9.0,4.0,3.0,11.0,Master,Married,0,0,0,0,0,0,0
1952.0,59354.0,1.0,1.0,2013.8744292237443,53.0,233.0,2.0,53.0,3.0,5.0,14.0,3.0,6.0,1.0,5.0,6.0,3.0,11.0,Master,Divorced,0,0,0,0,0,0,0
1979.0,24594.0,1.0,0.0,2013.9440639269408,94.0,1.0,3.0,6.0,10.0,0.0,9.0,1.0,1.0,0.0,3.0,5.0,3.0,11.0,Basic,Together,0,0,0,0,0,0,0
1966.0,57705.0,0.0,1.0,2014.0301369863014,14.0,383.0,0.0,53.0,6.0,4.0,40.0,3.0,8.0,1.0,6.0,6.0,3.0,11.0,PhD,Married,0,0,0,0,0,0,0
1991.0,20193.0,0.0,0.0,2012.9100456621004,18.0,8.0,8.0,22.0,24.0,11.0,9.0,1.0,1.0,1.0,4.0,4.0,3.0,11.0,2n Cycle,Together,0,0,0,0,0,0,0
1976.0,37395.0,1.0,0.0,2014.338812785388,47.0,18.0,0.0,9.0,0.0,1.0,11.0,1.0,1.0,0.0,3.0,6.0,3.0,11.0,PhD,Together,0,0,0,0,0,0,0
1982.0,58582.0,0.0,1.0,2013.7433789954339,15.0,402.0,35.0,106.0,101.0,77.0,42.0,2.0,9.0,2.0,9.0,5.0,3.0,11.0,2n Cycle,Together,0,1,0,0,0,0,0
1977.0,54233.0,0.0,1.0,2013.094292237443,46.0,652.0,8.0,158.0,21.0,0.0,142.0,4.0,11.0,6.0,5.0,8.0,3.0,11.0,Graduation,Married,0,0,0,0,0,0,0
1964.0,31686.0,1.0,1.0,2014.4303652968038,31.0,11.0,0.0,5.0,0.0,0.0,1.0,2.0,1.0,0.0,3.0,6.0,3.0,11.0,PhD,Married,0,0,0,0,0,0,0
1983.0,43776.0,1.0,0.0,2014.3415525114156,77.0,8.0,0.0,9.0,2.0,1.0,3.0,1.0,1.0,0.0,2.0,6.0,3.0,11.0,Graduation,Together,0,0,0,0,0,0,0
1954.0,53103.0,0.0,1.0,2013.6995433789955,70.0,729.0,17.0,133.0,11.0,0.0,195.0,5.0,10.0,6.0,7.0,7.0,3.0,11.0,Graduation,Together,1,0,0,0,0,0,0
1984.0,35196.0,1.0,0.0,2012.8689497716894,68.0,75.0,12.0,141.0,43.0,39.0,187.0,6.0,6.0,1.0,5.0,8.0,3.0,11.0,Graduation,Together,0,0,0,0,0,0,0
1985.0,16581.0,0.0,0.0,2013.0328767123287,51.0,1.0,3.0,4.0,2.0,3.0,11.0,1.0,0.0,0.0,3.0,4.0,3.0,11.0,Basic,Single,0,0,0,0,0,0,0
1979.0,24401.0,0.0,0.0,2012.6682648401825,98.0,73.0,28.0,217.0,10.0,24.0,115.0,3.0,6.0,1.0,6.0,8.0,3.0,11.0,Master,Together,0,0,0,0,0,0,0
1981.0,36143.0,1.0,0.0,2014.2488584474886,33.0,12.0,0.0,1.0,0.0,0.0,6.0,1.0,0.0,1.0,2.0,3.0,3.0,11.0,Master,Single,0,0,0,0,0,0,0
1971.0,54690.0,1.0,1.0,2013.852511415525,76.0,111.0,16.0,37.0,7.0,9.0,18.0,3.0,3.0,1.0,5.0,3.0,3.0,11.0,2n Cycle,Married,0,0,0,0,0,0,0
1976.0,34529.0,1.0,0.0,2012.7050228310502,94.0,68.0,6.0,38.0,3.0,6.0,41.0,2.0,2.0,2.0,3.0,7.0,3.0,11.0,Master,Married,0,0,0,0,0,0,0
1957.0,65487.0,0.0,0.0,2014.027397260274,48.0,240.0,67.0,500.0,199.0,0.0,163.0,3.0,3.0,5.0,6.0,2.0,3.0,11.0,Master,Absurd,0,0,0,0,0,0,0
1975.0,60934.0,0.0,1.0,2014.0465753424658,41.0,224.0,155.0,155.0,192.0,93.0,54.0,2.0,6.0,4.0,11.0,4.0,3.0,11.0,Graduation,Together,0,0,0,0,0,0,0
1974.0,65640.0,0.0,1.0,2014.169406392694,74.0,204.0,7.0,149.0,20.0,15.0,66.0,1.0,5.0,1.0,8.0,2.0,3.0,11.0,PhD,Together,0,0,0,0,0,0,0
1988.0,15716.0,1.0,0.0,2012.866210045662,8.0,16.0,5.0,30.0,8.0,7.0,26.0,3.0,3.0,0.0,4.0,8.0,3.0,11.0,2n Cycle,Married,0,0,0,0,1,0,0
1949.0,47570.0,1.0,1.0,2013.4127853881278,3.0,67.0,1.0,20.0,0.0,2.0,31.0,3.0,2.0,2.0,2.0,7.0,3.0,11.0,Master,Widow,0,0,0,0,0,0,1
1974.0,40344.0,0.0,1.0,2013.785616438356,48.0,210.0,0.0,6.0,0.0,0.0,2.0,2.0,4.0,1.0,5.0,7.0,3.0,11.0,PhD,Married,0,0,0,0,0,0,0
1955.0,51124.0,1.0,1.0,2013.9659817351599,79.0,26.0,1.0,11.0,0.0,1.0,4.0,2.0,1.0,0.0,3.0,3.0,3.0,11.0,Master,Single,0,0,0,0,0,0,0
1960.0,38201.0,0.0,1.0,2013.2461187214612,19.0,233.0,0.0,23.0,0.0,0.0,12.0,4.0,5.0,1.0,5.0,8.0,3.0,11.0,PhD,Together,0,0,0,0,0,0,0
1984.0,30477.0,1.0,0.0,2014.0602739726028,16.0,47.0,1.0,6.0,0.0,0.0,12.0,1.0,1.0,1.0,3.0,6.0,3.0,11.0,Master,Married,0,0,0,0,0,0,0
1991.0,51373.0,0.0,0.0,2013.4769406392695,37.0,83.0,2.0,101.0,64.0,26.0,117.0,1.0,3.0,5.0,3.0,4.0,3.0,11.0,Graduation,Married,0,0,0,0,0,0,0
1968.0,23748.0,1.0,0.0,2012.8908675799087,97.0,6.0,6.0,29.0,12.0,15.0,8.0,3.0,2.0,1.0,3.0,8.0,3.0,11.0,Master,Divorced,0,0,0,0,0,0,0
1950.0,41145.0,1.0,1.0,2014.1052511415523,20.0,9.0,0.0,3.0,0.0,0.0,1.0,1.0,0.0,0.0,3.0,3.0,3.0,11.0,PhD,Married,0,0,0,0,0,0,0
1970.0,61872.0,0.0,1.0,2013.9522831050228,81.0,330.0,5.0,159.0,36.0,27.0,16.0,4.0,4.0,4.0,9.0,4.0,3.0,11.0,Master,Married,0,0,0,0,0,0,0
1988.0,23331.0,1.0,0.0,2012.6776255707764,92.0,5.0,36.0,7.0,0.0,10.0,45.0,2.0,3.0,0.0,3.0,8.0,3.0,11.0,2n Cycle,Married,0,0,0,0,0,0,0
1991.0,68126.0,0.0,0.0,2012.8607305936073,40.0,1332.0,17.0,311.0,23.0,51.0,86.0,1.0,7.0,4.0,5.0,9.0,3.0,11.0,PhD,Single,0,1,0,0,0,0,1
1955.0,62972.0,0.0,1.0,2012.5915525114156,39.0,313.0,15.0,47.0,20.0,0.0,192.0,2.0,7.0,4.0,3.0,6.0,3.0,11.0,2n Cycle,Married,0,0,0,0,0,0,1
1972.0,30675.0,1.0,0.0,2012.866210045662,14.0,10.0,2.0,16.0,11.0,2.0,21.0,1.0,1.0,0.0,3.0,8.0,3.0,11.0,Graduation,Married,0,0,0,0,0,0,0
1988.0,66951.0,0.0,0.0,2013.838812785388,46.0,277.0,162.0,305.0,173.0,76.0,124.0,1.0,3.0,4.0,7.0,1.0,3.0,11.0,Graduation,Single,0,0,0,0,0,0,0
1972.0,34578.0,2.0,1.0,2014.2801369863014,1.0,7.0,0.0,1.0,0.0,0.0,0.0,1.0,1.0,0.0,2.0,6.0,3.0,11.0,PhD,Together,0,0,0,0,0,0,0
1958.0,53977.0,0.0,1.0,2013.4385844748858,21.0,620.0,16.0,165.0,0.0,24.0,82.0,5.0,5.0,5.0,12.0,5.0,3.0,11.0,Graduation,Together,0,0,0,0,0,0,0
1968.0,19514.0,1.0,1.0,2014.0712328767124,47.0,14.0,3.0,21.0,2.0,1.0,28.0,4.0,3.0,1.0,2.0,8.0,3.0,11.0,Graduation,Married,1,0,0,0,0,0,1
1982.0,84169.0,0.0,0.0,2013.602511415525,9.0,1478.0,19.0,403.0,0.0,19.0,0.0,1.0,7.0,6.0,6.0,3.0,3.0,11.0,PhD,Married,0,1,1,0,0,0,1
1952.0,34074.0,1.0,1.0,2013.535616438356,69.0,135.0,1.0,41.0,10.0,1.0,67.0,5.0,3.0,3.0,3.0,6.0,3.0,11.0,Graduation,Together,1,0,0,0,0,0,0
1958.0,38741.0,1.0,1.0,2014.2488584474886,60.0,7.0,10.0,17.0,8.0,6.0,13.0,2.0,2.0,0.0,3.0,7.0,3.0,11.0,2n Cycle,Single,0,0,0,0,0,0,0
1980.0,82497.0,0.0,0.0,2012.8349315068492,32.0,777.0,129.0,573.0,216.0,21.0,203.0,1.0,2.0,7.0,9.0,4.0,3.0,11.0,Graduation,Married,0,0,1,0,0,0,0
1974.0,45894.0,0.0,2.0,2014.157305936073,15.0,27.0,2.0,7.0,0.0,2.0,13.0,1.0,1.0,0.0,3.0,5.0,3.0,11.0,2n Cycle,Married,0,0,0,0,0,0,0
1987.0,81361.0,0.0,0.0,2014.151826484018,18.0,163.0,23.0,424.0,27.0,65.0,76.0,1.0,3.0,10.0,13.0,1.0,3.0,11.0,Graduation,Divorced,0,0,0,0,0,0,0
1955.0,46015.0,1.0,1.0,2014.285616438356,25.0,38.0,0.0,2.0,0.0,0.0,6.0,1.0,1.0,0.0,3.0,7.0,3.0,11.0,PhD,Together,1,0,0,0,0,1,0
1945.0,63285.0,0.0,0.0,2013.8470319634703,84.0,508.0,124.0,249.0,50.0,38.0,134.0,1.0,6.0,5.0,13.0,3.0,3.0,11.0,Graduation,Widow,0,0,0,0,0,0,0
1968.0,50014.0,1.0,0.0,2014.0602739726028,9.0,234.0,14.0,77.0,19.0,10.0,42.0,2.0,4.0,1.0,8.0,5.0,3.0,11.0,Master,Single,0,0,0,0,0,0,0
1972.0,44503.0,1.0,1.0,2014.2938356164384,83.0,31.0,1.0,8.0,0.0,0.0,8.0,2.0,2.0,0.0,3.0,6.0,3.0,11.0,Graduation,Single,0,0,0,0,0,0,0
1974.0,46014.0,1.0,1.0,2013.0575342465754,21.0,410.0,0.0,59.0,19.0,9.0,44.0,10.0,7.0,1.0,8.0,7.0,3.0,11.0,Master,Together,0,0,0,0,0,0,0
1952.0,50300.0,0.0,1.0,2014.401826484018,52.0,143.0,15.0,60.0,24.0,23.0,5.0,2.0,2.0,1.0,8.0,2.0,3.0,11.0,Graduation,Married,0,0,0,0,0,0,0
1949.0,36408.0,1.0,1.0,2013.7242009132422,11.0,9.0,1.0,4.0,3.0,2.0,3.0,1.0,1.0,0.0,2.0,6.0,3.0,11.0,Master,Married,0,0,0,0,0,0,0
1968.0,58554.0,1.0,1.0,2012.7378995433792,55.0,368.0,24.0,68.0,38.0,0.0,88.0,6.0,8.0,2.0,6.0,7.0,3.0,11.0,Graduation,Together,0,0,0,0,0,0,0
1969.0,48240.0,0.0,0.0,2012.85799086758,73.0,389.0,91.0,248.0,64.0,49.0,41.0,3.0,6.0,3.0,13.0,5.0,3.0,11.0,PhD,Single,0,0,0,0,0,0,1
1951.0,44689.0,1.0,1.0,2014.027397260274,82.0,18.0,0.0,5.0,0.0,0.0,11.0,2.0,1.0,1.0,2.0,7.0,3.0,11.0,Graduation,Married,1,0,0,0,0,0,0
1978.0,82170.0,0.0,0.0,2013.901826484018,13.0,1023.0,93.0,651.0,49.0,55.0,37.0,1.0,5.0,6.0,7.0,2.0,3.0,11.0,PhD,Married,0,0,0,0,0,0,0
1965.0,73538.0,0.0,1.0,2012.901826484018,92.0,811.0,76.0,428.0,99.0,137.0,107.0,3.0,10.0,4.0,9.0,7.0,3.0,11.0,Graduation,Married,0,0,0,0,0,0,0
1955.0,76005.0,0.0,0.0,2013.143607305936,72.0,983.0,20.0,389.0,240.0,50.0,40.0,1.0,3.0,5.0,13.0,6.0,3.0,11.0,Graduation,Together,0,0,0,1,0,0,0
1950.0,59292.0,0.0,1.0,2013.4522831050228,71.0,378.0,14.0,68.0,19.0,14.0,14.0,2.0,3.0,5.0,8.0,3.0,3.0,11.0,PhD,Together,0,0,0,0,0,0,0
1982.0,39660.0,1.0,0.0,2012.6052511415523,36.0,139.0,13.0,78.0,20.0,13.0,36.0,3.0,7.0,1.0,3.0,9.0,3.0,11.0,Graduation,Single,0,0,0,0,0,0,1
1946.0,82657.0,0.0,0.0,2013.7406392694065,71.0,966.0,168.0,672.0,246.0,105.0,126.0,1.0,7.0,5.0,10.0,4.0,3.0,11.0,Graduation,Together,0,1,0,1,0,0,0
1983.0,30096.0,1.0,0.0,2014.393607305936,30.0,5.0,3.0,11.0,12.0,5.0,9.0,1.0,2.0,0.0,3.0,6.0,3.0,11.0,Graduation,Married,0,0,0,0,0,0,0
1973.0,85844.0,0.0,0.0,2014.4127853881278,62.0,938.0,19.0,843.0,25.0,95.0,38.0,1.0,6.0,6.0,7.0,2.0,3.0,11.0,PhD,Married,0,0,1,0,0,0,0
1979.0,85693.0,0.0,1.0,2013.304794520548,59.0,386.0,172.0,183.0,185.0,132.0,111.0,2.0,9.0,5.0,11.0,5.0,3.0,11.0,Graduation,Together,0,0,0,0,0,0,0
1971.0,78931.0,0.0,0.0,2013.8184931506848,19.0,331.0,197.0,170.0,58.0,152.0,35.0,1.0,2.0,8.0,13.0,1.0,3.0,11.0,PhD,Married,0,0,0,0,0,0,0
1969.0,80952.0,0.0,0.0,2013.1600456621004,20.0,778.0,178.0,689.0,41.0,27.0,44.0,1.0,8.0,5.0,11.0,8.0,3.0,11.0,Graduation,Married,0,1,1,1,0,0,1
1966.0,33279.0,0.0,0.0,2014.4495433789955,29.0,10.0,3.0,3.0,0.0,0.0,0.0,1.0,0.0,0.0,3.0,3.0,3.0,11.0,Graduation,Single,0,0,0,0,0,0,0
1970.0,33697.0,1.0,0.0,2013.7077625570778,34.0,4.0,3.0,7.0,0.0,3.0,11.0,1.0,1.0,0.0,2.0,7.0,3.0,11.0,Graduation,Single,1,0,0,0,0,0,0
1982.0,28718.0,1.0,0.0,2013.535616438356,78.0,12.0,4.0,6.0,11.0,8.0,16.0,2.0,2.0,0.0,3.0,8.0,3.0,11.0,Graduation,Married,0,0,0,0,0,0,0
1947.0,70321.0,0.0,0.0,2013.0438356164384,6.0,303.0,23.0,751.0,82.0,26.0,191.0,1.0,6.0,5.0,13.0,4.0,3.0,11.0,Graduation,Together,0,0,0,0,0,0,1
1967.0,37054.0,1.0,1.0,2013.7077625570778,89.0,12.0,1.0,6.0,0.0,1.0,5.0,2.0,1.0,0.0,3.0,7.0,3.0,11.0,Master,Married,0,0,0,0,0,0,0
1947.0,73059.0,0.0,1.0,2013.6682648401825,36.0,410.0,112.0,420.0,0.0,82.0,71.0,1.0,9.0,3.0,13.0,4.0,3.0,11.0,PhD,Together,0,0,0,0,0,0,0
1980.0,81702.0,0.0,0.0,2012.7296803652969,98.0,563.0,50.0,774.0,28.0,31.0,187.0,1.0,7.0,7.0,12.0,3.0,3.0,11.0,Graduation,Divorced,0,0,0,0,0,0,0
1971.0,29819.0,1.0,0.0,2013.8157534246575,77.0,9.0,1.0,24.0,2.0,1.0,2.0,3.0,3.0,0.0,3.0,6.0,3.0,11.0,Graduation,Divorced,0,0,0,0,0,0,0
1953.0,94384.0,0.0,0.0,2013.1776255707764,62.0,1111.0,24.0,790.0,160.0,45.0,172.0,0.0,5.0,8.0,5.0,2.0,3.0,11.0,Graduation,Together,0,1,1,1,0,0,1
1978.0,61346.0,1.0,0.0,2013.7664383561644,34.0,562.0,58.0,168.0,43.0,16.0,142.0,1.0,5.0,7.0,10.0,3.0,3.0,11.0,Master,Together,0,0,0,0,0,0,0
1968.0,70777.0,0.0,1.0,2014.151826484018,80.0,554.0,35.0,113.0,0.0,7.0,78.0,3.0,5.0,3.0,12.0,3.0,3.0,11.0,Master,Married,0,0,0,0,0,0,0
1963.0,33629.0,1.0,1.0,2012.6052511415523,49.0,132.0,0.0,16.0,0.0,0.0,4.0,5.0,3.0,1.0,4.0,9.0,3.0,11.0,PhD,Together,0,0,0,0,0,0,0
1971.0,56850.0,0.0,1.0,2014.2296803652969,83.0,34.0,1.0,19.0,2.0,7.0,0.0,1.0,1.0,1.0,3.0,2.0,3.0,11.0,Master,Married,0,0,0,0,0,0,0
1960.0,83151.0,0.0,0.0,2012.777397260274,93.0,407.0,28.0,100.0,120.0,74.0,18.0,1.0,5.0,9.0,4.0,3.0,3.0,11.0,Master,Together,0,0,0,0,0,0,0
1982.0,160803.0,0.0,0.0,2012.594292237443,21.0,55.0,16.0,1622.0,17.0,3.0,4.0,15.0,0.0,28.0,1.0,0.0,3.0,11.0,PhD,Married,0,0,0,0,0,0,0
1973.0,49094.0,0.0,1.0,2012.7242009132422,6.0,376.0,0.0,38.0,11.0,8.0,69.0,5.0,6.0,3.0,6.0,6.0,3.0,11.0,Graduation,Married,0,0,0,0,0,0,0
1968.0,63841.0,0.0,1.0,2013.3075342465754,64.0,635.0,15.0,100.0,20.0,7.0,131.0,1.0,9.0,3.0,9.0,6.0,3.0,11.0,Master,Divorced,0,0,0,0,0,0,0
1982.0,37040.0,0.0,0.0,2012.6052511415523,41.0,86.0,2.0,73.0,69.0,38.0,48.0,1.0,4.0,2.0,5.0,8.0,3.0,11.0,Graduation,Married,0,0,0,0,0,0,0
1960.0,82504.0,0.0,0.0,2013.5739726027398,2.0,362.0,50.0,431.0,134.0,35.0,54.0,1.0,3.0,6.0,7.0,1.0,3.0,11.0,2n Cycle,Married,0,0,0,0,0,0,0
1956.0,62058.0,0.0,1.0,2013.4045662100457,52.0,301.0,7.0,74.0,10.0,0.0,58.0,4.0,6.0,1.0,7.0,6.0,3.0,11.0,Master,Married,0,0,0,0,0,0,0
1954.0,70421.0,0.0,1.0,2014.4933789954339,98.0,479.0,28.0,136.0,75.0,14.0,35.0,3.0,10.0,3.0,7.0,6.0,3.0,11.0,PhD,Married,0,0,0,0,0,0,0
1970.0,62466.0,0.0,1.0,2014.041095890411,13.0,129.0,129.0,259.0,168.0,121.0,83.0,5.0,6.0,3.0,12.0,4.0,3.0,11.0,2n Cycle,Married,0,0,0,0,0,0,0
1979.0,16653.0,1.0,0.0,2014.2993150684931,10.0,5.0,7.0,31.0,15.0,4.0,7.0,3.0,2.0,1.0,3.0,6.0,3.0,11.0,Master,Single,0,0,0,0,0,0,1
1974.0,69719.0,0.0,0.0,2014.4045662100457,99.0,273.0,86.0,208.0,177.0,14.0,43.0,1.0,2.0,3.0,5.0,1.0,3.0,11.0,Graduation,Single,0,0,0,0,0,0,0
1986.0,83033.0,1.0,0.0,2014.3826484018264,82.0,812.0,99.0,431.0,237.0,149.0,33.0,1.0,11.0,4.0,10.0,5.0,3.0,11.0,Graduation,Together,0,0,0,1,0,0,0
1957.0,62187.0,0.0,0.0,2013.513698630137,49.0,792.0,0.0,275.0,45.0,45.0,126.0,1.0,4.0,8.0,5.0,3.0,3.0,11.0,Graduation,Married,0,0,0,0,0,0,0
1981.0,40211.0,1.0,1.0,2013.5821917808219,30.0,51.0,1.0,7.0,2.0,1.0,25.0,2.0,2.0,1.0,2.0,8.0,3.0,11.0,Graduation,Married,1,0,0,0,0,0,0
1946.0,64014.0,2.0,1.0,2014.4440639269408,56.0,406.0,0.0,30.0,0.0,0.0,8.0,7.0,8.0,2.0,5.0,7.0,3.0,11.0,PhD,Together,0,0,0,1,0,0,0
1983.0,90687.0,0.0,0.0,2013.393607305936,98.0,982.0,17.0,672.0,23.0,34.0,51.0,1.0,6.0,2.0,8.0,2.0,3.0,11.0,PhD,Divorced,0,0,1,0,0,0,1
1971.0,22804.0,1.0,0.0,2013.5849315068492,75.0,14.0,1.0,7.0,2.0,1.0,1.0,1.0,2.0,0.0,2.0,9.0,3.0,11.0,Graduation,Single,0,0,0,0,0,0,0
1951.0,67046.0,0.0,1.0,2013.0164383561644,92.0,544.0,35.0,133.0,23.0,151.0,107.0,2.0,4.0,5.0,4.0,2.0,3.0,11.0,Graduation,Widow,0,0,0,0,0,0,0
1954.0,39898.0,0.0,1.0,2013.116210045662,20.0,69.0,8.0,26.0,12.0,7.0,12.0,2.0,3.0,0.0,4.0,7.0,3.0,11.0,Graduation,Together,0,0,0,0,0,0,0
1982.0,23661.0,1.0,0.0,2013.9276255707764,46.0,18.0,0.0,4.0,0.0,0.0,1.0,1.0,1.0,0.0,3.0,7.0,3.0,11.0,Master,Together,0,0,0,0,0,0,0
1971.0,32011.0,1.0,0.0,2013.643607305936,89.0,99.0,0.0,15.0,2.0,1.0,5.0,3.0,2.0,1.0,4.0,7.0,3.0,11.0,PhD,Married,0,0,0,0,0,0,0
1959.0,36732.0,1.0,1.0,2013.9961187214612,71.0,21.0,5.0,3.0,10.0,1.0,7.0,3.0,1.0,1.0,4.0,2.0,3.0,11.0,PhD,Married,0,0,0,0,0,0,0
1978.0,21282.0,1.0,0.0,2014.3634703196346,76.0,1.0,5.0,8.0,4.0,8.0,20.0,2.0,2.0,1.0,2.0,6.0,3.0,11.0,2n Cycle,Divorced,0,0,0,0,0,0,0
1972.0,59973.0,0.0,0.0,2013.6968036529681,47.0,130.0,30.0,168.0,20.0,34.0,0.0,1.0,3.0,4.0,7.0,1.0,3.0,11.0,PhD,Married,0,0,0,0,0,0,0
1972.0,65704.0,0.0,0.0,2013.785616438356,18.0,279.0,172.0,74.0,38.0,8.0,246.0,1.0,2.0,10.0,10.0,1.0,3.0,11.0,2n Cycle,Single,0,0,0,0,0,0,0
1956.0,90369.0,0.0,0.0,2014.3267123287671,2.0,292.0,51.0,981.0,224.0,23.0,17.0,1.0,4.0,6.0,6.0,1.0,3.0,11.0,Graduation,Married,0,0,0,0,0,0,1
1976.0,37697.0,1.0,0.0,2014.102511415525,82.0,34.0,6.0,21.0,11.0,4.0,8.0,1.0,2.0,1.0,3.0,6.0,3.0,11.0,Graduation,Single,0,0,0,0,0,0,0
1975.0,17003.0,1.0,0.0,2013.9413242009134,37.0,2.0,5.0,12.0,4.0,8.0,7.0,3.0,2.0,0.0,4.0,5.0,3.0,11.0,2n Cycle,Married,0,0,0,0,0,0,0
1954.0,62637.0,0.0,1.0,2014.169406392694,76.0,104.0,12.0,48.0,4.0,12.0,5.0,1.0,2.0,2.0,5.0,2.0,3.0,11.0,Master,Divorced,0,0,0,0,0,0,0
1979.0,40662.0,1.0,0.0,2013.2077625570778,0.0,40.0,2.0,23.0,0.0,4.0,23.0,2.0,2.0,1.0,3.0,4.0,3.0,11.0,Master,Married,0,0,0,0,0,0,0
1967.0,63246.0,0.0,2.0,2013.6381278538813,60.0,593.0,30.0,91.0,29.0,22.0,7.0,1.0,6.0,3.0,12.0,4.0,3.0,11.0,PhD,Married,0,0,0,0,0,0,0
1974.0,37087.0,1.0,0.0,2013.6134703196346,50.0,194.0,55.0,134.0,15.0,0.0,3.0,3.0,4.0,2.0,8.0,6.0,3.0,11.0,PhD,Married,0,0,0,0,0,0,0
1983.0,76630.0,0.0,0.0,2014.0383561643835,93.0,255.0,31.0,446.0,40.0,56.0,175.0,1.0,3.0,10.0,11.0,1.0,3.0,11.0,Graduation,Married,0,0,0,0,0,0,0
1974.0,65463.0,1.0,0.0,2014.0821917808219,17.0,391.0,32.0,70.0,21.0,32.0,16.0,2.0,6.0,2.0,9.0,5.0,3.0,11.0,2n Cycle,Married,0,1,0,0,0,0,0
1972.0,49494.0,1.0,0.0,2013.3184931506848,46.0,191.0,9.0,97.0,0.0,6.0,82.0,2.0,6.0,1.0,5.0,7.0,3.0,11.0,Master,Single,0,0,0,0,0,0,0
1965.0,61482.0,0.0,0.0,2014.4906392694065,39.0,48.0,58.0,68.0,16.0,66.0,43.0,1.0,3.0,2.0,6.0,2.0,3.0,11.0,Graduation,Married,0,0,0,0,0,0,0
1964.0,75236.0,0.0,1.0,2013.901826484018,27.0,438.0,66.0,400.0,12.0,38.0,114.0,1.0,8.0,3.0,13.0,4.0,3.0,11.0,Graduation,Married,0,0,0,0,0,0,0
1982.0,63211.0,0.0,0.0,2012.838812785388,3.0,145.0,193.0,459.0,205.0,26.0,145.0,2.0,3.0,8.0,7.0,2.0,3.0,11.0,Graduation,Married,0,0,0,0,0,0,1
1966.0,86358.0,1.0,1.0,2012.6052511415523,78.0,957.0,47.0,494.0,82.0,47.0,95.0,4.0,5.0,3.0,6.0,8.0,3.0,11.0,Graduation,Single,0,0,0,0,0,0,0
1968.0,63841.0,0.0,1.0,2013.3075342465754,64.0,635.0,15.0,100.0,20.0,7.0,131.0,1.0,9.0,3.0,9.0,6.0,3.0,11.0,Master,Divorced,0,0,0,0,0,0,0
1982.0,68627.0,0.0,0.0,2013.0328767123287,45.0,395.0,15.0,263.0,60.0,54.0,38.0,1.0,2.0,3.0,6.0,1.0,3.0,11.0,Graduation,Single,0,0,0,0,0,0,0
1973.0,48432.0,0.0,1.0,2012.7993150684931,3.0,322.0,3.0,50.0,4.0,3.0,42.0,5.0,7.0,1.0,6.0,8.0,3.0,11.0,PhD,Single,0,0,0,0,0,0,1
1957.0,78618.0,0.0,0.0,2012.7433789954339,87.0,736.0,163.0,818.0,212.0,163.0,61.0,1.0,4.0,7.0,10.0,2.0,3.0,11.0,Graduation,Married,0,1,0,0,0,0,0
1954.0,45736.0,0.0,1.0,2013.5657534246575,92.0,188.0,3.0,180.0,20.0,3.0,43.0,5.0,7.0,1.0,6.0,7.0,3.0,11.0,Master,Married,0,0,0,0,0,0,0
1979.0,33462.0,1.0,0.0,2013.602511415525,78.0,22.0,3.0,18.0,0.0,0.0,11.0,1.0,2.0,0.0,3.0,7.0,3.0,11.0,Master,Divorced,0,0,0,0,0,0,0
1957.0,82017.0,0.0,0.0,2012.852511415525,58.0,184.0,23.0,446.0,30.0,23.0,23.0,1.0,5.0,4.0,7.0,2.0,3.0,11.0,PhD,Married,0,1,1,1,0,0,1
1976.0,23718.0,1.0,0.0,2013.6721461187215,76.0,6.0,3.0,14.0,15.0,7.0,36.0,3.0,3.0,1.0,2.0,7.0,3.0,11.0,2n Cycle,Married,0,0,0,0,0,0,0
1976.0,17649.0,1.0,0.0,2013.866210045662,70.0,15.0,1.0,23.0,0.0,5.0,1.0,3.0,3.0,0.0,3.0,8.0,3.0,11.0,Graduation,Married,0,0,0,0,0,0,0
1986.0,38197.0,1.0,0.0,2013.4961187214612,86.0,23.0,0.0,11.0,2.0,1.0,3.0,1.0,1.0,0.0,3.0,5.0,3.0,11.0,PhD,Together,0,0,0,0,0,0,0
1963.0,80124.0,0.0,0.0,2014.4878995433792,47.0,483.0,84.0,398.0,205.0,84.0,241.0,1.0,3.0,7.0,8.0,1.0,3.0,11.0,Graduation,Married,1,0,0,0,0,0,0
1983.0,,1.0,0.0,2013.8744292237443,11.0,5.0,5.0,6.0,0.0,2.0,1.0,1.0,1.0,0.0,2.0,7.0,3.0,11.0,Graduation,Married,0,0,0,0,0,0,0
1953.0,34587.0,1.0,1.0,2014.3771689497717,68.0,7.0,2.0,9.0,2.0,0.0,2.0,2.0,1.0,0.0,3.0,4.0,3.0,11.0,Graduation,Together,0,0,0,0,0,0,0
1983.0,35876.0,0.0,0.0,2014.304794520548,13.0,66.0,2.0,40.0,4.0,3.0,14.0,1.0,3.0,1.0,3.0,6.0,3.0,11.0,Master,Married,0,0,0,0,0,0,0
1963.0,81300.0,0.0,1.0,2012.8321917808219,17.0,1004.0,12.0,145.0,32.0,12.0,36.0,3.0,10.0,3.0,5.0,5.0,3.0,11.0,PhD,Married,0,0,0,1,0,0,1
1965.0,47025.0,1.0,1.0,2014.10799086758,6.0,16.0,0.0,3.0,0.0,0.0,1.0,1.0,1.0,0.0,2.0,7.0,3.0,11.0,PhD,Divorced,0,0,0,0,0,0,0
1957.0,68148.0,0.0,0.0,2013.6682648401825,86.0,389.0,66.0,408.0,37.0,57.0,85.0,1.0,4.0,4.0,6.0,2.0,3.0,11.0,Master,Together,0,0,0,0,0,0,0
1949.0,74859.0,0.0,0.0,2013.424885844749,63.0,570.0,73.0,614.0,133.0,102.0,73.0,1.0,6.0,5.0,11.0,3.0,3.0,11.0,2n Cycle,Widow,0,0,0,1,0,0,0
1977.0,71855.0,0.0,1.0,2013.0438356164384,59.0,548.0,31.0,422.0,0.0,112.0,28.0,4.0,5.0,5.0,11.0,3.0,3.0,11.0,Graduation,Married,0,0,0,0,0,0,0
1976.0,85606.0,0.0,1.0,2012.866210045662,89.0,717.0,42.0,864.0,219.0,30.0,84.0,2.0,6.0,7.0,9.0,3.0,3.0,11.0,Graduation,Together,0,0,0,1,0,0,0
1970.0,63684.0,0.0,1.0,2012.9045662100457,61.0,575.0,80.0,428.0,208.0,93.0,80.0,3.0,8.0,4.0,8.0,5.0,3.0,11.0,Graduation,Married,0,0,0,0,0,0,0
1965.0,56962.0,2.0,1.0,2013.7801369863014,60.0,292.0,3.0,77.0,10.0,3.0,26.0,7.0,6.0,3.0,5.0,7.0,3.0,11.0,Master,Married,0,0,0,0,0,0,0
1970.0,79419.0,0.0,0.0,2014.4769406392695,96.0,751.0,127.0,687.0,20.0,15.0,31.0,1.0,4.0,6.0,4.0,2.0,3.0,11.0,Master,Together,0,0,0,0,0,0,0
1984.0,82733.0,0.0,0.0,2013.6940639269408,28.0,712.0,50.0,420.0,65.0,38.0,38.0,1.0,8.0,4.0,7.0,4.0,3.0,11.0,PhD,Single,0,0,0,0,0,0,1
1959.0,42243.0,1.0,1.0,2013.9468036529681,34.0,48.0,0.0,2.0,0.0,0.0,5.0,2.0,2.0,0.0,3.0,7.0,3.0,11.0,Graduation,Married,0,0,0,0,0,0,0
1973.0,83917.0,0.0,0.0,2013.2993150684931,12.0,514.0,22.0,732.0,42.0,198.0,79.0,1.0,6.0,7.0,7.0,3.0,3.0,11.0,Graduation,Single,0,0,0,0,0,0,1
1967.0,70647.0,0.0,1.0,2012.7242009132422,65.0,561.0,85.0,171.0,25.0,123.0,114.0,2.0,4.0,7.0,13.0,2.0,3.0,11.0,Graduation,Divorced,0,0,0,0,0,0,0
1952.0,54549.0,0.0,1.0,2014.174885844749,8.0,216.0,2.0,6.0,0.0,0.0,9.0,2.0,5.0,1.0,4.0,7.0,3.0,11.0,PhD,Married,0,0,0,0,0,0,0
1972.0,38988.0,1.0,2.0,2012.6381278538813,90.0,164.0,24.0,103.0,12.0,3.0,42.0,7.0,5.0,1.0,6.0,8.0,3.0,11.0,Graduation,Married,0,0,0,0,0,0,0
1979.0,56775.0,0.0,1.0,2013.0054794520547,62.0,614.0,35.0,160.0,58.0,35.0,35.0,2.0,5.0,8.0,10.0,5.0,3.0,11.0,Graduation,Married,0,0,0,0,0,0,0
1978.0,47025.0,0.0,1.0,2013.6995433789955,98.0,508.0,11.0,59.0,23.0,5.0,29.0,5.0,11.0,1.0,6.0,9.0,3.0,11.0,2n Cycle,Married,0,0,0,0,0,0,0
1986.0,82333.0,0.0,0.0,2013.2488584474886,60.0,1311.0,0.0,359.0,46.0,89.0,17.0,1.0,4.0,3.0,10.0,2.0,3.0,11.0,PhD,Married,0,0,1,0,0,0,1
1959.0,18690.0,0.0,0.0,2012.9933789954339,77.0,6.0,1.0,7.0,23.0,4.0,19.0,1.0,1.0,1.0,2.0,8.0,3.0,11.0,Graduation,Married,0,0,0,0,0,0,0
1956.0,54450.0,1.0,1.0,2012.7050228310502,0.0,454.0,0.0,171.0,8.0,19.0,32.0,12.0,9.0,2.0,8.0,8.0,3.0,11.0,Graduation,Together,0,0,0,0,0,0,0
1980.0,70829.0,1.0,1.0,2013.919406392694,87.0,141.0,70.0,106.0,72.0,19.0,23.0,2.0,4.0,2.0,8.0,3.0,3.0,11.0,2n Cycle,Married,0,0,0,0,0,0,0
1978.0,54162.0,1.0,1.0,2013.2159817351599,31.0,5.0,6.0,10.0,6.0,5.0,10.0,1.0,1.0,0.0,3.0,4.0,3.0,11.0,Graduation,Widow,0,0,0,0,0,0,0
1978.0,72159.0,0.0,0.0,2012.8294520547945,62.0,322.0,53.0,899.0,34.0,40.0,53.0,1.0,4.0,6.0,10.0,2.0,3.0,11.0,PhD,Married,0,0,0,0,0,0,0
1953.0,55707.0,0.0,1.0,2013.9769406392695,91.0,208.0,7.0,82.0,30.0,66.0,35.0,2.0,3.0,2.0,9.0,3.0,3.0,11.0,PhD,Married,0,0,0,0,0,0,0
1973.0,52845.0,1.0,0.0,2013.6189497716894,7.0,384.0,25.0,292.0,130.0,41.0,64.0,3.0,8.0,8.0,6.0,6.0,3.0,11.0,Graduation,Married,1,0,0,0,0,0,0
1985.0,44322.0,1.0,0.0,2014.4605022831051,30.0,46.0,0.0,40.0,3.0,0.0,3.0,2.0,3.0,0.0,3.0,8.0,3.0,11.0,Graduation,Married,0,0,0,0,0,0,0
1974.0,78128.0,0.0,1.0,2014.1353881278537,89.0,934.0,24.0,230.0,16.0,24.0,36.0,2.0,8.0,4.0,6.0,3.0,3.0,11.0,PhD,Married,0,1,1,0,0,0,0
1966.0,27038.0,0.0,0.0,2012.7159817351599,64.0,1.0,26.0,25.0,17.0,23.0,15.0,1.0,3.0,0.0,3.0,9.0,3.0,11.0,Graduation,Widow,0,0,0,0,0,0,1
1976.0,60482.0,0.0,1.0,2013.0630136986301,81.0,255.0,43.0,134.0,37.0,14.0,24.0,1.0,7.0,2.0,7.0,7.0,3.0,11.0,Master,Single,0,0,0,0,0,0,0
1973.0,7500.0,1.0,0.0,2013.9878995433792,54.0,5.0,3.0,10.0,12.0,7.0,20.0,4.0,3.0,1.0,3.0,7.0,3.0,11.0,Graduation,Single,0,0,0,0,0,0,0
1973.0,89694.0,1.0,1.0,2013.7746575342467,22.0,1126.0,28.0,211.0,37.0,28.0,42.0,3.0,4.0,3.0,4.0,5.0,3.0,11.0,Graduation,Divorced,0,1,1,1,0,0,0
1967.0,62513.0,0.0,1.0,2013.6913242009134,16.0,520.0,42.0,98.0,0.0,42.0,14.0,2.0,6.0,4.0,10.0,6.0,3.0,11.0,Master,Together,0,0,0,0,0,0,0
1956.0,50943.0,0.0,1.0,2013.4742009132422,49.0,31.0,0.0,7.0,2.0,0.0,6.0,1.0,1.0,0.0,3.0,5.0,3.0,11.0,Master,Together,0,0,0,0,0,0,0
1959.0,87195.0,0.0,0.0,2014.3552511415523,35.0,217.0,76.0,690.0,50.0,26.0,38.0,1.0,3.0,11.0,5.0,1.0,3.0,11.0,Graduation,Married,0,0,0,0,0,0,1
1983.0,50150.0,0.0,0.0,2013.4714611872148,32.0,135.0,46.0,92.0,65.0,61.0,11.0,2.0,5.0,2.0,7.0,5.0,3.0,11.0,PhD,Married,0,0,0,0,0,0,0
1968.0,50616.0,0.0,1.0,2014.2993150684931,56.0,128.0,0.0,16.0,0.0,1.0,4.0,2.0,4.0,0.0,4.0,7.0,3.0,11.0,PhD,Divorced,0,0,0,0,0,0,0
1965.0,44393.0,1.0,1.0,2013.643607305936,86.0,24.0,2.0,20.0,2.0,2.0,10.0,2.0,1.0,0.0,4.0,4.0,3.0,11.0,Graduation,Married,0,0,0,0,0,0,0
1982.0,,1.0,0.0,2013.4632420091325,57.0,11.0,3.0,22.0,2.0,2.0,6.0,2.0,2.0,0.0,3.0,6.0,3.0,11.0,Graduation,Single,0,0,0,0,0,0,0
1952.0,85431.0,0.0,0.0,2013.4385844748858,54.0,376.0,53.0,462.0,168.0,53.0,53.0,1.0,2.0,7.0,7.0,0.0,3.0,11.0,PhD,Together,0,0,0,0,0,0,0
1968.0,69674.0,0.0,2.0,2013.393607305936,46.0,554.0,41.0,215.0,11.0,0.0,24.0,3.0,10.0,2.0,10.0,5.0,3.0,11.0,PhD,Divorced,0,0,0,0,0,0,0
1967.0,76982.0,0.0,0.0,2014.1244292237443,19.0,464.0,151.0,292.0,65.0,60.0,30.0,1.0,8.0,3.0,4.0,4.0,3.0,11.0,Graduation,Divorced,0,0,1,0,0,0,1
1969.0,23228.0,1.0,0.0,2014.0712328767124,71.0,13.0,2.0,18.0,6.0,1.0,0.0,2.0,2.0,0.0,3.0,8.0,3.0,11.0,Graduation,Together,0,0,0,0,0,0,0
1951.0,40689.0,0.0,1.0,2013.2159817351599,69.0,270.0,3.0,27.0,39.0,6.0,99.0,7.0,7.0,1.0,5.0,8.0,3.0,11.0,Graduation,Together,0,0,0,0,0,0,0
1957.0,44155.0,1.0,1.0,2014.0520547945205,24.0,22.0,1.0,9.0,0.0,0.0,14.0,1.0,1.0,1.0,2.0,4.0,3.0,11.0,PhD,Married,0,0,0,0,0,0,0
1971.0,76445.0,1.0,0.0,2012.7433789954339,2.0,739.0,107.0,309.0,140.0,80.0,35.0,1.0,2.0,5.0,13.0,6.0,3.0,11.0,Graduation,Married,0,0,0,0,0,0,0
1973.0,27190.0,1.0,0.0,2013.6244292237443,13.0,1.0,6.0,7.0,0.0,1.0,3.0,1.0,1.0,0.0,2.0,8.0,3.0,11.0,Basic,Together,1,0,0,0,0,0,1
1984.0,42710.0,1.0,0.0,2012.9100456621004,38.0,252.0,3.0,42.0,4.0,3.0,102.0,2.0,4.0,5.0,3.0,6.0,3.0,11.0,PhD,Single,0,0,0,0,0,0,0
1948.0,82032.0,0.0,0.0,2014.263698630137,54.0,332.0,194.0,377.0,149.0,125.0,57.0,0.0,4.0,6.0,7.0,1.0,3.0,11.0,PhD,Widow,0,0,0,0,0,0,0
1971.0,30372.0,1.0,1.0,2012.9851598173516,33.0,15.0,0.0,12.0,7.0,3.0,7.0,3.0,2.0,0.0,3.0,7.0,3.0,11.0,Graduation,Widow,0,0,0,0,0,0,0
1984.0,18988.0,1.0,0.0,2014.3963470319634,43.0,6.0,0.0,6.0,2.0,1.0,1.0,2.0,1.0,0.0,3.0,7.0,3.0,11.0,PhD,Married,0,0,0,0,0,0,0
1963.0,22419.0,0.0,0.0,2013.2993150684931,74.0,30.0,3.0,47.0,19.0,21.0,42.0,1.0,3.0,2.0,2.0,8.0,3.0,11.0,Graduation,Married,0,0,0,0,0,0,0
1973.0,,1.0,0.0,2012.7050228310502,25.0,25.0,3.0,43.0,17.0,4.0,17.0,3.0,3.0,0.0,3.0,8.0,3.0,11.0,2n Cycle,Married,0,0,0,0,0,0,0
1963.0,50437.0,0.0,2.0,2012.7965753424658,28.0,370.0,9.0,92.0,6.0,9.0,4.0,3.0,7.0,1.0,8.0,7.0,3.0,11.0,Graduation,Married,0,0,0,0,0,0,0
1977.0,22108.0,1.0,1.0,2014.3552511415523,46.0,5.0,3.0,9.0,6.0,2.0,6.0,2.0,2.0,0.0,3.0,7.0,3.0,11.0,Graduation,Married,0,0,0,0,0,0,0
1962.0,59247.0,0.0,2.0,2013.8552511415523,87.0,327.0,9.0,122.0,19.0,14.0,83.0,5.0,5.0,2.0,9.0,6.0,3.0,11.0,Master,Single,0,0,0,0,0,0,0
1948.0,77142.0,0.0,0.0,2013.4127853881278,54.0,476.0,75.0,162.0,29.0,151.0,97.0,1.0,4.0,4.0,8.0,2.0,3.0,11.0,Graduation,Married,0,0,0,0,0,0,0
1954.0,52869.0,1.0,1.0,2012.791095890411,40.0,84.0,3.0,61.0,2.0,1.0,21.0,3.0,3.0,1.0,4.0,7.0,3.0,11.0,PhD,Married,0,0,0,0,0,0,1
1977.0,55375.0,0.0,1.0,2013.7965753424658,3.0,42.0,11.0,57.0,10.0,28.0,14.0,1.0,1.0,1.0,6.0,2.0,3.0,11.0,Graduation,Together,0,0,0,0,0,0,0
1965.0,77343.0,0.0,0.0,2014.4413242009134,28.0,227.0,151.0,573.0,98.0,54.0,31.0,1.0,3.0,4.0,9.0,1.0,3.0,11.0,Graduation,Married,0,0,0,0,0,0,0
1947.0,77632.0,0.0,0.0,2013.1940639269408,73.0,1200.0,105.0,758.0,0.0,42.0,147.0,1.0,4.0,2.0,6.0,2.0,3.0,11.0,Master,Together,0,1,1,0,0,0,1
1967.0,81380.0,0.0,0.0,2012.9769406392695,51.0,741.0,68.0,689.0,224.0,68.0,103.0,1.0,4.0,2.0,10.0,2.0,3.0,11.0,Master,Divorced,0,0,0,0,0,0,0
1959.0,57957.0,0.0,1.0,2013.6353881278537,24.0,290.0,59.0,177.0,77.0,5.0,29.0,7.0,4.0,6.0,8.0,3.0,3.0,11.0,Graduation,Together,0,0,0,0,1,0,0
1967.0,40304.0,1.0,0.0,2013.7488584474886,82.0,37.0,0.0,17.0,0.0,0.0,3.0,1.0,2.0,0.0,3.0,7.0,3.0,11.0,PhD,Single,0,0,0,0,0,0,0
1973.0,9722.0,1.0,0.0,2012.7554794520547,7.0,6.0,17.0,16.0,6.0,16.0,42.0,4.0,3.0,1.0,3.0,8.0,3.0,11.0,Basic,Together,0,0,0,0,0,0,1
1962.0,82122.0,0.0,0.0,2013.6244292237443,89.0,734.0,22.0,350.0,151.0,25.0,100.0,1.0,3.0,9.0,13.0,1.0,3.0,11.0,2n Cycle,Together,0,0,1,0,0,0,0
1949.0,49160.0,0.0,1.0,2013.804794520548,29.0,122.0,21.0,43.0,25.0,10.0,15.0,2.0,3.0,1.0,6.0,6.0,3.0,11.0,Graduation,Divorced,0,0,0,0,0,0,0
1963.0,14918.0,0.0,1.0,2012.9358447488585,52.0,3.0,3.0,3.0,15.0,4.0,15.0,1.0,1.0,0.0,3.0,6.0,3.0,11.0,Basic,Together,0,0,0,0,0,0,0
1972.0,33622.0,1.0,1.0,2013.285616438356,22.0,39.0,1.0,22.0,3.0,4.0,12.0,3.0,2.0,0.0,4.0,7.0,3.0,11.0,Graduation,Married,0,0,0,0,0,0,0
1948.0,76140.0,0.0,0.0,2014.3689497716894,57.0,586.0,66.0,653.0,17.0,0.0,26.0,1.0,5.0,9.0,6.0,2.0,3.0,11.0,PhD,Together,0,0,0,0,0,0,0
1960.0,63381.0,0.0,1.0,2012.763698630137,78.0,571.0,50.0,142.0,33.0,50.0,159.0,4.0,4.0,5.0,13.0,2.0,3.0,11.0,Graduation,Together,0,0,0,0,0,0,0
1949.0,67911.0,0.0,1.0,2014.393607305936,63.0,529.0,0.0,356.0,63.0,28.0,0.0,3.0,6.0,7.0,11.0,3.0,3.0,11.0,PhD,Together,0,0,0,0,0,0,0
1965.0,84618.0,0.0,0.0,2013.893607305936,96.0,684.0,100.0,801.0,21.0,66.0,0.0,1.0,6.0,9.0,10.0,2.0,3.0,11.0,PhD,Married,0,0,1,0,0,0,0
1959.0,38829.0,0.0,1.0,2014.2664383561644,86.0,76.0,0.0,7.0,0.0,0.0,16.0,1.0,3.0,2.0,2.0,5.0,3.0,11.0,PhD,Married,0,0,0,0,0,0,0
1969.0,73448.0,0.0,0.0,2014.1107305936073,10.0,236.0,106.0,189.0,23.0,41.0,130.0,1.0,7.0,2.0,9.0,4.0,3.0,11.0,Graduation,Married,0,0,0,0,0,0,0
1971.0,49118.0,0.0,0.0,2012.6326484018264,90.0,620.0,54.0,239.0,99.0,98.0,119.0,2.0,9.0,7.0,10.0,7.0,3.0,11.0,2n Cycle,Divorced,0,1,0,0,0,1,1
1950.0,34026.0,1.0,1.0,2013.5970319634703,11.0,18.0,6.0,15.0,12.0,8.0,17.0,3.0,2.0,1.0,3.0,5.0,3.0,11.0,Graduation,Together,0,0,0,0,0,0,0
1979.0,23724.0,1.0,0.0,2013.021917808219,65.0,5.0,23.0,15.0,0.0,18.0,14.0,2.0,2.0,0.0,3.0,8.0,3.0,11.0,Basic,Together,0,0,0,0,0,0,0
1971.0,60491.0,0.0,1.0,2013.6831050228311,81.0,637.0,47.0,237.0,12.0,19.0,76.0,4.0,6.0,11.0,7.0,5.0,3.0,11.0,PhD,Married,0,0,0,0,0,0,0
1989.0,42387.0,1.0,0.0,2012.8294520547945,42.0,235.0,0.0,235.0,19.0,4.0,191.0,5.0,8.0,1.0,7.0,8.0,3.0,11.0,Graduation,Married,0,0,0,0,0,0,0
1947.0,81044.0,0.0,0.0,2013.9906392694065,0.0,450.0,26.0,535.0,73.0,98.0,26.0,1.0,5.0,6.0,10.0,1.0,3.0,11.0,2n Cycle,Married,0,0,0,0,0,0,0
1959.0,26887.0,0.0,1.0,2013.1107305936073,27.0,6.0,7.0,4.0,3.0,4.0,6.0,1.0,1.0,0.0,3.0,6.0,3.0,11.0,2n Cycle,Married,0,0,0,0,0,0,0
1971.0,55239.0,0.0,1.0,2013.5383561643835,59.0,371.0,17.0,238.0,23.0,24.0,106.0,3.0,7.0,5.0,11.0,5.0,3.0,11.0,Graduation,Single,0,0,0,0,0,0,0
1975.0,69283.0,0.0,1.0,2014.4550228310502,41.0,674.0,62.0,134.0,0.0,26.0,8.0,4.0,7.0,3.0,13.0,5.0,3.0,11.0,PhD,Married,0,0,0,0,0,0,0
1953.0,36957.0,1.0,1.0,2012.6831050228311,43.0,100.0,2.0,16.0,2.0,1.0,31.0,4.0,3.0,2.0,2.0,9.0,3.0,11.0,PhD,Divorced,0,0,0,0,0,0,1
1957.0,52852.0,0.0,1.0,2012.919406392694,93.0,714.0,8.0,99.0,11.0,0.0,47.0,4.0,10.0,7.0,5.0,8.0,3.0,11.0,Graduation,Married,1,0,0,0,0,0,0
1952.0,70545.0,0.0,1.0,2014.424885844749,29.0,138.0,39.0,63.0,55.0,18.0,21.0,1.0,4.0,1.0,7.0,2.0,3.0,11.0,Master,Together,0,0,0,0,0,0,0
1954.0,64587.0,1.0,1.0,2014.4769406392695,49.0,66.0,0.0,16.0,0.0,6.0,20.0,2.0,1.0,1.0,4.0,3.0,3.0,11.0,Graduation,Divorced,0,0,0,0,0,0,0
1965.0,46891.0,0.0,1.0,2013.669406392694,91.0,43.0,12.0,23.0,29.0,15.0,61.0,1.0,2.0,1.0,4.0,4.0,3.0,11.0,2n Cycle,Married,0,0,0,0,0,0,0
1982.0,42081.0,1.0,0.0,2013.1545662100457,86.0,175.0,10.0,110.0,54.0,6.0,27.0,2.0,6.0,3.0,4.0,6.0,3.0,11.0,Graduation,Married,1,0,0,0,0,0,0
1956.0,50898.0,1.0,1.0,2013.021917808219,88.0,285.0,28.0,242.0,55.0,114.0,135.0,13.0,6.0,2.0,12.0,5.0,3.0,11.0,Master,Together,0,0,0,0,0,0,0
1964.0,79143.0,0.0,0.0,2012.6134703196346,2.0,650.0,37.0,780.0,27.0,167.0,32.0,1.0,6.0,9.0,13.0,3.0,3.0,11.0,Master,Married,0,0,0,0,0,0,0
1990.0,51250.0,1.0,0.0,2013.2488584474886,28.0,342.0,32.0,230.0,34.0,32.0,40.0,5.0,10.0,5.0,4.0,9.0,3.0,11.0,2n Cycle,Single,1,0,0,0,0,0,0
1962.0,62568.0,0.0,1.0,2014.2691780821917,99.0,362.0,17.0,398.0,80.0,35.0,61.0,3.0,5.0,3.0,5.0,4.0,3.0,11.0,Graduation,Together,0,0,0,1,0,0,0
1975.0,47808.0,0.0,1.0,2013.804794520548,30.0,123.0,1.0,26.0,2.0,0.0,72.0,2.0,3.0,2.0,3.0,7.0,3.0,11.0,Master,Married,1,0,0,0,0,0,0
1959.0,68805.0,0.0,1.0,2013.7132420091325,73.0,182.0,2.0,49.0,17.0,13.0,20.0,1.0,3.0,1.0,7.0,2.0,3.0,11.0,PhD,Divorced,0,0,0,0,0,0,0
1957.0,26091.0,1.0,1.0,2014.151826484018,84.0,15.0,10.0,19.0,8.0,17.0,20.0,3.0,2.0,1.0,3.0,5.0,3.0,11.0,Graduation,Together,0,0,0,0,0,0,0
1958.0,26490.0,0.0,0.0,2012.7269406392695,92.0,45.0,47.0,52.0,21.0,20.0,25.0,2.0,3.0,1.0,5.0,6.0,3.0,11.0,2n Cycle,Together,0,0,0,0,0,0,0
1988.0,29604.0,1.0,0.0,2013.9385844748858,88.0,7.0,6.0,13.0,7.0,6.0,14.0,1.0,1.0,0.0,3.0,9.0,3.0,11.0,Graduation,Together,1,0,0,0,0,0,0
1971.0,60504.0,0.0,1.0,2014.102511415525,73.0,458.0,0.0,24.0,6.0,4.0,34.0,2.0,6.0,2.0,8.0,6.0,3.0,11.0,PhD,Single,0,0,0,0,0,0,0
1977.0,31353.0,1.0,1.0,2013.9961187214612,24.0,10.0,0.0,10.0,3.0,1.0,7.0,2.0,1.0,1.0,2.0,8.0,3.0,11.0,Graduation,Married,0,0,0,0,0,0,1
1951.0,53790.0,0.0,2.0,2014.1831050228311,86.0,335.0,42.0,127.0,28.0,5.0,5.0,3.0,7.0,2.0,8.0,6.0,3.0,11.0,Graduation,Married,0,0,0,0,0,0,0
1969.0,25293.0,1.0,0.0,2013.7077625570778,51.0,15.0,0.0,11.0,0.0,2.0,9.0,1.0,1.0,1.0,2.0,8.0,3.0,11.0,Graduation,Married,0,0,0,0,0,0,0
1951.0,30833.0,1.0,1.0,2013.5438356164384,33.0,11.0,0.0,7.0,3.0,1.0,6.0,2.0,1.0,0.0,3.0,5.0,3.0,11.0,Graduation,Married,0,0,0,0,0,0,0
1989.0,37155.0,1.0,0.0,2013.0849315068492,51.0,23.0,0.0,26.0,7.0,15.0,3.0,1.0,2.0,0.0,4.0,5.0,3.0,11.0,Graduation,Married,0,0,0,0,0,0,0
1988.0,68655.0,0.0,0.0,2012.6107305936073,95.0,456.0,19.0,832.0,75.0,118.0,38.0,1.0,4.0,5.0,11.0,3.0,3.0,11.0,Graduation,Single,0,0,0,0,0,0,0
1962.0,81975.0,0.0,1.0,2013.013698630137,2.0,983.0,76.0,184.0,180.0,138.0,27.0,1.0,6.0,3.0,4.0,7.0,3.0,11.0,2n Cycle,Divorced,0,0,1,0,0,0,0
1953.0,40464.0,0.0,1.0,2013.0301369863014,78.0,424.0,17.0,118.0,7.0,23.0,41.0,6.0,8.0,2.0,8.0,8.0,3.0,11.0,Graduation,Single,0,0,0,0,0,0,0
1970.0,57642.0,0.0,1.0,2014.0246575342467,24.0,580.0,6.0,58.0,8.0,0.0,27.0,3.0,7.0,6.0,6.0,4.0,3.0,11.0,PhD,Single,1,0,0,0,0,0,0
1968.0,63841.0,0.0,1.0,2013.3075342465754,64.0,635.0,15.0,100.0,20.0,7.0,131.0,1.0,9.0,3.0,9.0,6.0,3.0,11.0,Master,Divorced,0,0,0,0,0,0,0
1953.0,61278.0,0.0,1.0,2014.0109589041097,87.0,111.0,3.0,28.0,2.0,6.0,15.0,2.0,3.0,1.0,4.0,6.0,3.0,11.0,Graduation,Together,0,0,0,0,0,0,0
1965.0,72190.0,0.0,0.0,2013.1189497716894,79.0,597.0,166.0,597.0,172.0,166.0,249.0,1.0,5.0,6.0,4.0,3.0,3.0,11.0,Graduation,Married,0,0,0,0,0,0,0
1976.0,20180.0,0.0,0.0,2013.1381278538813,27.0,18.0,42.0,24.0,15.0,20.0,18.0,1.0,2.0,1.0,4.0,7.0,3.0,11.0,Graduation,Single,0,0,0,0,0,0,0
1963.0,48918.0,1.0,1.0,2014.2828767123287,21.0,52.0,0.0,9.0,0.0,0.0,1.0,2.0,1.0,0.0,4.0,4.0,3.0,11.0,PhD,Single,0,0,0,0,0,0,0
1954.0,44551.0,0.0,1.0,2013.6682648401825,24.0,182.0,4.0,33.0,0.0,0.0,66.0,2.0,4.0,1.0,5.0,7.0,3.0,11.0,Master,Widow,0,0,0,0,0,0,0
1958.0,,1.0,1.0,2012.674885844749,87.0,19.0,4.0,12.0,2.0,2.0,6.0,1.0,1.0,0.0,3.0,5.0,3.0,11.0,Graduation,Together,0,0,0,0,0,0,0
1977.0,27889.0,1.0,0.0,2013.513698630137,42.0,14.0,0.0,4.0,0.0,0.0,8.0,1.0,1.0,1.0,2.0,6.0,3.0,11.0,Master,Married,0,0,0,0,0,0,0
1986.0,71952.0,1.0,0.0,2013.027397260274,93.0,656.0,80.0,455.0,52.0,107.0,93.0,2.0,8.0,4.0,8.0,4.0,3.0,11.0,Graduation,Married,1,0,1,0,0,0,0
1987.0,23442.0,1.0,0.0,2012.9824200913242,71.0,2.0,0.0,6.0,8.0,6.0,5.0,1.0,1.0,0.0,3.0,7.0,3.0,11.0,Graduation,Single,0,0,0,0,0,0,0
1992.0,18746.0,1.0,0.0,2014.4127853881278,41.0,2.0,10.0,11.0,12.0,9.0,20.0,2.0,3.0,0.0,3.0,6.0,3.0,11.0,Basic,Single,0,0,0,0,0,0,0
1966.0,44794.0,0.0,1.0,2014.4385844748858,99.0,54.0,0.0,7.0,0.0,0.0,4.0,1.0,2.0,0.0,3.0,6.0,3.0,11.0,Graduation,Married,0,0,0,0,0,0,0
1971.0,66303.0,0.0,1.0,2013.1545662100457,56.0,1090.0,12.0,96.0,16.0,12.0,60.0,4.0,3.0,4.0,11.0,8.0,3.0,11.0,Graduation,Married,0,1,0,0,0,0,0
1971.0,42767.0,2.0,0.0,2013.3634703196346,53.0,20.0,6.0,43.0,19.0,5.0,38.0,1.0,3.0,1.0,2.0,8.0,3.0,11.0,PhD,Single,0,0,0,0,0,0,0
1960.0,49154.0,1.0,1.0,2013.8415525114156,69.0,206.0,10.0,67.0,30.0,27.0,71.0,6.0,4.0,1.0,8.0,6.0,3.0,11.0,PhD,Married,0,0,0,0,0,0,0
1988.0,90247.0,0.0,0.0,2014.3294520547945,27.0,1184.0,32.0,352.0,21.0,16.0,16.0,1.0,3.0,4.0,7.0,1.0,3.0,11.0,Master,Single,0,1,1,1,0,0,1
1971.0,31632.0,0.0,0.0,2013.5383561643835,92.0,17.0,8.0,12.0,11.0,15.0,32.0,1.0,2.0,1.0,2.0,7.0,3.0,11.0,Graduation,Single,0,0,0,0,0,0,0
1978.0,28442.0,2.0,0.0,2014.1490867579907,53.0,19.0,3.0,10.0,11.0,8.0,6.0,3.0,2.0,1.0,4.0,4.0,3.0,11.0,Graduation,Married,0,0,0,0,0,0,0
1970.0,15315.0,0.0,0.0,2013.5915525114156,27.0,7.0,4.0,13.0,15.0,8.0,17.0,2.0,2.0,0.0,4.0,5.0,3.0,11.0,2n Cycle,Married,0,0,0,0,0,0,0
1955.0,46015.0,1.0,1.0,2014.285616438356,25.0,38.0,0.0,2.0,0.0,0.0,6.0,1.0,1.0,0.0,3.0,7.0,3.0,11.0,PhD,Together,1,0,0,0,0,1,0
1986.0,19485.0,2.0,0.0,2013.7324200913242,80.0,6.0,0.0,4.0,0.0,0.0,0.0,1.0,1.0,0.0,2.0,7.0,3.0,11.0,Master,Single,0,0,0,0,0,0,0
1968.0,35322.0,1.0,2.0,2012.643607305936,34.0,28.0,9.0,37.0,12.0,7.0,13.0,3.0,2.0,0.0,4.0,8.0,3.0,11.0,Graduation,Together,0,0,0,0,0,0,0
1963.0,30983.0,0.0,0.0,2012.85799086758,50.0,51.0,4.0,50.0,12.0,1.0,49.0,1.0,4.0,0.0,3.0,8.0,3.0,11.0,Graduation,Single,0,0,0,0,0,0,1
1959.0,65031.0,0.0,1.0,2013.2132420091325,29.0,258.0,107.0,291.0,84.0,37.0,86.0,4.0,10.0,3.0,13.0,7.0,3.0,11.0,Graduation,Married,0,0,0,0,0,0,0
1955.0,72635.0,0.0,0.0,2013.424885844749,54.0,390.0,22.0,323.0,104.0,35.0,107.0,1.0,6.0,8.0,6.0,3.0,3.0,11.0,2n Cycle,Married,0,0,0,1,0,0,0
1987.0,41020.0,0.0,0.0,2013.8267123287671,68.0,112.0,1.0,54.0,7.0,7.0,36.0,1.0,3.0,2.0,4.0,3.0,3.0,11.0,Master,Single,0,0,0,0,0,0,0
1951.0,71965.0,0.0,1.0,2013.5794520547945,21.0,572.0,19.0,286.0,50.0,38.0,248.0,3.0,6.0,3.0,5.0,3.0,3.0,11.0,Graduation,Married,0,0,0,0,0,0,0
1969.0,55212.0,0.0,1.0,2012.8963470319634,65.0,1103.0,0.0,45.0,0.0,0.0,34.0,3.0,4.0,2.0,11.0,8.0,3.0,11.0,PhD,Married,0,1,0,0,0,1,0
1966.0,44794.0,0.0,1.0,2014.4385844748858,99.0,54.0,0.0,7.0,0.0,0.0,4.0,1.0,2.0,0.0,3.0,6.0,3.0,11.0,Graduation,Married,0,0,0,0,0,0,0
1958.0,45160.0,1.0,1.0,2014.2461187214612,9.0,8.0,2.0,5.0,3.0,0.0,3.0,1.0,1.0,0.0,2.0,7.0,3.0,11.0,Graduation,Single,0,0,0,0,0,0,0
1974.0,30899.0,1.0,0.0,2012.785616438356,35.0,24.0,0.0,8.0,0.0,0.0,1.0,2.0,1.0,0.0,3.0,6.0,3.0,11.0,PhD,Single,0,0,0,0,0,0,0
1976.0,12571.0,1.0,0.0,2014.0493150684931,86.0,3.0,5.0,14.0,2.0,12.0,17.0,4.0,3.0,1.0,3.0,6.0,3.0,11.0,Graduation,Divorced,0,0,0,0,0,0,0
1987.0,57100.0,1.0,0.0,2014.3826484018264,9.0,158.0,11.0,99.0,15.0,11.0,17.0,2.0,3.0,2.0,7.0,3.0,3.0,11.0,Graduation,Single,0,0,0,0,0,0,0
1975.0,55914.0,0.0,1.0,2013.3294520547945,32.0,384.0,60.0,364.0,119.0,101.0,232.0,4.0,11.0,6.0,8.0,7.0,3.0,11.0,Graduation,Together,0,0,0,0,0,0,0
1967.0,36947.0,1.0,1.0,2012.602511415525,49.0,88.0,3.0,21.0,4.0,1.0,29.0,4.0,3.0,0.0,4.0,9.0,3.0,11.0,PhD,Married,0,0,0,0,0,0,0
1972.0,30467.0,1.0,0.0,2014.2187214611872,8.0,1.0,3.0,8.0,2.0,5.0,5.0,1.0,1.0,0.0,2.0,7.0,3.0,11.0,Graduation,Married,0,0,0,0,0,0,0
1967.0,30753.0,1.0,1.0,2013.5301369863014,85.0,12.0,5.0,25.0,0.0,9.0,30.0,2.0,1.0,1.0,3.0,5.0,3.0,11.0,2n Cycle,Together,0,0,0,0,0,0,0
1967.0,26642.0,1.0,0.0,2014.169406392694,71.0,13.0,2.0,15.0,2.0,2.0,8.0,2.0,2.0,0.0,3.0,6.0,3.0,11.0,PhD,Divorced,0,0,0,0,0,0,0
1983.0,22148.0,0.0,0.0,2014.285616438356,16.0,15.0,5.0,14.0,0.0,4.0,11.0,1.0,1.0,0.0,3.0,7.0,3.0,11.0,Graduation,Single,0,0,0,0,0,0,0
1959.0,50664.0,1.0,1.0,2013.0438356164384,64.0,313.0,8.0,104.0,6.0,4.0,126.0,9.0,8.0,1.0,6.0,9.0,3.0,11.0,Graduation,Single,0,0,0,0,0,0,0
1965.0,62694.0,1.0,1.0,2013.4632420091325,29.0,379.0,6.0,157.0,25.0,91.0,91.0,5.0,9.0,3.0,7.0,7.0,3.0,11.0,Master,Married,0,0,0,0,0,0,0
1961.0,63342.0,0.0,1.0,2012.7938356164384,48.0,918.0,21.0,118.0,13.0,10.0,21.0,3.0,8.0,3.0,5.0,6.0,3.0,11.0,PhD,Together,0,1,0,0,0,0,1
1975.0,80144.0,0.0,0.0,2013.7488584474886,47.0,240.0,132.0,445.0,250.0,192.0,108.0,1.0,3.0,7.0,8.0,1.0,3.0,11.0,Graduation,Together,0,0,0,0,0,0,0
1951.0,60689.0,0.0,1.0,2013.419406392694,23.0,240.0,90.0,216.0,63.0,6.0,24.0,4.0,4.0,4.0,10.0,3.0,3.0,11.0,Graduation,Single,0,0,0,0,0,0,0
1965.0,47009.0,0.0,1.0,2013.7527397260274,89.0,171.0,45.0,73.0,59.0,10.0,90.0,4.0,3.0,2.0,8.0,4.0,3.0,11.0,Graduation,Together,0,0,0,0,0,0,0
1961.0,86429.0,0.0,0.0,2013.8908675799087,10.0,464.0,28.0,873.0,29.0,18.0,37.0,0.0,7.0,4.0,7.0,2.0,3.0,11.0,Graduation,Single,0,0,0,1,0,0,1
1963.0,36736.0,1.0,1.0,2013.3607305936073,52.0,10.0,0.0,3.0,0.0,0.0,4.0,1.0,1.0,0.0,2.0,6.0,3.0,11.0,PhD,Single,0,0,0,0,0,0,0
1976.0,58597.0,1.0,1.0,2012.8881278538813,20.0,490.0,0.0,184.0,10.0,28.0,21.0,12.0,7.0,4.0,9.0,7.0,3.0,11.0,Graduation,Married,0,0,0,0,0,0,0
1972.0,55260.0,0.0,1.0,2012.9495433789955,81.0,825.0,8.0,53.0,11.0,0.0,242.0,2.0,8.0,10.0,5.0,6.0,3.0,11.0,PhD,Single,0,0,0,0,0,0,0
1960.0,70971.0,0.0,1.0,2012.7242009132422,28.0,1001.0,17.0,572.0,93.0,125.0,17.0,7.0,11.0,11.0,5.0,7.0,3.0,11.0,Graduation,Together,0,0,0,0,0,0,1
1969.0,66582.0,0.0,0.0,2014.174885844749,83.0,789.0,25.0,420.0,16.0,38.0,0.0,1.0,2.0,8.0,9.0,1.0,3.0,11.0,PhD,Single,0,0,0,0,0,0,0
1970.0,29548.0,1.0,0.0,2013.6627853881278,52.0,7.0,1.0,6.0,3.0,1.0,11.0,1.0,1.0,1.0,2.0,4.0,3.0,11.0,Master,Single,1,0,0,0,0,0,0
1957.0,77297.0,0.0,0.0,2013.0712328767124,84.0,408.0,61.0,109.0,48.0,122.0,41.0,1.0,5.0,7.0,9.0,4.0,3.0,11.0,2n Cycle,Divorced,0,0,0,1,0,0,0
1961.0,30081.0,0.0,1.0,2013.1408675799087,27.0,36.0,0.0,2.0,0.0,0.0,4.0,1.0,1.0,0.0,3.0,7.0,3.0,11.0,Graduation,Single,0,0,0,0,0,0,0
1991.0,68682.0,0.0,0.0,2013.7664383561644,56.0,919.0,0.0,505.0,99.0,30.0,45.0,1.0,4.0,9.0,10.0,2.0,3.0,11.0,PhD,Together,0,0,0,0,0,0,0
1971.0,64795.0,0.0,1.0,2013.0465753424658,23.0,412.0,5.0,119.0,38.0,29.0,77.0,3.0,3.0,3.0,12.0,2.0,3.0,11.0,Graduation,Married,0,0,0,0,0,0,0
1970.0,105471.0,0.0,0.0,2013.0575342465754,36.0,1009.0,181.0,104.0,202.0,21.0,207.0,0.0,9.0,8.0,13.0,3.0,3.0,11.0,Graduation,Together,0,0,1,1,0,0,1
1980.0,31859.0,1.0,0.0,2014.157305936073,3.0,3.0,4.0,7.0,15.0,8.0,11.0,1.0,1.0,0.0,3.0,7.0,3.0,11.0,2n Cycle,Single,0,0,0,0,0,0,0
1970.0,27242.0,1.0,0.0,2012.8634703196346,2.0,3.0,17.0,26.0,20.0,1.0,39.0,2.0,2.0,0.0,3.0,9.0,3.0,11.0,Graduation,Single,0,0,0,0,0,0,1
1977.0,23763.0,1.0,0.0,2012.602511415525,64.0,22.0,0.0,6.0,6.0,2.0,6.0,1.0,1.0,0.0,3.0,7.0,3.0,11.0,Graduation,Single,0,0,0,0,0,0,0
1949.0,49912.0,0.0,1.0,2012.6858447488585,5.0,520.0,8.0,223.0,32.0,49.0,42.0,4.0,10.0,5.0,7.0,8.0,3.0,11.0,Master,Together,1,0,0,0,0,0,1
1949.0,67911.0,0.0,1.0,2014.393607305936,63.0,529.0,0.0,356.0,63.0,28.0,0.0,3.0,6.0,7.0,11.0,3.0,3.0,11.0,PhD,Together,0,0,0,0,0,0,0
1983.0,36262.0,0.0,0.0,2013.7214611872148,24.0,88.0,39.0,54.0,64.0,28.0,153.0,1.0,3.0,5.0,3.0,6.0,3.0,11.0,Master,Married,1,0,0,0,0,0,1
1958.0,79761.0,0.0,1.0,2013.7609589041097,32.0,415.0,5.0,124.0,15.0,35.0,11.0,1.0,5.0,2.0,11.0,3.0,3.0,11.0,PhD,Single,0,0,0,0,0,0,0
1983.0,39453.0,1.0,0.0,2014.2582191780823,64.0,46.0,0.0,7.0,0.0,0.0,2.0,2.0,2.0,0.0,3.0,6.0,3.0,11.0,Graduation,Together,0,0,0,0,0,0,0
1974.0,42373.0,1.0,1.0,2013.6244292237443,83.0,67.0,5.0,61.0,3.0,8.0,19.0,5.0,2.0,1.0,5.0,5.0,3.0,11.0,Graduation,Single,0,0,0,0,0,0,0
1976.0,51369.0,0.0,1.0,2012.8184931506848,84.0,297.0,7.0,79.0,0.0,11.0,182.0,2.0,8.0,2.0,4.0,8.0,3.0,11.0,Graduation,Together,0,0,0,0,0,0,0
1956.0,63915.0,0.0,2.0,2013.5821917808219,2.0,622.0,7.0,115.0,30.0,0.0,15.0,2.0,6.0,3.0,12.0,5.0,3.0,11.0,Master,Married,0,0,0,0,0,0,0
1982.0,71853.0,0.0,0.0,2013.3552511415523,29.0,358.0,108.0,413.0,141.0,97.0,32.0,1.0,2.0,8.0,6.0,1.0,3.0,11.0,Graduation,Together,0,0,0,0,0,0,0
1948.0,83790.0,0.0,0.0,2013.8744292237443,81.0,1076.0,16.0,417.0,42.0,48.0,16.0,1.0,8.0,10.0,6.0,3.0,3.0,11.0,Master,Married,0,1,1,0,0,0,0
1956.0,77376.0,1.0,1.0,2014.3607305936073,72.0,492.0,19.0,110.0,16.0,12.0,12.0,4.0,6.0,3.0,10.0,4.0,3.0,11.0,PhD,Together,0,0,0,0,0,0,0
1976.0,26326.0,0.0,0.0,2013.6776255707764,12.0,1.0,0.0,5.0,0.0,3.0,9.0,1.0,0.0,0.0,3.0,3.0,3.0,11.0,2n Cycle,Together,0,0,0,0,1,0,0
1952.0,61823.0,0.0,1.0,2013.1326484018264,26.0,523.0,7.0,134.0,37.0,14.0,169.0,4.0,8.0,2.0,10.0,7.0,3.0,11.0,Graduation,Single,0,0,0,0,0,0,0
1984.0,79607.0,0.0,0.0,2013.3075342465754,37.0,450.0,133.0,951.0,173.0,0.0,216.0,1.0,3.0,6.0,6.0,1.0,3.0,11.0,Graduation,Single,0,0,0,0,0,0,1
1962.0,50785.0,1.0,1.0,2013.6940639269408,27.0,64.0,1.0,21.0,0.0,1.0,27.0,2.0,2.0,1.0,3.0,6.0,3.0,11.0,Graduation,Single,0,0,0,0,0,0,0
1984.0,90000.0,0.0,0.0,2013.9796803652969,91.0,675.0,144.0,133.0,94.0,192.0,241.0,1.0,4.0,8.0,5.0,1.0,3.0,11.0,Graduation,Married,1,0,1,1,0,0,0
1975.0,46772.0,0.0,1.0,2012.852511415525,88.0,350.0,104.0,189.0,197.0,151.0,57.0,6.0,11.0,8.0,5.0,8.0,3.0,11.0,2n Cycle,Together,1,0,0,0,0,0,0
1964.0,45759.0,1.0,1.0,2013.1463470319634,13.0,42.0,1.0,18.0,3.0,0.0,4.0,2.0,2.0,0.0,3.0,7.0,3.0,11.0,PhD,Married,0,0,0,0,0,0,0
1990.0,73687.0,0.0,0.0,2013.9100456621004,8.0,559.0,153.0,503.0,218.0,13.0,181.0,1.0,3.0,9.0,9.0,2.0,3.0,11.0,Graduation,Married,0,0,0,1,0,0,1
1963.0,34377.0,0.0,1.0,2013.0520547945205,55.0,62.0,0.0,22.0,3.0,1.0,26.0,2.0,2.0,2.0,2.0,7.0,3.0,11.0,Graduation,Single,0,0,0,0,0,0,0
1975.0,17459.0,1.0,0.0,2013.7187214611872,12.0,6.0,4.0,16.0,3.0,10.0,30.0,3.0,3.0,1.0,2.0,7.0,3.0,11.0,Master,Together,0,0,0,0,0,0,1
1977.0,96876.0,0.0,0.0,2013.5997716894976,79.0,908.0,43.0,735.0,40.0,194.0,21.0,1.0,7.0,7.0,9.0,2.0,3.0,11.0,Graduation,Together,0,1,1,1,0,0,1
1952.0,53700.0,0.0,1.0,2012.629908675799,94.0,263.0,5.0,233.0,69.0,41.0,83.0,4.0,5.0,5.0,8.0,5.0,3.0,11.0,Graduation,Single,0,0,0,0,0,0,0
1961.0,28249.0,0.0,0.0,2014.4577625570778,80.0,1.0,9.0,7.0,2.0,14.0,10.0,1.0,2.0,0.0,3.0,6.0,3.0,11.0,Basic,Married,0,0,0,0,0,0,0
1981.0,31089.0,1.0,0.0,2012.629908675799,57.0,31.0,3.0,31.0,2.0,8.0,4.0,3.0,3.0,0.0,4.0,8.0,3.0,11.0,Graduation,Together,0,0,0,0,0,0,0
1972.0,79930.0,0.0,0.0,2012.6052511415523,72.0,792.0,86.0,740.0,67.0,51.0,17.0,1.0,3.0,5.0,8.0,2.0,3.0,11.0,PhD,Married,0,0,0,0,0,0,0
1959.0,18690.0,0.0,0.0,2012.9933789954339,77.0,6.0,1.0,7.0,23.0,4.0,19.0,1.0,1.0,1.0,2.0,8.0,3.0,11.0,Graduation,Married,0,0,0,0,0,0,0
1962.0,71434.0,0.0,1.0,2013.7159817351599,4.0,711.0,36.0,217.0,172.0,96.0,168.0,3.0,7.0,4.0,7.0,4.0,3.0,11.0,Graduation,Married,0,1,0,1,0,0,0
1948.0,90842.0,0.0,0.0,2013.5794520547945,57.0,774.0,70.0,118.0,182.0,187.0,93.0,1.0,4.0,9.0,13.0,1.0,3.0,11.0,Graduation,Single,0,0,0,0,0,0,0
1958.0,15056.0,1.0,1.0,2013.3415525114156,76.0,6.0,12.0,3.0,21.0,6.0,40.0,5.0,2.0,2.0,3.0,5.0,3.0,11.0,Basic,Single,0,0,0,0,0,0,0
1948.0,56223.0,0.0,1.0,2013.9714611872148,72.0,77.0,28.0,31.0,16.0,0.0,4.0,2.0,2.0,1.0,5.0,4.0,3.0,11.0,PhD,Married,0,0,0,0,0,0,0
1976.0,56939.0,0.0,1.0,2013.7159817351599,19.0,256.0,34.0,103.0,90.0,29.0,49.0,2.0,3.0,3.0,10.0,3.0,3.0,11.0,Graduation,Married,0,0,0,0,0,0,0
1948.0,34469.0,1.0,1.0,2014.344292237443,58.0,19.0,6.0,20.0,0.0,5.0,12.0,3.0,1.0,1.0,4.0,4.0,3.0,11.0,PhD,Married,0,0,0,0,0,0,0
1958.0,32173.0,0.0,1.0,2013.5860730593606,0.0,18.0,0.0,2.0,0.0,0.0,2.0,1.0,1.0,0.0,3.0,4.0,3.0,11.0,PhD,Divorced,0,0,0,0,0,0,0
1969.0,41021.0,1.0,0.0,2012.9988584474886,12.0,14.0,7.0,9.0,6.0,16.0,12.0,2.0,2.0,0.0,3.0,6.0,3.0,11.0,Master,Together,0,0,0,0,0,0,1
1974.0,67445.0,0.0,1.0,2012.616210045662,63.0,757.0,80.0,217.0,29.0,80.0,11.0,5.0,9.0,6.0,12.0,6.0,3.0,11.0,Graduation,Married,0,0,0,0,0,0,0
1975.0,22280.0,1.0,0.0,2013.3853881278537,85.0,2.0,1.0,4.0,3.0,1.0,2.0,1.0,1.0,0.0,2.0,8.0,3.0,11.0,Graduation,Together,0,0,0,0,0,0,0
1947.0,78093.0,0.0,0.0,2013.9468036529681,53.0,368.0,32.0,639.0,13.0,43.0,10.0,1.0,4.0,7.0,5.0,1.0,3.0,11.0,Master,Together,0,0,0,0,0,0,0
1983.0,33569.0,1.0,0.0,2013.7938356164384,10.0,16.0,2.0,18.0,3.0,0.0,24.0,1.0,1.0,1.0,2.0,8.0,3.0,11.0,PhD,Married,1,0,0,0,0,0,1
1984.0,73356.0,0.0,0.0,2014.0997716894976,56.0,1050.0,14.0,322.0,0.0,14.0,112.0,1.0,5.0,11.0,5.0,2.0,3.0,11.0,PhD,Married,1,0,1,1,0,0,1
1954.0,75315.0,0.0,1.0,2014.291095890411,14.0,459.0,15.0,171.0,142.0,23.0,31.0,2.0,5.0,4.0,12.0,2.0,3.0,11.0,Graduation,Together,0,0,0,0,0,0,0
1985.0,36145.0,1.0,0.0,2013.4605022831051,13.0,56.0,4.0,76.0,17.0,1.0,18.0,4.0,4.0,1.0,3.0,9.0,3.0,11.0,2n Cycle,Married,1,0,0,0,0,0,1
1954.0,36634.0,0.0,1.0,2013.4100456621004,0.0,213.0,9.0,76.0,4.0,3.0,30.0,3.0,5.0,2.0,5.0,7.0,3.0,11.0,Master,Together,0,0,0,0,0,0,0
1955.0,59925.0,0.0,1.0,2012.9155251141551,83.0,473.0,21.0,176.0,19.0,21.0,56.0,3.0,9.0,2.0,9.0,6.0,3.0,11.0,Graduation,Together,0,0,0,0,0,0,0
1959.0,71367.0,0.0,0.0,2013.6463470319634,24.0,227.0,23.0,389.0,42.0,21.0,75.0,1.0,4.0,5.0,7.0,2.0,3.0,11.0,Graduation,Together,0,0,0,0,0,0,0
1954.0,46344.0,1.0,1.0,2014.1885844748858,38.0,11.0,1.0,6.0,2.0,1.0,6.0,2.0,1.0,1.0,2.0,5.0,3.0,11.0,Graduation,Single,0,0,0,0,0,0,0
1957.0,40451.0,0.0,2.0,2014.1271689497717,54.0,35.0,0.0,4.0,0.0,0.0,10.0,1.0,1.0,1.0,2.0,5.0,3.0,11.0,PhD,Together,1,0,0,0,0,0,0
1965.0,71322.0,0.0,1.0,2013.1271689497717,57.0,753.0,43.0,226.0,69.0,10.0,204.0,2.0,8.0,5.0,13.0,4.0,3.0,11.0,PhD,Married,0,0,0,0,0,0,0
1961.0,57072.0,0.0,1.0,2014.0657534246575,79.0,944.0,0.0,60.0,0.0,0.0,30.0,2.0,7.0,5.0,13.0,5.0,3.0,11.0,PhD,Married,1,0,0,0,0,0,0
1972.0,59868.0,0.0,1.0,2013.5602739726028,37.0,771.0,51.0,154.0,54.0,10.0,154.0,7.0,11.0,2.0,12.0,6.0,3.0,11.0,Graduation,Together,0,0,0,0,0,0,0
1963.0,56253.0,0.0,1.0,2012.9358447488585,83.0,509.0,0.0,65.0,7.0,11.0,5.0,4.0,7.0,2.0,9.0,6.0,3.0,11.0,Graduation,Together,0,0,0,0,0,0,0
1987.0,81361.0,0.0,0.0,2014.151826484018,18.0,163.0,23.0,424.0,27.0,65.0,76.0,1.0,3.0,10.0,13.0,1.0,3.0,11.0,Graduation,Divorced,0,0,0,0,0,0,1
1956.0,58821.0,0.0,1.0,2013.7828767123287,44.0,513.0,14.0,154.0,19.0,0.0,28.0,1.0,9.0,2.0,9.0,6.0,3.0,11.0,2n Cycle,Together,0,0,0,0,0,0,0
1948.0,82032.0,0.0,0.0,2014.263698630137,54.0,332.0,194.0,377.0,149.0,125.0,57.0,0.0,4.0,6.0,7.0,1.0,3.0,11.0,PhD,Widow,0,0,0,0,0,0,0
1970.0,82072.0,0.0,0.0,2013.5054794520547,67.0,889.0,55.0,685.0,168.0,92.0,129.0,1.0,3.0,2.0,13.0,1.0,3.0,11.0,PhD,Together,0,0,0,0,0,0,0
1975.0,66653.0,1.0,1.0,2012.6858447488585,18.0,452.0,18.0,102.0,16.0,18.0,6.0,4.0,4.0,2.0,12.0,3.0,3.0,11.0,Graduation,Together,0,0,0,0,0,0,0
1978.0,17345.0,1.0,0.0,2012.8415525114156,79.0,4.0,9.0,16.0,17.0,0.0,12.0,2.0,2.0,1.0,2.0,8.0,3.0,11.0,Graduation,Married,0,0,0,0,0,0,0
1971.0,,1.0,1.0,2013.174885844749,82.0,71.0,1.0,16.0,0.0,0.0,9.0,4.0,2.0,1.0,3.0,8.0,3.0,11.0,Graduation,Married,0,0,0,0,0,0,0
1966.0,55686.0,0.0,1.0,2013.1216894977167,27.0,673.0,0.0,199.0,37.0,47.0,26.0,2.0,6.0,3.0,5.0,4.0,3.0,11.0,Graduation,Divorced,1,0,0,0,0,0,0
1974.0,43018.0,0.0,1.0,2013.8360730593606,46.0,35.0,4.0,17.0,7.0,6.0,64.0,1.0,2.0,2.0,2.0,5.0,3.0,11.0,Master,Together,0,0,0,0,0,0,0
1960.0,76045.0,0.0,0.0,2013.8744292237443,78.0,760.0,53.0,400.0,17.0,93.0,0.0,1.0,4.0,5.0,11.0,2.0,3.0,11.0,PhD,Single,0,0,0,1,0,0,0
1949.0,72298.0,0.0,0.0,2014.1940639269408,52.0,625.0,35.0,169.0,58.0,17.0,35.0,1.0,4.0,3.0,6.0,1.0,3.0,11.0,Graduation,Widow,0,1,1,0,0,0,0
1976.0,14849.0,1.0,0.0,2013.5054794520547,39.0,21.0,2.0,28.0,3.0,2.0,9.0,3.0,2.0,0.0,4.0,8.0,3.0,11.0,PhD,Divorced,0,0,0,0,0,0,0
1972.0,69209.0,0.0,0.0,2012.7132420091325,4.0,496.0,32.0,849.0,229.0,48.0,128.0,2.0,5.0,3.0,6.0,4.0,3.0,11.0,Graduation,Married,0,0,0,1,0,0,0
1954.0,57744.0,0.0,1.0,2013.866210045662,91.0,350.0,3.0,39.0,0.0,0.0,19.0,2.0,9.0,1.0,4.0,8.0,3.0,11.0,PhD,Married,0,0,0,0,0,0,0
1981.0,38547.0,1.0,0.0,2013.6600456621004,49.0,6.0,1.0,10.0,0.0,1.0,4.0,1.0,1.0,0.0,2.0,8.0,3.0,11.0,Graduation,Together,0,0,0,0,1,0,0
1955.0,82384.0,0.0,0.0,2012.8853881278537,55.0,984.0,51.0,432.0,180.0,120.0,190.0,1.0,3.0,10.0,13.0,1.0,3.0,11.0,Master,Together,0,0,1,0,0,0,1
1957.0,,2.0,1.0,2012.8853881278537,4.0,230.0,42.0,192.0,49.0,37.0,53.0,12.0,7.0,2.0,8.0,9.0,3.0,11.0,PhD,Married,0,0,0,0,0,0,0
1946.0,66835.0,0.0,0.0,2013.7433789954339,21.0,620.0,26.0,195.0,34.0,17.0,141.0,1.0,6.0,4.0,13.0,2.0,3.0,11.0,Master,Married,0,0,0,0,0,0,0
1984.0,72570.0,0.0,0.0,2014.3184931506848,67.0,274.0,83.0,216.0,151.0,141.0,224.0,1.0,4.0,6.0,12.0,1.0,3.0,11.0,Graduation,Married,0,0,0,0,0,0,0
1954.0,36130.0,0.0,1.0,2013.088812785388,46.0,157.0,43.0,127.0,68.0,56.0,37.0,6.0,3.0,8.0,4.0,4.0,3.0,11.0,Graduation,Single,1,0,0,0,0,0,1
1988.0,39747.0,1.0,0.0,2014.285616438356,43.0,80.0,15.0,93.0,20.0,13.0,52.0,3.0,5.0,1.0,4.0,8.0,3.0,11.0,Graduation,Single,0,0,0,0,0,0,0
1973.0,55012.0,0.0,1.0,2014.2242009132422,85.0,582.0,0.0,65.0,0.0,0.0,13.0,6.0,8.0,2.0,9.0,5.0,3.0,11.0,PhD,Together,0,0,0,0,0,0,0
1971.0,16626.0,2.0,0.0,2014.041095890411,76.0,8.0,3.0,22.0,21.0,1.0,13.0,3.0,3.0,0.0,3.0,9.0,3.0,11.0,Graduation,Together,0,0,0,0,0,0,0
1972.0,70932.0,0.0,1.0,2014.0520547945205,57.0,200.0,193.0,100.0,46.0,185.0,185.0,2.0,6.0,2.0,12.0,3.0,3.0,11.0,2n Cycle,Married,0,0,0,0,0,0,0
1960.0,62807.0,0.0,1.0,2012.6682648401825,83.0,526.0,28.0,135.0,10.0,21.0,99.0,3.0,5.0,3.0,12.0,5.0,3.0,11.0,Graduation,Together,0,0,0,0,0,0,0
1956.0,90226.0,0.0,0.0,2012.7378995433792,26.0,1083.0,108.0,649.0,253.0,151.0,108.0,1.0,4.0,7.0,12.0,2.0,3.0,11.0,Master,Married,0,0,0,1,0,0,0
1978.0,24882.0,1.0,0.0,2012.6913242009134,52.0,1.0,4.0,10.0,29.0,0.0,36.0,1.0,1.0,1.0,2.0,6.0,3.0,11.0,Basic,Together,1,0,0,0,0,0,0
1974.0,45837.0,1.0,1.0,2013.5712328767124,88.0,215.0,13.0,87.0,17.0,17.0,24.0,5.0,6.0,2.0,5.0,7.0,3.0,11.0,Graduation,Married,0,0,0,0,0,0,0
1978.0,46377.0,1.0,0.0,2014.169406392694,89.0,37.0,0.0,46.0,4.0,3.0,0.0,1.0,2.0,1.0,3.0,4.0,3.0,11.0,PhD,Married,0,0,0,0,0,0,0
1964.0,42523.0,0.0,0.0,2014.3130136986301,96.0,14.0,36.0,11.0,3.0,26.0,35.0,1.0,1.0,1.0,4.0,2.0,3.0,11.0,Graduation,Married,0,0,0,0,0,0,0
1958.0,65488.0,0.0,0.0,2014.4522831050228,46.0,603.0,45.0,207.0,36.0,18.0,54.0,1.0,3.0,4.0,6.0,1.0,3.0,11.0,PhD,Together,0,0,0,0,0,0,0
1955.0,48726.0,0.0,1.0,2013.3239726027398,90.0,138.0,3.0,38.0,4.0,0.0,59.0,3.0,3.0,2.0,4.0,6.0,3.0,11.0,Graduation,Married,0,0,0,0,0,0,0
1982.0,69109.0,0.0,0.0,2012.85799086758,10.0,823.0,25.0,459.0,124.0,29.0,95.0,1.0,6.0,6.0,7.0,4.0,3.0,11.0,Graduation,Married,0,0,1,0,0,0,1
1994.0,95529.0,0.0,0.0,2012.924885844749,29.0,770.0,29.0,890.0,250.0,27.0,24.0,1.0,7.0,3.0,7.0,3.0,3.0,11.0,Graduation,Single,0,0,1,0,0,0,1
1970.0,,1.0,2.0,2013.6463470319634,67.0,738.0,20.0,172.0,52.0,50.0,20.0,6.0,2.0,3.0,10.0,7.0,3.0,11.0,Graduation,Single,0,1,0,1,0,0,0
1976.0,49187.0,0.0,1.0,2014.0301369863014,63.0,81.0,1.0,31.0,2.0,1.0,0.0,1.0,1.0,1.0,5.0,2.0,3.0,11.0,PhD,Together,0,0,0,0,0,0,0
1953.0,50725.0,0.0,1.0,2013.1189497716894,45.0,443.0,10.0,75.0,0.0,10.0,48.0,4.0,8.0,1.0,8.0,8.0,3.0,11.0,Graduation,Married,0,0,0,0,0,0,0
1986.0,41411.0,0.0,0.0,2013.9358447488585,11.0,37.0,32.0,38.0,11.0,3.0,18.0,1.0,2.0,1.0,4.0,6.0,3.0,11.0,Graduation,Divorced,0,0,0,0,0,0,0
1975.0,65106.0,0.0,1.0,2014.3990867579907,55.0,790.0,19.0,133.0,12.0,0.0,19.0,3.0,8.0,3.0,13.0,6.0,3.0,11.0,Graduation,Married,0,1,0,0,0,0,0
1976.0,62061.0,0.0,1.0,2013.6682648401825,12.0,641.0,7.0,84.0,0.0,30.0,38.0,3.0,10.0,4.0,7.0,6.0,3.0,11.0,Graduation,Together,0,1,0,0,0,0,0
1978.0,71427.0,2.0,0.0,2014.1995433789955,26.0,212.0,123.0,177.0,15.0,64.0,23.0,2.0,8.0,2.0,8.0,4.0,3.0,11.0,Graduation,Married,0,0,0,0,0,0,0
1959.0,33762.0,2.0,1.0,2013.5191780821917,61.0,53.0,1.0,34.0,2.0,0.0,16.0,3.0,2.0,2.0,2.0,8.0,3.0,11.0,PhD,Married,0,0,0,0,0,0,0
1979.0,61825.0,0.0,1.0,2013.602511415525,56.0,162.0,50.0,100.0,55.0,30.0,27.0,1.0,4.0,2.0,8.0,4.0,3.0,11.0,Graduation,Single,0,0,0,0,0,0,0
1979.0,57537.0,1.0,0.0,2013.4440639269408,83.0,191.0,56.0,139.0,51.0,8.0,100.0,4.0,4.0,3.0,8.0,4.0,3.0,11.0,Graduation,Single,0,0,0,0,0,0,0
1970.0,44511.0,1.0,0.0,2012.7828767123287,39.0,513.0,7.0,133.0,46.0,14.0,14.0,6.0,8.0,4.0,8.0,8.0,3.0,11.0,Master,Married,0,0,0,0,0,0,0
1950.0,5648.0,1.0,1.0,2014.2022831050228,68.0,28.0,0.0,6.0,1.0,1.0,13.0,1.0,1.0,0.0,0.0,20.0,3.0,11.0,PhD,Together,1,0,0,0,0,0,0
1961.0,61923.0,0.0,2.0,2013.5712328767124,94.0,92.0,4.0,18.0,3.0,3.0,6.0,1.0,2.0,1.0,4.0,3.0,3.0,11.0,Master,Married,0,0,0,0,0,0,0
1970.0,67384.0,0.0,1.0,2012.8607305936073,32.0,957.0,40.0,175.0,158.0,53.0,107.0,2.0,7.0,8.0,5.0,5.0,3.0,11.0,Graduation,Single,0,1,0,0,0,0,0
1978.0,65819.0,0.0,0.0,2012.9127853881278,99.0,267.0,38.0,701.0,149.0,165.0,63.0,1.0,5.0,4.0,10.0,3.0,3.0,11.0,Graduation,Married,0,0,0,0,0,0,0
1982.0,75777.0,0.0,0.0,2013.5109589041097,12.0,712.0,26.0,538.0,69.0,13.0,80.0,1.0,3.0,6.0,11.0,1.0,3.0,11.0,Master,Single,0,1,1,0,0,0,1
1976.0,31859.0,1.0,0.0,2013.4550228310502,77.0,3.0,1.0,3.0,8.0,0.0,5.0,1.0,1.0,0.0,2.0,7.0,3.0,11.0,Graduation,Divorced,0,0,0,0,0,0,0
1962.0,33419.0,0.0,1.0,2013.629908675799,76.0,56.0,0.0,12.0,0.0,0.0,18.0,2.0,2.0,0.0,4.0,7.0,3.0,11.0,PhD,Single,0,0,0,0,0,0,0
1893.0,60182.0,0.0,1.0,2014.379908675799,23.0,8.0,0.0,5.0,7.0,0.0,2.0,1.0,1.0,0.0,2.0,4.0,3.0,11.0,2n Cycle,Single,0,0,0,0,0,0,0
1969.0,54165.0,0.0,0.0,2013.4100456621004,72.0,127.0,4.0,73.0,15.0,6.0,11.0,1.0,2.0,1.0,7.0,2.0,3.0,11.0,Graduation,Together,0,0,0,0,0,0,0
1978.0,68092.0,0.0,0.0,2013.9605022831051,7.0,852.0,60.0,207.0,78.0,36.0,48.0,2.0,2.0,6.0,10.0,5.0,3.0,11.0,Master,Single,0,0,0,0,0,0,0
1961.0,57091.0,0.0,0.0,2014.4577625570778,0.0,464.0,5.0,64.0,7.0,0.0,37.0,1.0,7.0,3.0,7.0,5.0,3.0,11.0,Graduation,Single,0,0,0,0,0,1,1
1964.0,59304.0,0.0,1.0,2013.5794520547945,81.0,418.0,61.0,428.0,80.0,51.0,10.0,3.0,7.0,8.0,10.0,5.0,3.0,11.0,PhD,Married,0,0,0,0,0,0,0
1955.0,72635.0,0.0,0.0,2013.424885844749,54.0,390.0,22.0,323.0,104.0,35.0,107.0,1.0,6.0,8.0,6.0,3.0,3.0,11.0,2n Cycle,Married,0,0,0,1,0,0,0
1977.0,46931.0,2.0,1.0,2014.3157534246575,94.0,41.0,0.0,17.0,3.0,1.0,16.0,2.0,1.0,1.0,3.0,3.0,3.0,11.0,Graduation,Together,0,0,0,0,0,0,0
1986.0,23477.0,1.0,0.0,2013.8075342465754,39.0,38.0,15.0,54.0,3.0,8.0,29.0,3.0,3.0,0.0,4.0,8.0,3.0,11.0,Graduation,Married,0,0,0,0,0,0,0
1952.0,83844.0,0.0,0.0,2013.366210045662,57.0,901.0,31.0,345.0,75.0,31.0,191.0,1.0,4.0,4.0,11.0,1.0,3.0,11.0,Graduation,Together,0,0,1,0,0,0,0
1966.0,54198.0,1.0,1.0,2013.9632420091325,13.0,185.0,0.0,28.0,3.0,2.0,17.0,6.0,3.0,1.0,6.0,4.0,3.0,11.0,Graduation,Married,0,0,0,0,0,0,0
1974.0,49669.0,1.0,0.0,2014.3990867579907,97.0,166.0,5.0,107.0,11.0,8.0,29.0,2.0,5.0,1.0,6.0,6.0,3.0,11.0,2n Cycle,Together,0,0,0,0,0,0,0
1949.0,38823.0,0.0,1.0,2012.6655251141551,56.0,70.0,0.0,11.0,2.0,8.0,23.0,1.0,2.0,1.0,3.0,6.0,3.0,11.0,Graduation,Together,0,0,0,0,0,0,0
1960.0,77037.0,0.0,1.0,2013.785616438356,3.0,463.0,96.0,333.0,168.0,53.0,10.0,1.0,7.0,7.0,12.0,3.0,3.0,11.0,PhD,Married,0,0,0,0,0,0,0
1952.0,69805.0,0.0,1.0,2014.0575342465754,50.0,750.0,71.0,174.0,13.0,10.0,20.0,2.0,6.0,8.0,11.0,2.0,3.0,11.0,PhD,Together,0,0,0,0,0,0,0
1973.0,73926.0,0.0,0.0,2013.1721461187215,54.0,627.0,91.0,597.0,159.0,91.0,15.0,1.0,6.0,5.0,12.0,3.0,3.0,11.0,Graduation,Together,0,0,0,0,0,0,0
1969.0,30822.0,1.0,0.0,2013.4550228310502,92.0,3.0,9.0,13.0,2.0,12.0,12.0,1.0,1.0,0.0,3.0,7.0,3.0,11.0,Graduation,Single,0,0,0,0,0,0,0
1966.0,63810.0,0.0,1.0,2012.8634703196346,45.0,977.0,12.0,253.0,16.0,12.0,101.0,4.0,4.0,3.0,12.0,8.0,3.0,11.0,Graduation,Single,0,1,0,0,0,0,0
1985.0,66503.0,1.0,0.0,2012.6216894977167,30.0,91.0,64.0,128.0,65.0,3.0,50.0,2.0,4.0,3.0,6.0,3.0,3.0,11.0,Graduation,Single,0,0,0,0,0,0,0
1977.0,32952.0,1.0,0.0,2013.919406392694,36.0,38.0,0.0,12.0,3.0,1.0,1.0,1.0,2.0,0.0,3.0,7.0,3.0,11.0,Graduation,Divorced,0,0,0,0,0,0,0
1988.0,68487.0,0.0,0.0,2013.035616438356,48.0,758.0,12.0,385.0,33.0,89.0,89.0,1.0,9.0,7.0,13.0,4.0,3.0,11.0,Graduation,Married,0,0,0,0,0,0,0
1984.0,42207.0,1.0,0.0,2013.2527397260274,71.0,116.0,11.0,72.0,3.0,17.0,46.0,4.0,4.0,1.0,5.0,6.0,3.0,11.0,Master,Married,1,0,0,0,0,0,1
1962.0,39552.0,1.0,1.0,2012.9659817351599,54.0,165.0,3.0,147.0,4.0,24.0,41.0,7.0,6.0,2.0,5.0,8.0,3.0,11.0,Graduation,Divorced,0,0,0,0,0,0,1
1976.0,25176.0,1.0,1.0,2013.6107305936073,79.0,4.0,0.0,4.0,0.0,0.0,5.0,1.0,1.0,0.0,2.0,7.0,3.0,11.0,2n Cycle,Together,0,0,0,0,0,0,0
1972.0,46423.0,1.0,1.0,2013.7159817351599,6.0,68.0,0.0,16.0,0.0,0.0,8.0,3.0,2.0,0.0,4.0,7.0,3.0,11.0,Master,Single,0,0,0,0,0,0,0
1964.0,61839.0,0.0,0.0,2012.616210045662,20.0,1000.0,155.0,379.0,224.0,17.0,120.0,1.0,4.0,8.0,4.0,8.0,3.0,11.0,Graduation,Single,0,0,0,0,0,0,0
1983.0,27100.0,1.0,0.0,2013.263698630137,64.0,12.0,0.0,13.0,2.0,0.0,10.0,1.0,1.0,0.0,3.0,7.0,3.0,11.0,Master,Married,0,0,0,0,0,0,0
1948.0,51315.0,0.0,0.0,2014.1463470319634,45.0,68.0,28.0,39.0,16.0,30.0,41.0,1.0,2.0,2.0,5.0,2.0,3.0,11.0,Graduation,Together,0,0,0,0,0,0,0
1956.0,52973.0,0.0,1.0,2012.8552511415523,92.0,856.0,0.0,76.0,12.0,9.0,199.0,7.0,9.0,6.0,9.0,8.0,3.0,11.0,Master,Married,0,0,0,0,0,0,0
1967.0,61223.0,0.0,1.0,2013.4522831050228,46.0,709.0,43.0,182.0,42.0,118.0,247.0,2.0,9.0,3.0,4.0,5.0,3.0,11.0,Graduation,Married,0,0,0,0,0,0,0
1989.0,81217.0,0.0,0.0,2013.5520547945205,77.0,493.0,70.0,324.0,146.0,40.0,84.0,1.0,3.0,7.0,11.0,1.0,3.0,11.0,Graduation,Single,0,0,0,0,0,0,0
1945.0,69755.0,0.0,0.0,2013.7554794520547,23.0,217.0,77.0,373.0,111.0,23.0,93.0,1.0,3.0,6.0,12.0,1.0,3.0,11.0,Graduation,Married,0,0,0,0,0,0,0
1954.0,62670.0,0.0,1.0,2014.088812785388,57.0,539.0,30.0,92.0,80.0,46.0,38.0,1.0,5.0,3.0,13.0,3.0,3.0,11.0,PhD,Married,0,0,0,0,0,0,0
1973.0,59041.0,1.0,1.0,2014.352511415525,25.0,69.0,2.0,15.0,2.0,2.0,6.0,2.0,2.0,0.0,4.0,5.0,3.0,11.0,Graduation,Married,0,0,0,0,0,0,0
1988.0,78285.0,0.0,0.0,2013.8267123287671,13.0,647.0,107.0,391.0,175.0,67.0,40.0,1.0,6.0,4.0,10.0,3.0,3.0,11.0,Master,Married,0,0,0,0,0,0,0
1956.0,58116.0,0.0,1.0,2014.285616438356,38.0,228.0,19.0,130.0,4.0,11.0,51.0,2.0,3.0,3.0,8.0,2.0,3.0,11.0,Graduation,Married,0,0,0,0,0,0,0
1966.0,22634.0,0.0,0.0,2013.0438356164384,47.0,2.0,23.0,11.0,8.0,6.0,46.0,1.0,2.0,1.0,2.0,8.0,3.0,11.0,Basic,Together,0,0,0,0,0,0,0
1990.0,16185.0,1.0,0.0,2013.5970319634703,71.0,5.0,11.0,16.0,21.0,8.0,45.0,2.0,2.0,2.0,2.0,8.0,3.0,11.0,Basic,Single,0,0,0,0,0,0,0
1981.0,29009.0,1.0,0.0,2013.9127853881278,19.0,6.0,6.0,15.0,10.0,5.0,2.0,2.0,2.0,0.0,3.0,6.0,3.0,11.0,Graduation,Married,0,0,0,0,0,0,0
1974.0,68352.0,0.0,1.0,2013.6600456621004,47.0,614.0,16.0,132.0,43.0,33.0,33.0,3.0,8.0,5.0,9.0,6.0,3.0,11.0,PhD,Single,0,0,0,0,0,0,0
1949.0,51569.0,0.0,1.0,2013.116210045662,39.0,380.0,0.0,47.0,6.0,0.0,34.0,4.0,7.0,1.0,7.0,8.0,3.0,11.0,PhD,Widow,0,1,0,0,0,0,1
1969.0,54803.0,0.0,1.0,2012.6408675799087,65.0,404.0,0.0,92.0,28.0,27.0,142.0,2.0,6.0,2.0,9.0,4.0,3.0,11.0,Graduation,Single,0,0,0,0,0,0,0
1971.0,74538.0,0.0,0.0,2013.4961187214612,21.0,380.0,98.0,733.0,110.0,112.0,28.0,1.0,8.0,8.0,5.0,3.0,3.0,11.0,Graduation,Together,0,0,1,0,0,0,1
1962.0,85696.0,0.0,0.0,2013.3415525114156,88.0,714.0,76.0,395.0,116.0,0.0,12.0,1.0,4.0,6.0,9.0,1.0,3.0,11.0,PhD,Divorced,0,0,0,0,0,0,1
1974.0,25509.0,1.0,0.0,2012.7159817351599,15.0,40.0,3.0,30.0,10.0,7.0,11.0,3.0,3.0,0.0,3.0,9.0,3.0,11.0,PhD,Divorced,0,0,0,0,0,0,1
1974.0,44989.0,0.0,1.0,2012.6995433789955,26.0,98.0,0.0,106.0,49.0,10.0,106.0,5.0,5.0,1.0,5.0,6.0,3.0,11.0,Graduation,Married,0,0,0,0,0,0,0
1965.0,69263.0,0.0,1.0,2014.1803652968038,14.0,492.0,5.0,32.0,13.0,5.0,21.0,1.0,9.0,1.0,7.0,6.0,3.0,11.0,Graduation,Single,0,1,0,0,0,0,0
1971.0,58350.0,0.0,1.0,2013.0109589041097,5.0,493.0,26.0,206.0,116.0,80.0,80.0,4.0,8.0,3.0,12.0,6.0,3.0,11.0,Graduation,Single,0,0,0,0,0,0,0
1975.0,67893.0,0.0,1.0,2012.7527397260274,31.0,711.0,28.0,142.0,49.0,18.0,47.0,2.0,3.0,2.0,9.0,8.0,3.0,11.0,2n Cycle,Divorced,0,0,0,0,0,0,0
1952.0,62000.0,0.0,1.0,2013.651826484018,25.0,899.0,0.0,101.0,0.0,0.0,20.0,1.0,6.0,6.0,13.0,4.0,3.0,11.0,PhD,Single,0,0,0,1,0,0,0
1967.0,32474.0,1.0,1.0,2014.3634703196346,0.0,10.0,0.0,1.0,0.0,0.0,0.0,1.0,1.0,0.0,2.0,7.0,3.0,11.0,Graduation,Together,0,0,0,0,0,0,0
1962.0,55759.0,0.0,1.0,2012.9100456621004,84.0,675.0,0.0,85.0,10.0,7.0,77.0,5.0,10.0,3.0,8.0,8.0,3.0,11.0,Graduation,Married,0,0,0,0,0,0,0
1967.0,52074.0,0.0,1.0,2014.2609589041097,77.0,59.0,0.0,12.0,0.0,0.0,48.0,1.0,2.0,2.0,2.0,4.0,3.0,11.0,Graduation,Single,1,0,0,0,0,0,0
1974.0,34596.0,1.0,0.0,2013.285616438356,48.0,14.0,0.0,2.0,0.0,0.0,7.0,1.0,1.0,0.0,2.0,8.0,3.0,11.0,PhD,Married,0,0,0,0,0,0,1
1965.0,66480.0,1.0,1.0,2014.4182648401825,71.0,199.0,9.0,57.0,20.0,21.0,6.0,7.0,4.0,1.0,7.0,4.0,3.0,11.0,Graduation,Married,0,0,0,0,0,0,0
1980.0,19107.0,1.0,0.0,2013.643607305936,49.0,2.0,4.0,9.0,10.0,5.0,16.0,2.0,1.0,0.0,3.0,7.0,3.0,11.0,Graduation,Married,0,0,0,0,0,0,0
1962.0,37859.0,1.0,2.0,2013.0328767123287,75.0,22.0,1.0,8.0,2.0,1.0,2.0,2.0,1.0,0.0,3.0,8.0,3.0,11.0,Graduation,Divorced,0,0,0,0,0,0,0
1964.0,60896.0,0.0,1.0,2012.7801369863014,90.0,1013.0,30.0,399.0,60.0,46.0,153.0,3.0,9.0,10.0,4.0,6.0,3.0,11.0,PhD,Married,0,0,0,0,0,0,1
1974.0,83145.0,0.0,0.0,2012.7269406392695,14.0,777.0,35.0,731.0,39.0,137.0,114.0,1.0,5.0,9.0,11.0,2.0,3.0,11.0,Graduation,Together,0,0,1,0,0,0,1
1996.0,14421.0,0.0,0.0,2014.129908675799,81.0,0.0,0.0,2.0,3.0,3.0,8.0,1.0,1.0,0.0,2.0,5.0,3.0,11.0,Basic,Married,1,0,0,0,0,0,0
1986.0,14906.0,0.0,0.0,2012.9769406392695,86.0,7.0,7.0,14.0,7.0,16.0,15.0,3.0,2.0,1.0,3.0,7.0,3.0,11.0,Basic,Single,0,0,0,0,0,0,0
1966.0,45903.0,0.0,1.0,2014.3130136986301,80.0,33.0,8.0,10.0,2.0,10.0,3.0,2.0,2.0,1.0,3.0,4.0,3.0,11.0,Master,Together,0,0,0,0,0,0,0
1956.0,31395.0,1.0,1.0,2013.2296803652969,80.0,23.0,1.0,25.0,0.0,8.0,7.0,4.0,2.0,1.0,3.0,6.0,3.0,11.0,2n Cycle,Divorced,0,0,0,0,0,0,0
1974.0,42557.0,0.0,1.0,2012.6627853881278,98.0,192.0,5.0,53.0,0.0,5.0,15.0,4.0,6.0,1.0,4.0,8.0,3.0,11.0,Graduation,Married,0,0,0,0,0,0,0
1985.0,29103.0,1.0,0.0,2012.657305936073,38.0,16.0,0.0,17.0,6.0,3.0,6.0,2.0,1.0,0.0,3.0,9.0,3.0,11.0,Graduation,Together,0,0,0,0,0,0,0
1959.0,61250.0,0.0,1.0,2012.9605022831051,49.0,382.0,138.0,65.0,60.0,26.0,59.0,6.0,5.0,2.0,12.0,5.0,3.0,11.0,Graduation,Divorced,0,0,0,0,0,0,0
1965.0,83003.0,0.0,0.0,2013.174885844749,18.0,856.0,61.0,570.0,40.0,25.0,122.0,1.0,7.0,6.0,8.0,3.0,3.0,11.0,Graduation,Together,0,0,1,0,0,0,1
1954.0,50002.0,0.0,1.0,2013.4632420091325,21.0,443.0,5.0,71.0,21.0,16.0,82.0,2.0,8.0,2.0,7.0,7.0,3.0,11.0,Graduation,Divorced,0,0,0,0,0,0,0
1978.0,73807.0,0.0,1.0,2013.0054794520547,88.0,366.0,124.0,156.0,71.0,78.0,54.0,2.0,5.0,5.0,11.0,2.0,3.0,11.0,Graduation,Married,0,0,0,0,0,0,0
1973.0,54222.0,0.0,1.0,2014.169406392694,98.0,199.0,12.0,31.0,3.0,12.0,7.0,1.0,3.0,3.0,5.0,3.0,3.0,11.0,PhD,Married,0,0,0,0,0,0,0
1963.0,49476.0,0.0,1.0,2013.4714611872148,29.0,386.0,23.0,95.0,54.0,41.0,196.0,4.0,2.0,11.0,5.0,2.0,3.0,11.0,Master,Divorced,0,0,0,0,0,0,0
1985.0,29938.0,1.0,0.0,2013.8239726027398,52.0,3.0,3.0,7.0,0.0,2.0,11.0,2.0,1.0,0.0,3.0,6.0,3.0,11.0,Graduation,Single,0,0,0,0,0,0,0
1974.0,46374.0,0.0,1.0,2014.2132420091325,1.0,408.0,0.0,21.0,0.0,0.0,17.0,3.0,7.0,1.0,7.0,8.0,3.0,11.0,PhD,Married,0,1,0,1,0,0,1
1955.0,74268.0,0.0,0.0,2013.1216894977167,83.0,199.0,66.0,315.0,97.0,174.0,41.0,1.0,4.0,3.0,5.0,2.0,3.0,11.0,Graduation,Married,0,0,0,0,0,0,0
1964.0,45989.0,0.0,1.0,2012.8102739726028,97.0,138.0,33.0,87.0,28.0,24.0,12.0,4.0,3.0,2.0,7.0,3.0,3.0,11.0,Graduation,Single,0,0,0,0,0,0,0
1978.0,70440.0,0.0,0.0,2013.771917808219,49.0,690.0,117.0,499.0,76.0,102.0,88.0,1.0,5.0,10.0,7.0,3.0,3.0,11.0,Graduation,Together,0,0,0,1,0,0,0
1985.0,54006.0,1.0,0.0,2012.7159817351599,42.0,174.0,77.0,203.0,6.0,24.0,97.0,2.0,8.0,1.0,7.0,7.0,3.0,11.0,Graduation,Together,0,0,0,0,0,0,0
1962.0,58646.0,0.0,1.0,2013.4440639269408,3.0,62.0,1.0,44.0,6.0,5.0,22.0,1.0,2.0,1.0,4.0,4.0,3.0,11.0,Master,Married,0,0,0,0,0,0,0
1954.0,60033.0,0.0,1.0,2014.2461187214612,28.0,62.0,1.0,57.0,19.0,11.0,48.0,2.0,2.0,1.0,5.0,2.0,3.0,11.0,Master,Together,0,0,0,0,0,0,0
1953.0,46231.0,2.0,1.0,2012.9045662100457,87.0,189.0,2.0,55.0,0.0,5.0,12.0,4.0,6.0,1.0,4.0,9.0,3.0,11.0,PhD,Single,0,0,0,0,0,0,0
1955.0,38946.0,0.0,1.0,2013.8157534246575,84.0,116.0,6.0,82.0,6.0,6.0,41.0,2.0,3.0,1.0,6.0,5.0,3.0,11.0,Graduation,Together,0,0,0,0,0,0,0
1991.0,90638.0,0.0,0.0,2014.1189497716894,29.0,1156.0,120.0,915.0,94.0,144.0,96.0,1.0,3.0,4.0,10.0,1.0,3.0,11.0,Master,Single,0,0,1,0,0,0,0
1966.0,46734.0,1.0,2.0,2013.8075342465754,86.0,100.0,1.0,39.0,6.0,1.0,76.0,4.0,3.0,2.0,3.0,6.0,3.0,11.0,PhD,Single,1,0,0,0,0,0,0
1977.0,82326.0,0.0,0.0,2014.1940639269408,30.0,938.0,142.0,754.0,159.0,81.0,183.0,1.0,5.0,10.0,6.0,2.0,3.0,11.0,2n Cycle,Together,0,1,1,1,0,0,1
1975.0,76618.0,0.0,0.0,2012.9358447488585,64.0,749.0,40.0,294.0,121.0,160.0,147.0,1.0,3.0,2.0,5.0,1.0,3.0,11.0,PhD,Married,0,0,0,0,0,0,0
1960.0,17144.0,1.0,1.0,2014.1244292237443,96.0,18.0,2.0,19.0,0.0,2.0,6.0,5.0,3.0,0.0,4.0,7.0,3.0,11.0,Master,Together,0,0,0,0,0,0,0
1973.0,23559.0,1.0,0.0,2013.5082191780823,87.0,25.0,5.0,19.0,7.0,0.0,23.0,3.0,3.0,0.0,3.0,7.0,3.0,11.0,2n Cycle,Married,0,0,0,0,0,0,0
1975.0,83829.0,0.0,0.0,2013.771917808219,78.0,897.0,161.0,430.0,186.0,161.0,27.0,0.0,4.0,7.0,6.0,1.0,3.0,11.0,Graduation,Divorced,1,0,1,1,0,0,1
1946.0,62159.0,0.0,0.0,2014.3267123287671,68.0,182.0,17.0,259.0,77.0,70.0,29.0,1.0,6.0,2.0,10.0,4.0,3.0,11.0,PhD,Single,0,0,0,0,0,0,0
1975.0,53201.0,1.0,1.0,2013.116210045662,49.0,280.0,7.0,81.0,20.0,0.0,27.0,8.0,6.0,3.0,5.0,7.0,3.0,11.0,Graduation,Single,0,0,0,0,0,0,0
1984.0,65370.0,0.0,0.0,2013.5860730593606,1.0,71.0,22.0,112.0,138.0,89.0,29.0,1.0,2.0,3.0,13.0,1.0,3.0,11.0,2n Cycle,Married,0,0,0,0,0,0,0
1992.0,42670.0,0.0,0.0,2013.3239726027398,12.0,154.0,2.0,46.0,20.0,4.0,15.0,1.0,4.0,2.0,4.0,4.0,3.0,11.0,Master,Together,0,0,0,0,0,0,0
1968.0,77382.0,0.0,1.0,2014.0191780821917,36.0,491.0,48.0,231.0,112.0,105.0,134.0,2.0,5.0,7.0,12.0,1.0,3.0,11.0,Graduation,Together,0,0,1,0,0,0,0
1979.0,60474.0,0.0,1.0,2013.2527397260274,25.0,265.0,199.0,303.0,234.0,9.0,170.0,7.0,10.0,2.0,12.0,7.0,3.0,11.0,Graduation,Single,0,0,0,0,0,0,0
1985.0,31158.0,1.0,0.0,2013.0739726027398,62.0,25.0,6.0,16.0,20.0,0.0,5.0,2.0,2.0,0.0,3.0,8.0,3.0,11.0,Graduation,Married,0,0,0,0,0,0,0
1955.0,49431.0,0.0,1.0,2012.5915525114156,9.0,219.0,3.0,100.0,26.0,0.0,17.0,2.0,7.0,1.0,5.0,8.0,3.0,11.0,Graduation,Divorced,0,0,0,0,0,0,0
1972.0,53761.0,1.0,1.0,2013.7801369863014,7.0,158.0,0.0,76.0,13.0,7.0,71.0,6.0,4.0,4.0,3.0,5.0,3.0,11.0,Master,Married,0,0,0,0,0,0,0
1957.0,66033.0,0.0,1.0,2013.054794520548,76.0,293.0,35.0,179.0,46.0,59.0,65.0,2.0,8.0,3.0,7.0,7.0,3.0,11.0,Graduation,Widow,0,0,0,0,0,0,0
1947.0,91712.0,0.0,0.0,2013.7965753424658,47.0,1276.0,24.0,746.0,94.0,29.0,48.0,0.0,9.0,7.0,11.0,3.0,3.0,11.0,Master,Single,0,0,1,0,0,0,1
1952.0,67433.0,0.0,2.0,2013.5438356164384,51.0,615.0,28.0,259.0,12.0,48.0,30.0,4.0,6.0,5.0,13.0,4.0,3.0,11.0,Graduation,Married,0,1,0,0,0,0,0
1966.0,43482.0,2.0,1.0,2013.8689497716894,83.0,18.0,1.0,32.0,6.0,3.0,28.0,3.0,2.0,0.0,4.0,6.0,3.0,11.0,Graduation,Together,0,0,0,0,0,0,0
1955.0,49667.0,0.0,0.0,2012.6381278538813,35.0,1181.0,26.0,120.0,17.0,13.0,39.0,2.0,5.0,10.0,5.0,8.0,3.0,11.0,PhD,Single,1,0,0,0,0,0,1
1983.0,28427.0,1.0,0.0,2013.2242009132422,67.0,18.0,3.0,19.0,3.0,3.0,6.0,2.0,2.0,0.0,3.0,8.0,3.0,11.0,Graduation,Together,0,0,0,0,0,0,0
1958.0,48192.0,0.0,0.0,2013.2664383561644,76.0,1039.0,43.0,204.0,153.0,58.0,29.0,3.0,2.0,8.0,12.0,8.0,3.0,11.0,Graduation,Married,0,1,0,1,0,1,1
1954.0,65324.0,0.0,1.0,2014.0301369863014,0.0,384.0,0.0,102.0,21.0,32.0,5.0,3.0,6.0,2.0,9.0,4.0,3.0,11.0,PhD,Married,0,0,0,0,0,0,0
1957.0,65486.0,0.0,1.0,2014.366210045662,29.0,245.0,19.0,125.0,37.0,67.0,14.0,1.0,4.0,2.0,10.0,2.0,3.0,11.0,Graduation,Widow,0,0,0,0,0,0,0
1963.0,72968.0,0.0,0.0,2013.9605022831051,8.0,1092.0,37.0,592.0,145.0,37.0,55.0,1.0,5.0,5.0,8.0,3.0,3.0,11.0,PhD,Divorced,0,0,0,1,0,0,1
1954.0,50501.0,1.0,1.0,2013.4659817351599,10.0,297.0,0.0,38.0,13.0,0.0,152.0,7.0,5.0,4.0,4.0,6.0,3.0,11.0,Graduation,Married,1,0,0,0,0,0,1
1978.0,,0.0,0.0,2012.616210045662,53.0,32.0,2.0,1607.0,12.0,4.0,22.0,0.0,0.0,0.0,1.0,0.0,3.0,11.0,2n Cycle,Together,0,1,0,0,0,0,0
1972.0,36026.0,2.0,1.0,2014.2105022831051,34.0,20.0,4.0,10.0,6.0,4.0,17.0,2.0,2.0,0.0,3.0,6.0,3.0,11.0,Graduation,Married,0,0,0,0,0,0,0
1973.0,31163.0,1.0,0.0,2014.1189497716894,54.0,2.0,3.0,10.0,11.0,2.0,10.0,1.0,1.0,0.0,3.0,6.0,3.0,11.0,2n Cycle,Divorced,0,0,0,0,0,0,0
1964.0,81246.0,0.0,0.0,2013.9961187214612,87.0,398.0,190.0,537.0,61.0,156.0,37.0,1.0,4.0,5.0,7.0,1.0,3.0,11.0,Graduation,Single,1,0,0,1,0,0,0
1975.0,52614.0,0.0,1.0,2012.919406392694,63.0,789.0,0.0,142.0,12.0,9.0,38.0,2.0,2.0,4.0,8.0,8.0,3.0,11.0,PhD,Single,0,0,0,0,0,0,0
1970.0,62466.0,0.0,1.0,2014.041095890411,13.0,129.0,129.0,259.0,168.0,121.0,83.0,5.0,6.0,3.0,12.0,4.0,3.0,11.0,2n Cycle,Married,0,0,0,0,0,0,0
1969.0,40590.0,1.0,1.0,2013.7554794520547,30.0,154.0,0.0,50.0,6.0,11.0,37.0,5.0,3.0,4.0,3.0,6.0,3.0,11.0,Graduation,Widow,1,0,0,0,0,0,0
1971.0,34600.0,1.0,1.0,2013.0027397260274,8.0,199.0,33.0,60.0,8.0,3.0,15.0,5.0,5.0,2.0,5.0,8.0,3.0,11.0,Graduation,Together,0,0,0,0,0,0,1
1989.0,33996.0,0.0,0.0,2013.6968036529681,46.0,40.0,2.0,15.0,8.0,0.0,6.0,1.0,1.0,1.0,3.0,4.0,3.0,11.0,PhD,Single,0,0,0,0,0,0,0
1959.0,34554.0,0.0,1.0,2014.2488584474886,43.0,41.0,1.0,6.0,2.0,0.0,5.0,2.0,2.0,0.0,3.0,6.0,3.0,11.0,PhD,Single,0,0,0,0,0,0,0
1953.0,48794.0,1.0,1.0,2014.4878995433792,97.0,25.0,0.0,11.0,3.0,0.0,15.0,1.0,1.0,0.0,3.0,4.0,3.0,11.0,Graduation,Together,0,0,0,0,0,0,0
1952.0,43776.0,1.0,1.0,2013.0915525114156,9.0,177.0,2.0,71.0,3.0,2.0,20.0,6.0,5.0,2.0,4.0,8.0,3.0,11.0,Master,Together,0,0,0,0,0,0,1
1966.0,34704.0,0.0,1.0,2013.3239726027398,65.0,29.0,0.0,5.0,0.0,1.0,5.0,1.0,1.0,0.0,3.0,5.0,3.0,11.0,Graduation,Single,0,0,0,0,0,0,0
1973.0,26228.0,1.0,0.0,2013.7269406392695,50.0,2.0,6.0,4.0,3.0,1.0,9.0,1.0,1.0,0.0,2.0,8.0,3.0,11.0,Graduation,Married,0,0,0,0,0,0,0
1964.0,62905.0,0.0,1.0,2013.6940639269408,68.0,166.0,75.0,96.0,119.0,107.0,59.0,3.0,7.0,2.0,8.0,4.0,3.0,11.0,2n Cycle,Married,0,0,0,0,0,0,0
1978.0,38593.0,1.0,0.0,2013.7022831050228,42.0,51.0,12.0,49.0,17.0,24.0,24.0,3.0,4.0,1.0,3.0,8.0,3.0,11.0,2n Cycle,Single,0,0,0,0,0,0,0
1982.0,38513.0,1.0,0.0,2014.0767123287671,20.0,172.0,3.0,115.0,16.0,0.0,18.0,5.0,6.0,1.0,5.0,8.0,3.0,11.0,PhD,Single,0,0,0,0,0,0,1
1980.0,16005.0,1.0,0.0,2012.6216894977167,69.0,1.0,3.0,2.0,20.0,30.0,47.0,3.0,2.0,1.0,2.0,8.0,3.0,11.0,Basic,Married,0,0,0,0,0,0,0
1972.0,30261.0,1.0,2.0,2012.7351598173516,75.0,8.0,0.0,5.0,0.0,3.0,6.0,1.0,0.0,0.0,3.0,8.0,3.0,11.0,Graduation,Together,0,0,0,0,0,0,0
1976.0,70893.0,0.0,0.0,2013.0997716894976,42.0,768.0,44.0,561.0,77.0,44.0,14.0,1.0,6.0,6.0,10.0,3.0,3.0,11.0,Master,Single,0,0,0,0,0,0,0
1969.0,43142.0,1.0,1.0,2014.1326484018264,84.0,5.0,1.0,7.0,2.0,1.0,4.0,1.0,1.0,0.0,2.0,7.0,3.0,11.0,Master,Married,0,0,0,0,0,0,0
1966.0,78420.0,0.0,0.0,2013.4961187214612,75.0,604.0,28.0,674.0,91.0,28.0,28.0,1.0,3.0,10.0,8.0,1.0,3.0,11.0,PhD,Single,0,0,0,0,0,0,0
1986.0,71952.0,1.0,0.0,2013.027397260274,93.0,656.0,80.0,455.0,52.0,107.0,93.0,2.0,8.0,4.0,8.0,4.0,3.0,11.0,Graduation,Married,1,0,1,0,0,0,0
1964.0,82224.0,0.0,0.0,2014.0684931506848,83.0,307.0,26.0,360.0,138.0,31.0,40.0,1.0,6.0,9.0,5.0,3.0,3.0,11.0,Graduation,Married,0,0,0,1,0,0,0
1969.0,65747.0,0.0,1.0,2014.1858447488585,96.0,346.0,17.0,48.0,23.0,13.0,13.0,4.0,8.0,1.0,6.0,6.0,3.0,11.0,Graduation,Married,0,1,0,0,0,0,0
1958.0,50520.0,0.0,1.0,2014.0767123287671,25.0,112.0,0.0,6.0,2.0,1.0,14.0,2.0,3.0,1.0,3.0,6.0,3.0,11.0,PhD,Widow,0,0,0,0,0,0,0
1986.0,80141.0,0.0,0.0,2013.0301369863014,20.0,1184.0,102.0,673.0,52.0,40.0,40.0,1.0,7.0,4.0,10.0,6.0,3.0,11.0,Master,Married,0,0,1,0,0,0,1
1952.0,62998.0,0.0,1.0,2013.7488584474886,10.0,120.0,58.0,73.0,65.0,89.0,58.0,5.0,5.0,4.0,5.0,5.0,3.0,11.0,Graduation,Married,0,0,0,0,0,0,0
1973.0,78901.0,0.0,1.0,2013.7132420091325,99.0,321.0,11.0,309.0,33.0,26.0,34.0,3.0,9.0,3.0,5.0,4.0,3.0,11.0,Graduation,Divorced,0,0,0,0,0,0,0
1968.0,55954.0,0.0,1.0,2014.174885844749,63.0,447.0,0.0,28.0,0.0,0.0,43.0,3.0,8.0,2.0,6.0,7.0,3.0,11.0,PhD,Married,0,0,0,0,0,0,0
1992.0,34935.0,0.0,0.0,2013.4742009132422,71.0,34.0,4.0,66.0,3.0,10.0,20.0,1.0,2.0,1.0,4.0,7.0,3.0,11.0,Graduation,Married,0,0,0,0,0,0,0
1947.0,77457.0,0.0,0.0,2014.1803652968038,85.0,675.0,11.0,400.0,15.0,45.0,11.0,1.0,2.0,5.0,10.0,1.0,3.0,11.0,Graduation,Single,0,0,1,0,0,0,0
1967.0,77766.0,0.0,1.0,2013.143607305936,97.0,1004.0,59.0,265.0,115.0,59.0,27.0,2.0,11.0,10.0,11.0,6.0,3.0,11.0,PhD,Married,1,0,0,0,0,0,1
1970.0,69016.0,0.0,1.0,2012.893607305936,61.0,726.0,53.0,363.0,123.0,107.0,161.0,4.0,8.0,9.0,13.0,5.0,3.0,11.0,Graduation,Married,0,0,0,0,0,0,0
1957.0,66726.0,1.0,1.0,2014.0328767123287,61.0,349.0,7.0,35.0,0.0,0.0,47.0,3.0,8.0,2.0,4.0,7.0,3.0,11.0,Master,Married,0,1,0,0,0,0,0
1969.0,4428.0,0.0,1.0,2013.763698630137,0.0,16.0,4.0,12.0,2.0,4.0,321.0,0.0,25.0,0.0,0.0,1.0,3.0,11.0,Graduation,Married,0,0,0,0,0,0,0
1976.0,78416.0,0.0,1.0,2014.4906392694065,99.0,453.0,38.0,279.0,188.0,38.0,183.0,2.0,7.0,7.0,10.0,3.0,3.0,11.0,Graduation,Together,0,0,0,0,0,0,0
1976.0,36283.0,1.0,1.0,2014.2883561643835,42.0,6.0,5.0,5.0,8.0,0.0,5.0,2.0,1.0,0.0,3.0,4.0,3.0,11.0,Graduation,Together,0,0,0,0,0,0,0
1954.0,90933.0,0.0,0.0,2014.251598173516,90.0,1020.0,31.0,430.0,62.0,63.0,79.0,1.0,4.0,6.0,4.0,1.0,3.0,11.0,PhD,Single,0,0,1,0,0,0,0
1941.0,93027.0,0.0,0.0,2013.285616438356,77.0,1285.0,42.0,716.0,55.0,0.0,21.0,0.0,7.0,10.0,5.0,2.0,3.0,11.0,PhD,Married,0,0,1,0,0,0,0
1972.0,42394.0,1.0,0.0,2014.2296803652969,69.0,15.0,2.0,10.0,0.0,1.0,4.0,1.0,1.0,0.0,3.0,7.0,3.0,11.0,Master,Single,0,0,0,0,0,0,0
1968.0,35893.0,1.0,1.0,2012.791095890411,80.0,158.0,0.0,23.0,0.0,0.0,18.0,6.0,3.0,1.0,5.0,8.0,3.0,11.0,Graduation,Single,0,0,0,0,0,0,0
1968.0,63967.0,0.0,1.0,2013.60799086758,57.0,387.0,84.0,141.0,73.0,35.0,162.0,3.0,4.0,4.0,12.0,2.0,3.0,11.0,Graduation,Married,0,0,0,0,0,0,0
1987.0,30390.0,0.0,0.0,2013.6721461187215,5.0,10.0,12.0,12.0,25.0,1.0,20.0,1.0,2.0,0.0,3.0,6.0,3.0,11.0,2n Cycle,Married,0,0,0,0,0,0,0
1956.0,46984.0,1.0,1.0,2013.2378995433792,71.0,19.0,1.0,10.0,2.0,1.0,8.0,1.0,1.0,0.0,3.0,5.0,3.0,11.0,Graduation,Widow,0,0,0,0,0,0,0
1972.0,59666.0,1.0,1.0,2013.2269406392695,87.0,623.0,53.0,178.0,23.0,17.0,133.0,7.0,3.0,2.0,8.0,8.0,3.0,11.0,Graduation,Married,0,1,0,0,0,0,0
1965.0,48006.0,1.0,1.0,2014.4413242009134,55.0,23.0,0.0,11.0,3.0,2.0,2.0,1.0,1.0,0.0,3.0,6.0,3.0,11.0,Graduation,Married,0,0,0,0,0,0,0
1970.0,77622.0,0.0,2.0,2014.2883561643835,3.0,520.0,7.0,154.0,19.0,0.0,14.0,2.0,6.0,3.0,11.0,3.0,3.0,11.0,PhD,Together,0,0,0,0,0,0,0
1985.0,21355.0,1.0,0.0,2013.6381278538813,5.0,5.0,13.0,14.0,0.0,5.0,31.0,2.0,2.0,1.0,2.0,6.0,3.0,11.0,Graduation,Married,1,0,0,0,0,0,1
1989.0,81217.0,0.0,0.0,2013.5520547945205,77.0,493.0,70.0,324.0,146.0,40.0,84.0,1.0,3.0,7.0,11.0,1.0,3.0,11.0,Graduation,Single,0,0,0,0,0,0,0
1980.0,80011.0,0.0,1.0,2013.3294520547945,3.0,421.0,76.0,536.0,82.0,178.0,102.0,2.0,8.0,6.0,5.0,4.0,3.0,11.0,Graduation,Married,0,0,0,0,0,0,0
1961.0,80950.0,0.0,0.0,2013.2433789954339,44.0,525.0,147.0,112.0,219.0,147.0,63.0,1.0,6.0,7.0,9.0,2.0,3.0,11.0,Master,Married,0,0,0,1,0,0,0
1966.0,48877.0,0.0,1.0,2014.013698630137,27.0,102.0,1.0,15.0,2.0,0.0,24.0,1.0,3.0,0.0,4.0,7.0,3.0,11.0,Graduation,Divorced,0,0,0,0,0,0,0
1959.0,53154.0,0.0,1.0,2014.4413242009134,50.0,129.0,0.0,21.0,0.0,1.0,7.0,1.0,3.0,1.0,4.0,4.0,3.0,11.0,Graduation,Married,0,0,0,0,0,0,0
1968.0,56534.0,0.0,1.0,2013.5630136986301,35.0,691.0,7.0,61.0,10.0,0.0,46.0,4.0,10.0,4.0,7.0,8.0,3.0,11.0,Graduation,Together,0,1,0,0,0,1,1
1995.0,80617.0,0.0,0.0,2012.7828767123287,42.0,594.0,51.0,631.0,72.0,55.0,32.0,1.0,4.0,6.0,8.0,2.0,3.0,11.0,2n Cycle,Single,0,0,0,0,0,0,0
1957.0,55267.0,0.0,1.0,2013.8075342465754,28.0,161.0,28.0,136.0,32.0,3.0,45.0,4.0,3.0,4.0,6.0,3.0,3.0,11.0,Graduation,Married,0,0,0,0,0,0,0
1959.0,44911.0,0.0,1.0,2013.2077625570778,11.0,159.0,0.0,22.0,2.0,1.0,31.0,3.0,4.0,1.0,4.0,7.0,3.0,11.0,Graduation,Together,0,0,0,0,0,0,0
1963.0,41003.0,0.0,0.0,2013.2132420091325,11.0,123.0,133.0,142.0,71.0,44.0,88.0,1.0,6.0,2.0,8.0,6.0,3.0,11.0,PhD,Divorced,0,0,0,0,0,0,0
1979.0,30545.0,1.0,0.0,2012.7965753424658,71.0,4.0,12.0,15.0,19.0,7.0,12.0,2.0,2.0,0.0,3.0,7.0,3.0,11.0,Graduation,Together,0,0,0,0,0,0,0
1973.0,37401.0,1.0,0.0,2014.3497716894976,14.0,19.0,3.0,19.0,3.0,1.0,3.0,2.0,2.0,0.0,3.0,7.0,3.0,11.0,PhD,Married,0,0,0,0,0,0,0
1968.0,70566.0,0.0,1.0,2013.7664383561644,4.0,381.0,28.0,215.0,84.0,28.0,21.0,2.0,6.0,5.0,9.0,3.0,3.0,11.0,Graduation,Single,0,0,0,0,0,0,0
1987.0,21063.0,1.0,0.0,2013.7351598173516,34.0,1.0,10.0,11.0,19.0,3.0,15.0,2.0,2.0,0.0,3.0,6.0,3.0,11.0,Basic,Single,0,0,0,0,0,0,0
1987.0,22434.0,1.0,0.0,2013.1189497716894,25.0,4.0,12.0,11.0,3.0,13.0,15.0,2.0,2.0,0.0,3.0,8.0,3.0,11.0,Graduation,Together,0,0,0,0,0,0,0
1960.0,58401.0,0.0,1.0,2014.304794520548,55.0,10.0,0.0,11.0,17.0,29.0,29.0,1.0,1.0,2.0,2.0,4.0,3.0,11.0,Graduation,Divorced,0,0,0,0,0,0,0
1974.0,72099.0,0.0,0.0,2012.8239726027398,18.0,546.0,91.0,410.0,119.0,0.0,22.0,1.0,3.0,4.0,10.0,1.0,3.0,11.0,Graduation,Married,0,0,0,0,0,0,0
1970.0,54137.0,0.0,1.0,2013.6271689497717,46.0,171.0,0.0,11.0,0.0,1.0,20.0,2.0,4.0,1.0,4.0,6.0,3.0,11.0,Graduation,Divorced,0,0,0,0,0,0,0
1980.0,69508.0,1.0,0.0,2012.8716894977167,48.0,824.0,32.0,162.0,42.0,32.0,43.0,2.0,11.0,4.0,11.0,6.0,3.0,11.0,Graduation,Together,0,0,0,0,0,0,0
1972.0,42618.0,1.0,0.0,2013.7746575342467,92.0,76.0,14.0,74.0,13.0,5.0,10.0,2.0,5.0,0.0,4.0,8.0,3.0,11.0,Master,Divorced,0,0,0,0,0,0,0
1951.0,40689.0,0.0,1.0,2013.2159817351599,69.0,270.0,3.0,27.0,39.0,6.0,99.0,7.0,7.0,1.0,5.0,8.0,3.0,11.0,Graduation,Together,0,0,0,0,0,0,0
1966.0,38179.0,1.0,1.0,2013.2050228310502,30.0,38.0,4.0,22.0,4.0,2.0,20.0,4.0,3.0,1.0,3.0,7.0,3.0,11.0,Master,Married,0,0,0,0,0,0,0
1973.0,63516.0,1.0,1.0,2013.5164383561644,30.0,141.0,11.0,114.0,15.0,14.0,5.0,4.0,4.0,1.0,7.0,5.0,3.0,11.0,PhD,Together,0,0,0,0,0,0,0
1976.0,37697.0,1.0,0.0,2014.102511415525,82.0,34.0,6.0,21.0,11.0,4.0,8.0,1.0,2.0,1.0,3.0,6.0,3.0,11.0,Graduation,Single,0,0,0,0,0,0,0
1970.0,75345.0,0.0,0.0,2013.088812785388,16.0,918.0,57.0,842.0,99.0,38.0,133.0,1.0,5.0,8.0,6.0,3.0,3.0,11.0,Master,Single,0,0,0,1,0,0,1
1989.0,25443.0,1.0,0.0,2012.9769406392695,82.0,1.0,4.0,3.0,8.0,9.0,7.0,1.0,1.0,0.0,3.0,8.0,3.0,11.0,Basic,Married,0,0,0,0,0,0,0
1983.0,82025.0,0.0,0.0,2013.4100456621004,76.0,267.0,98.0,606.0,48.0,70.0,98.0,1.0,3.0,2.0,6.0,1.0,3.0,11.0,Graduation,Divorced,0,0,1,0,0,0,1
1978.0,41580.0,1.0,1.0,2012.9440639269408,15.0,56.0,5.0,24.0,4.0,0.0,3.0,3.0,2.0,1.0,3.0,5.0,3.0,11.0,Graduation,Together,0,0,0,0,0,0,0
1973.0,33471.0,1.0,0.0,2012.7828767123287,47.0,43.0,2.0,27.0,0.0,9.0,12.0,3.0,3.0,0.0,4.0,7.0,3.0,11.0,Graduation,Married,0,0,0,0,0,0,0
1963.0,,0.0,1.0,2013.6134703196346,96.0,231.0,65.0,196.0,38.0,71.0,124.0,1.0,6.0,5.0,7.0,4.0,3.0,11.0,Graduation,Married,0,0,0,0,0,0,0
1976.0,30992.0,1.0,0.0,2013.3102739726028,83.0,17.0,0.0,14.0,7.0,3.0,2.0,1.0,1.0,0.0,3.0,7.0,3.0,11.0,Graduation,Divorced,0,0,0,0,0,0,0
1959.0,75032.0,0.0,1.0,2013.3267123287671,74.0,952.0,12.0,180.0,47.0,12.0,12.0,2.0,5.0,4.0,9.0,3.0,3.0,11.0,PhD,Married,0,0,0,0,0,0,0
1972.0,57091.0,0.0,1.0,2012.8963470319634,82.0,462.0,0.0,24.0,6.0,0.0,4.0,2.0,9.0,2.0,5.0,7.0,3.0,11.0,PhD,Married,0,1,0,0,0,0,1
1975.0,60631.0,1.0,1.0,2013.263698630137,88.0,565.0,6.0,65.0,0.0,6.0,19.0,5.0,9.0,2.0,8.0,7.0,3.0,11.0,PhD,Married,0,1,0,0,0,0,0
1979.0,90300.0,0.0,0.0,2014.0082191780823,7.0,594.0,134.0,786.0,33.0,134.0,57.0,0.0,5.0,6.0,8.0,1.0,3.0,11.0,Graduation,Together,0,0,1,0,0,0,0
1978.0,38557.0,1.0,0.0,2012.9687214611872,17.0,76.0,3.0,31.0,4.0,4.0,27.0,2.0,3.0,1.0,3.0,7.0,3.0,11.0,Graduation,Single,0,0,0,0,0,0,0
1986.0,26576.0,1.0,0.0,2012.785616438356,40.0,10.0,0.0,8.0,0.0,0.0,9.0,1.0,1.0,0.0,2.0,9.0,3.0,11.0,Graduation,Single,1,0,0,0,0,0,1
1991.0,49767.0,0.0,0.0,2013.338812785388,92.0,202.0,47.0,197.0,55.0,42.0,149.0,1.0,5.0,4.0,8.0,4.0,3.0,11.0,Graduation,Single,0,0,0,0,0,0,0
1963.0,49980.0,0.0,1.0,2013.8130136986301,79.0,104.0,1.0,54.0,13.0,9.0,14.0,2.0,3.0,1.0,5.0,5.0,3.0,11.0,Graduation,Single,0,0,0,0,0,0,0
1963.0,64191.0,0.0,1.0,2013.0602739726028,30.0,420.0,15.0,186.0,151.0,38.0,15.0,3.0,5.0,3.0,13.0,3.0,3.0,11.0,Master,Single,0,0,0,0,0,0,0
1979.0,60152.0,0.0,1.0,2013.2433789954339,6.0,325.0,83.0,300.0,86.0,58.0,91.0,1.0,6.0,4.0,12.0,3.0,3.0,11.0,Graduation,Single,0,0,0,0,0,0,0
1968.0,61314.0,0.0,1.0,2013.3184931506848,1.0,378.0,0.0,189.0,97.0,172.0,172.0,2.0,5.0,5.0,12.0,3.0,3.0,11.0,Graduation,Married,0,0,0,0,0,0,0
1963.0,80695.0,0.0,0.0,2013.9961187214612,85.0,557.0,129.0,984.0,193.0,37.0,18.0,1.0,5.0,8.0,5.0,2.0,3.0,11.0,Graduation,Single,0,0,0,0,0,0,0
1972.0,27213.0,1.0,0.0,2012.6655251141551,19.0,19.0,3.0,26.0,10.0,9.0,3.0,3.0,2.0,0.0,4.0,8.0,3.0,11.0,PhD,Single,0,0,0,0,0,0,1
1978.0,41014.0,1.0,0.0,2013.3102739726028,65.0,7.0,2.0,6.0,2.0,0.0,3.0,1.0,1.0,0.0,2.0,7.0,3.0,11.0,PhD,Married,0,0,0,0,0,0,0
1987.0,18227.0,1.0,0.0,2012.8552511415523,21.0,1.0,2.0,7.0,4.0,3.0,11.0,1.0,0.0,1.0,2.0,8.0,3.0,11.0,Graduation,Together,0,0,0,0,0,0,0
1951.0,72282.0,0.0,0.0,2013.5520547945205,70.0,503.0,27.0,419.0,90.0,139.0,153.0,1.0,5.0,7.0,9.0,7.0,3.0,11.0,Graduation,Single,0,0,0,0,0,0,1
1962.0,72828.0,0.0,1.0,2013.1216894977167,17.0,1205.0,0.0,235.0,19.0,14.0,205.0,6.0,6.0,3.0,13.0,7.0,3.0,11.0,Master,Married,0,0,0,0,0,0,0
1955.0,58482.0,0.0,1.0,2014.1995433789955,59.0,576.0,7.0,115.0,19.0,7.0,7.0,2.0,7.0,4.0,9.0,6.0,3.0,11.0,PhD,Married,0,1,0,0,0,0,0
1981.0,54386.0,0.0,1.0,2013.379908675799,8.0,277.0,21.0,64.0,62.0,21.0,25.0,2.0,3.0,2.0,10.0,3.0,3.0,11.0,Graduation,Married,0,0,0,0,0,0,0
1970.0,65706.0,0.0,0.0,2013.4933789954339,77.0,918.0,10.0,129.0,13.0,0.0,129.0,1.0,11.0,3.0,12.0,7.0,3.0,11.0,2n Cycle,Divorced,0,1,1,0,0,1,1
1978.0,36550.0,1.0,0.0,2013.1353881278537,74.0,47.0,90.0,94.0,123.0,103.0,120.0,5.0,9.0,1.0,5.0,9.0,3.0,11.0,2n Cycle,Married,0,0,0,0,0,0,0
1983.0,36075.0,1.0,0.0,2013.9413242009134,54.0,46.0,0.0,30.0,12.0,1.0,30.0,1.0,2.0,0.0,4.0,6.0,3.0,11.0,Graduation,Together,0,0,0,0,0,0,0
1965.0,23478.0,0.0,0.0,2013.2187214611872,51.0,28.0,6.0,27.0,12.0,17.0,39.0,1.0,3.0,0.0,3.0,8.0,3.0,11.0,Graduation,Single,0,0,0,0,0,0,0
1973.0,79593.0,0.0,0.0,2014.366210045662,70.0,350.0,60.0,568.0,110.0,133.0,145.0,1.0,5.0,6.0,7.0,2.0,3.0,11.0,Graduation,Married,0,0,1,0,0,0,0
1980.0,14515.0,1.0,0.0,2012.85799086758,71.0,6.0,4.0,9.0,6.0,36.0,35.0,4.0,2.0,2.0,3.0,7.0,3.0,11.0,2n Cycle,Together,0,0,0,0,0,0,1
1974.0,63159.0,0.0,0.0,2012.8470319634703,74.0,965.0,34.0,586.0,89.0,86.0,37.0,1.0,3.0,5.0,8.0,3.0,3.0,11.0,PhD,Single,1,0,0,0,0,0,0
1981.0,58293.0,1.0,0.0,2014.0520547945205,94.0,173.0,43.0,118.0,46.0,27.0,15.0,5.0,5.0,3.0,6.0,5.0,3.0,11.0,PhD,Married,0,0,0,0,0,0,0
1971.0,49505.0,1.0,1.0,2013.1803652968038,4.0,604.0,0.0,100.0,19.0,0.0,28.0,9.0,10.0,2.0,8.0,8.0,3.0,11.0,Master,Married,0,0,0,0,0,0,0
1943.0,75865.0,0.0,0.0,2014.251598173516,73.0,483.0,0.0,591.0,156.0,0.0,12.0,1.0,3.0,5.0,10.0,1.0,3.0,11.0,PhD,Married,0,0,0,0,0,0,0
1973.0,44051.0,1.0,1.0,2013.0794520547945,20.0,79.0,7.0,58.0,6.0,3.0,18.0,4.0,3.0,1.0,4.0,6.0,3.0,11.0,Master,Divorced,0,0,0,0,0,0,1
1957.0,50388.0,0.0,1.0,2014.4100456621004,3.0,292.0,6.0,37.0,0.0,3.0,34.0,4.0,6.0,1.0,6.0,7.0,3.0,11.0,Graduation,Single,0,1,0,1,0,0,1
1988.0,16248.0,1.0,0.0,2014.3607305936073,77.0,12.0,11.0,10.0,3.0,12.0,9.0,3.0,2.0,1.0,3.0,6.0,3.0,11.0,2n Cycle,Married,0,0,0,0,0,0,0
1963.0,33562.0,1.0,2.0,2014.4851598173516,33.0,21.0,12.0,12.0,0.0,3.0,3.0,3.0,2.0,0.0,4.0,4.0,3.0,11.0,Master,Married,0,0,0,0,0,0,0
1979.0,62499.0,1.0,0.0,2013.9413242009134,0.0,140.0,4.0,61.0,0.0,13.0,4.0,2.0,3.0,1.0,6.0,4.0,3.0,11.0,Master,Together,0,0,0,0,0,0,0
1948.0,42192.0,0.0,0.0,2013.6831050228311,40.0,40.0,15.0,15.0,17.0,6.0,7.0,1.0,2.0,1.0,3.0,4.0,3.0,11.0,Graduation,Married,0,0,0,0,0,0,0
1984.0,16529.0,1.0,0.0,2014.169406392694,23.0,3.0,0.0,5.0,13.0,0.0,1.0,1.0,1.0,0.0,3.0,6.0,3.0,11.0,Graduation,Together,0,0,0,0,0,0,0
1953.0,69267.0,0.0,0.0,2012.7269406392695,31.0,778.0,44.0,499.0,95.0,73.0,146.0,2.0,3.0,4.0,5.0,7.0,3.0,11.0,Graduation,Single,0,0,0,0,0,0,1
1974.0,26067.0,1.0,0.0,2013.844292237443,49.0,22.0,2.0,18.0,0.0,2.0,12.0,3.0,3.0,0.0,3.0,8.0,3.0,11.0,Graduation,Married,0,0,0,0,0,0,0
1969.0,62187.0,0.0,1.0,2014.2269406392695,38.0,512.0,0.0,83.0,0.0,0.0,41.0,3.0,6.0,2.0,10.0,4.0,3.0,11.0,PhD,Widow,0,0,0,0,0,0,0
1973.0,42429.0,0.0,1.0,2014.1134703196346,99.0,55.0,0.0,6.0,2.0,0.0,4.0,2.0,1.0,1.0,3.0,5.0,3.0,11.0,Graduation,Widow,0,0,0,0,0,0,0
1984.0,70643.0,0.0,0.0,2012.791095890411,66.0,1218.0,107.0,304.0,23.0,143.0,33.0,1.0,5.0,8.0,4.0,6.0,3.0,11.0,PhD,Married,0,0,0,0,0,0,1
1962.0,57967.0,0.0,1.0,2013.174885844749,39.0,229.0,7.0,137.0,4.0,0.0,91.0,5.0,4.0,2.0,8.0,5.0,3.0,11.0,Graduation,Single,0,0,0,0,0,0,0
1992.0,92859.0,0.0,0.0,2012.8020547945205,46.0,962.0,61.0,921.0,52.0,61.0,20.0,1.0,5.0,4.0,12.0,2.0,3.0,11.0,Master,Single,0,0,0,0,0,0,0
1958.0,51518.0,0.0,1.0,2013.7582191780823,92.0,350.0,8.0,66.0,17.0,4.0,4.0,2.0,3.0,2.0,10.0,3.0,3.0,11.0,PhD,Together,0,0,0,0,0,0,0
1977.0,57954.0,1.0,1.0,2014.4659817351599,52.0,456.0,4.0,24.0,0.0,0.0,9.0,7.0,8.0,2.0,6.0,7.0,3.0,11.0,Master,Together,0,1,0,0,0,0,0
1961.0,84865.0,0.0,0.0,2013.35799086758,1.0,1248.0,16.0,349.0,43.0,16.0,16.0,1.0,2.0,4.0,9.0,4.0,3.0,11.0,PhD,Single,0,1,1,1,0,1,1
1962.0,72217.0,0.0,0.0,2013.277397260274,93.0,816.0,42.0,450.0,55.0,56.0,154.0,1.0,3.0,10.0,8.0,2.0,3.0,11.0,Master,Single,0,0,0,0,0,0,0
1969.0,14045.0,1.0,0.0,2014.0712328767124,24.0,11.0,0.0,5.0,2.0,1.0,1.0,1.0,1.0,0.0,3.0,7.0,3.0,11.0,Graduation,Married,0,0,0,0,0,0,0
1966.0,67272.0,0.0,1.0,2013.9742009132422,12.0,357.0,35.0,271.0,28.0,28.0,14.0,3.0,6.0,2.0,12.0,5.0,3.0,11.0,Graduation,Divorced,0,0,0,0,0,0,0
1980.0,76412.0,0.0,0.0,2013.3470319634703,15.0,840.0,53.0,804.0,23.0,71.0,17.0,1.0,5.0,4.0,8.0,3.0,3.0,11.0,PhD,Single,0,0,1,1,0,0,1
1959.0,65492.0,0.0,0.0,2014.0712328767124,73.0,247.0,161.0,295.0,210.0,85.0,47.0,2.0,4.0,7.0,13.0,2.0,3.0,11.0,Graduation,Married,0,0,0,0,0,0,0
1989.0,18358.0,1.0,0.0,2013.8881278538813,49.0,6.0,8.0,19.0,16.0,4.0,4.0,3.0,3.0,0.0,4.0,7.0,3.0,11.0,Graduation,Single,0,0,0,0,0,0,0
1982.0,28567.0,1.0,0.0,2013.4632420091325,57.0,11.0,3.0,22.0,2.0,2.0,6.0,2.0,2.0,0.0,3.0,6.0,3.0,11.0,Graduation,Single,0,0,0,0,0,0,0
1976.0,13624.0,1.0,0.0,2013.054794520548,93.0,10.0,2.0,15.0,2.0,1.0,6.0,2.0,2.0,0.0,3.0,6.0,3.0,11.0,Graduation,Married,0,0,0,0,0,0,0
1958.0,49967.0,0.0,1.0,2013.521917808219,4.0,212.0,6.0,69.0,4.0,12.0,3.0,3.0,6.0,1.0,5.0,7.0,3.0,11.0,Graduation,Single,0,0,0,0,0,0,0
1988.0,13724.0,1.0,0.0,2012.6682648401825,43.0,2.0,7.0,5.0,2.0,15.0,27.0,1.0,2.0,0.0,2.0,9.0,3.0,11.0,Basic,Together,1,0,0,0,0,0,0
1985.0,37929.0,0.0,0.0,2013.5821917808219,49.0,202.0,2.0,46.0,3.0,2.0,10.0,2.0,4.0,2.0,5.0,7.0,3.0,11.0,PhD,Single,0,1,0,1,0,0,1
1954.0,46734.0,0.0,1.0,2012.8826484018264,40.0,110.0,5.0,137.0,26.0,23.0,29.0,2.0,6.0,1.0,5.0,7.0,3.0,11.0,Graduation,Married,0,0,0,0,0,0,0
1954.0,77972.0,0.0,0.0,2014.2159817351599,18.0,613.0,22.0,319.0,33.0,102.0,12.0,1.0,4.0,6.0,9.0,1.0,3.0,11.0,Graduation,Together,0,0,0,0,0,0,0
1979.0,24594.0,1.0,0.0,2013.9440639269408,94.0,1.0,3.0,6.0,10.0,0.0,9.0,1.0,1.0,0.0,3.0,5.0,3.0,11.0,Basic,Together,0,0,0,0,0,0,0
1969.0,68695.0,0.0,0.0,2014.4851598173516,3.0,458.0,81.0,356.0,106.0,50.0,40.0,1.0,4.0,4.0,7.0,2.0,3.0,11.0,Graduation,Together,0,0,0,0,0,0,0
1961.0,82014.0,0.0,0.0,2012.6381278538813,48.0,980.0,37.0,265.0,35.0,163.0,31.0,1.0,3.0,6.0,12.0,6.0,3.0,11.0,Graduation,Single,0,0,0,0,0,0,1
1960.0,39228.0,0.0,0.0,2013.3607305936073,1.0,7.0,1.0,6.0,0.0,3.0,3.0,1.0,0.0,0.0,3.0,4.0,3.0,11.0,Master,Divorced,0,0,0,0,0,0,0
1984.0,23976.0,1.0,0.0,2013.9906392694065,68.0,14.0,1.0,21.0,2.0,3.0,25.0,3.0,3.0,1.0,3.0,7.0,3.0,11.0,Graduation,Together,0,0,0,0,0,0,0
1983.0,21840.0,1.0,0.0,2013.5575342465754,80.0,17.0,0.0,9.0,0.0,0.0,1.0,1.0,1.0,0.0,3.0,9.0,3.0,11.0,PhD,Together,0,0,0,0,0,0,0
1960.0,44512.0,1.0,1.0,2013.6655251141551,57.0,23.0,1.0,6.0,0.0,0.0,2.0,2.0,1.0,0.0,3.0,4.0,3.0,11.0,Graduation,Together,0,0,0,0,0,0,0
1971.0,36715.0,1.0,0.0,2012.879908675799,16.0,172.0,10.0,125.0,21.0,13.0,16.0,6.0,7.0,2.0,4.0,9.0,3.0,11.0,Graduation,Married,0,0,0,0,0,0,1
1950.0,82460.0,0.0,0.0,2013.9221461187215,78.0,255.0,47.0,573.0,52.0,32.0,15.0,1.0,5.0,3.0,6.0,1.0,3.0,11.0,Graduation,Divorced,0,0,0,0,0,0,0
1952.0,49638.0,0.0,1.0,2014.3020547945205,71.0,18.0,10.0,3.0,3.0,5.0,0.0,1.0,1.0,0.0,3.0,2.0,3.0,11.0,Graduation,Divorced,0,0,0,0,0,0,0
1965.0,81168.0,0.0,0.0,2014.352511415525,84.0,410.0,0.0,592.0,147.0,22.0,22.0,1.0,6.0,4.0,7.0,3.0,3.0,11.0,Graduation,Married,0,0,0,1,0,0,0
1976.0,79941.0,0.0,0.0,2014.4933789954339,72.0,123.0,164.0,266.0,227.0,30.0,174.0,1.0,2.0,4.0,9.0,1.0,3.0,11.0,Graduation,Single,0,0,0,0,0,0,0
1969.0,21918.0,1.0,0.0,2013.8716894977167,37.0,1.0,6.0,7.0,11.0,5.0,3.0,2.0,2.0,0.0,3.0,6.0,3.0,11.0,Graduation,Together,0,0,0,0,0,0,0
1977.0,85072.0,0.0,0.0,2014.2746575342467,94.0,494.0,92.0,391.0,194.0,11.0,241.0,1.0,3.0,4.0,10.0,0.0,3.0,11.0,Graduation,Single,0,0,0,0,0,0,0
1968.0,40521.0,1.0,1.0,2013.263698630137,82.0,12.0,0.0,5.0,0.0,0.0,4.0,1.0,0.0,1.0,2.0,5.0,3.0,11.0,Graduation,Together,0,0,0,0,0,0,0
